   0.0000000e+00   6.5157895e+01
   2.5000000e-01   6.4826099e+01
   5.0000000e-01   6.4496455e+01
   7.5000000e-01   6.4168948e+01
   1.0000000e+00   6.3843566e+01
   1.2500000e+00   6.3520295e+01
   1.5000000e+00   6.3199120e+01
   1.7500000e+00   6.2880028e+01
   2.0000000e+00   6.2563005e+01
   2.2500000e+00   6.2248039e+01
   2.5000000e+00   6.1935115e+01
   2.7500000e+00   6.1624221e+01
   3.0000000e+00   6.1315344e+01
   3.2500000e+00   6.1008469e+01
   3.5000000e+00   6.0703585e+01
   3.7500000e+00   6.0400679e+01
   4.0000000e+00   6.0099737e+01
   4.2500000e+00   5.9800746e+01
   4.5000000e+00   5.9503695e+01
   4.7500000e+00   5.9208571e+01
   5.0000000e+00   5.8915360e+01
   5.2500000e+00   5.8624052e+01
   5.5000000e+00   5.8334632e+01
   5.7500000e+00   5.8047090e+01
   6.0000000e+00   5.7761413e+01
   6.2500000e+00   5.7477588e+01
   6.5000000e+00   5.7195605e+01
   6.7500000e+00   5.6915450e+01
   7.0000000e+00   5.6637112e+01
   7.2500000e+00   5.6360579e+01
   7.5000000e+00   5.6085840e+01
   7.7500000e+00   5.5812883e+01
   8.0000000e+00   5.5541696e+01
   8.2500000e+00   5.5272268e+01
   8.5000000e+00   5.5004587e+01
   8.7500000e+00   5.4738643e+01
   9.0000000e+00   5.4474423e+01
   9.2500000e+00   5.4211917e+01
   9.5000000e+00   5.3951114e+01
   9.7500000e+00   5.3692002e+01
   1.0000000e+01   5.3434570e+01
   1.0250000e+01   5.3178809e+01
   1.0500000e+01   5.2924706e+01
   1.0750000e+01   5.2672251e+01
   1.1000000e+01   5.2421433e+01
   1.1250000e+01   5.2172242e+01
   1.1500000e+01   5.1924667e+01
   1.1750000e+01   5.1678698e+01
   1.2000000e+01   5.1434325e+01
   1.2250000e+01   5.1191536e+01
   1.2500000e+01   5.0950322e+01
   1.2750000e+01   5.0710672e+01
   1.3000000e+01   5.0472577e+01
   1.3250000e+01   5.0236026e+01
   1.3500000e+01   5.0001009e+01
   1.3750000e+01   4.9767516e+01
   1.4000000e+01   4.9535538e+01
   1.4250000e+01   4.9305064e+01
   1.4500000e+01   4.9076085e+01
   1.4750000e+01   4.8848591e+01
   1.5000000e+01   4.8622573e+01
   1.5250000e+01   4.8398020e+01
   1.5500000e+01   4.8174924e+01
   1.5750000e+01   4.7953275e+01
   1.6000000e+01   4.7733063e+01
   1.6250000e+01   4.7514280e+01
   1.6500000e+01   4.7296916e+01
   1.6750000e+01   4.7080961e+01
   1.7000000e+01   4.6866407e+01
   1.7250000e+01   4.6653244e+01
   1.7500000e+01   4.6441465e+01
   1.7750000e+01   4.6231058e+01
   1.8000000e+01   4.6022016e+01
   1.8250000e+01   4.5814330e+01
   1.8500000e+01   4.5607991e+01
   1.8750000e+01   4.5402990e+01
   1.9000000e+01   4.5199319e+01
   1.9250000e+01   4.4996969e+01
   1.9500000e+01   4.4795931e+01
   1.9750000e+01   4.4596197e+01
   2.0000000e+01   4.4397759e+01
   2.0250000e+01   4.4200607e+01
   2.0500000e+01   4.4004734e+01
   2.0750000e+01   4.3810132e+01
   2.1000000e+01   4.3616792e+01
   2.1250000e+01   4.3424705e+01
   2.1500000e+01   4.3233865e+01
   2.1750000e+01   4.3044262e+01
   2.2000000e+01   4.2855889e+01
   2.2250000e+01   4.2668737e+01
   2.2500000e+01   4.2482800e+01
   2.2750000e+01   4.2298068e+01
   2.3000000e+01   4.2114535e+01
   2.3250000e+01   4.1932191e+01
   2.3500000e+01   4.1751031e+01
   2.3750000e+01   4.1571045e+01
   2.4000000e+01   4.1392227e+01
   2.4250000e+01   4.1214569e+01
   2.4500000e+01   4.1038062e+01
   2.4750000e+01   4.0862701e+01
   2.5000000e+01   4.0688477e+01
   2.5250000e+01   4.0515383e+01
   2.5500000e+01   4.0343411e+01
   2.5750000e+01   4.0172555e+01
   2.6000000e+01   4.0002807e+01
   2.6250000e+01   3.9834160e+01
   2.6500000e+01   3.9666607e+01
   2.6750000e+01   3.9500140e+01
   2.7000000e+01   3.9334753e+01
   2.7250000e+01   3.9170439e+01
   2.7500000e+01   3.9007190e+01
   2.7750000e+01   3.8845001e+01
   2.8000000e+01   3.8683863e+01
   2.8250000e+01   3.8523770e+01
   2.8500000e+01   3.8364716e+01
   2.8750000e+01   3.8206693e+01
   2.9000000e+01   3.8049695e+01
   2.9250000e+01   3.7893715e+01
   2.9500000e+01   3.7738747e+01
   2.9750000e+01   3.7584784e+01
   3.0000000e+01   3.7431820e+01
   3.0250000e+01   3.7279847e+01
   3.0500000e+01   3.7128860e+01
   3.0750000e+01   3.6978853e+01
   3.1000000e+01   3.6829818e+01
   3.1250000e+01   3.6681751e+01
   3.1500000e+01   3.6534643e+01
   3.1750000e+01   3.6388489e+01
   3.2000000e+01   3.6243284e+01
   3.2250000e+01   3.6099020e+01
   3.2500000e+01   3.5955692e+01
   3.2750000e+01   3.5813293e+01
   3.3000000e+01   3.5671818e+01
   3.3250000e+01   3.5531261e+01
   3.3500000e+01   3.5391615e+01
   3.3750000e+01   3.5252875e+01
   3.4000000e+01   3.5115034e+01
   3.4250000e+01   3.4978088e+01
   3.4500000e+01   3.4842030e+01
   3.4750000e+01   3.4706854e+01
   3.5000000e+01   3.4572555e+01
   3.5250000e+01   3.4439127e+01
   3.5500000e+01   3.4306565e+01
   3.5750000e+01   3.4174862e+01
   3.6000000e+01   3.4044013e+01
   3.6250000e+01   3.3914013e+01
   3.6500000e+01   3.3784857e+01
   3.6750000e+01   3.3656537e+01
   3.7000000e+01   3.3529051e+01
   3.7250000e+01   3.3402390e+01
   3.7500000e+01   3.3276552e+01
   3.7750000e+01   3.3151529e+01
   3.8000000e+01   3.3027318e+01
   3.8250000e+01   3.2903912e+01
   3.8500000e+01   3.2781306e+01
   3.8750000e+01   3.2659496e+01
   3.9000000e+01   3.2538476e+01
   3.9250000e+01   3.2418240e+01
   3.9500000e+01   3.2298784e+01
   3.9750000e+01   3.2180104e+01
   4.0000000e+01   3.2062192e+01
   4.0250000e+01   3.1945046e+01
   4.0500000e+01   3.1828659e+01
   4.0750000e+01   3.1713028e+01
   4.1000000e+01   3.1598146e+01
   4.1250000e+01   3.1484009e+01
   4.1500000e+01   3.1370612e+01
   4.1750000e+01   3.1257951e+01
   4.2000000e+01   3.1146021e+01
   4.2250000e+01   3.1034817e+01
   4.2500000e+01   3.0924334e+01
   4.2750000e+01   3.0814567e+01
   4.3000000e+01   3.0705512e+01
   4.3250000e+01   3.0597165e+01
   4.3500000e+01   3.0489520e+01
   4.3750000e+01   3.0382574e+01
   4.4000000e+01   3.0276321e+01
   4.4250000e+01   3.0170757e+01
   4.4500000e+01   3.0065878e+01
   4.4750000e+01   2.9961679e+01
   4.5000000e+01   2.9858156e+01
   4.5250000e+01   2.9755304e+01
   4.5500000e+01   2.9653120e+01
   4.5750000e+01   2.9551598e+01
   4.6000000e+01   2.9450735e+01
   4.6250000e+01   2.9350525e+01
   4.6500000e+01   2.9250966e+01
   4.6750000e+01   2.9152053e+01
   4.7000000e+01   2.9053780e+01
   4.7250000e+01   2.8956146e+01
   4.7500000e+01   2.8859144e+01
   4.7750000e+01   2.8762772e+01
   4.8000000e+01   2.8667025e+01
   4.8250000e+01   2.8571898e+01
   4.8500000e+01   2.8477389e+01
   4.8750000e+01   2.8383493e+01
   4.9000000e+01   2.8290205e+01
   4.9250000e+01   2.8197523e+01
   4.9500000e+01   2.8105442e+01
   4.9750000e+01   2.8013958e+01
   5.0000000e+01   2.7923067e+01
   5.0250000e+01   2.7832766e+01
   5.0500000e+01   2.7743050e+01
   5.0750000e+01   2.7653917e+01
   5.1000000e+01   2.7565361e+01
   5.1250000e+01   2.7477380e+01
   5.1500000e+01   2.7389969e+01
   5.1750000e+01   2.7303126e+01
   5.2000000e+01   2.7216845e+01
   5.2250000e+01   2.7131124e+01
   5.2500000e+01   2.7045960e+01
   5.2750000e+01   2.6961347e+01
   5.3000000e+01   2.6877283e+01
   5.3250000e+01   2.6793765e+01
   5.3500000e+01   2.6710788e+01
   5.3750000e+01   2.6628349e+01
   5.4000000e+01   2.6546445e+01
   5.4250000e+01   2.6465072e+01
   5.4500000e+01   2.6384227e+01
   5.4750000e+01   2.6303907e+01
   5.5000000e+01   2.6224107e+01
   5.5250000e+01   2.6144825e+01
   5.5500000e+01   2.6066057e+01
   5.5750000e+01   2.5987800e+01
   5.6000000e+01   2.5910050e+01
   5.6250000e+01   2.5832805e+01
   5.6500000e+01   2.5756060e+01
   5.6750000e+01   2.5679814e+01
   5.7000000e+01   2.5604062e+01
   5.7250000e+01   2.5528801e+01
   5.7500000e+01   2.5454028e+01
   5.7750000e+01   2.5379741e+01
   5.8000000e+01   2.5305935e+01
   5.8250000e+01   2.5232608e+01
   5.8500000e+01   2.5159756e+01
   5.8750000e+01   2.5087377e+01
   5.9000000e+01   2.5015467e+01
   5.9250000e+01   2.4944024e+01
   5.9500000e+01   2.4873044e+01
   5.9750000e+01   2.4802524e+01
   6.0000000e+01   2.4732462e+01
   6.0250000e+01   2.4662854e+01
   6.0500000e+01   2.4593698e+01
   6.0750000e+01   2.4524990e+01
   6.1000000e+01   2.4456728e+01
   6.1250000e+01   2.4388908e+01
   6.1500000e+01   2.4321529e+01
   6.1750000e+01   2.4254586e+01
   6.2000000e+01   2.4188078e+01
   6.2250000e+01   2.4122001e+01
   6.2500000e+01   2.4056352e+01
   6.2750000e+01   2.3991129e+01
   6.3000000e+01   2.3926330e+01
   6.3250000e+01   2.3861950e+01
   6.3500000e+01   2.3797988e+01
   6.3750000e+01   2.3734441e+01
   6.4000000e+01   2.3671306e+01
   6.4250000e+01   2.3608581e+01
   6.4500000e+01   2.3546262e+01
   6.4750000e+01   2.3484348e+01
   6.5000000e+01   2.3422835e+01
   6.5250000e+01   2.3361721e+01
   6.5500000e+01   2.3301004e+01
   6.5750000e+01   2.3240680e+01
   6.6000000e+01   2.3180747e+01
   6.6250000e+01   2.3121203e+01
   6.6500000e+01   2.3062046e+01
   6.6750000e+01   2.3003272e+01
   6.7000000e+01   2.2944879e+01
   6.7250000e+01   2.2886865e+01
   6.7500000e+01   2.2829227e+01
   6.7750000e+01   2.2771963e+01
   6.8000000e+01   2.2715071e+01
   6.8250000e+01   2.2658547e+01
   6.8500000e+01   2.2602390e+01
   6.8750000e+01   2.2546598e+01
   6.9000000e+01   2.2491167e+01
   6.9250000e+01   2.2436095e+01
   6.9500000e+01   2.2381381e+01
   6.9750000e+01   2.2327022e+01
   7.0000000e+01   2.2273015e+01
   7.0250000e+01   2.2219359e+01
   7.0500000e+01   2.2166050e+01
   7.0750000e+01   2.2113087e+01
   7.1000000e+01   2.2060468e+01
   7.1250000e+01   2.2008190e+01
   7.1500000e+01   2.1956251e+01
   7.1750000e+01   2.1904649e+01
   7.2000000e+01   2.1853382e+01
   7.2250000e+01   2.1802447e+01
   7.2500000e+01   2.1751842e+01
   7.2750000e+01   2.1701566e+01
   7.3000000e+01   2.1651616e+01
   7.3250000e+01   2.1601989e+01
   7.3500000e+01   2.1552685e+01
   7.3750000e+01   2.1503700e+01
   7.4000000e+01   2.1455033e+01
   7.4250000e+01   2.1406682e+01
   7.4500000e+01   2.1358644e+01
   7.4750000e+01   2.1310918e+01
   7.5000000e+01   2.1263502e+01
   7.5250000e+01   2.1216393e+01
   7.5500000e+01   2.1169589e+01
   7.5750000e+01   2.1123089e+01
   7.6000000e+01   2.1076891e+01
   7.6250000e+01   2.1030992e+01
   7.6500000e+01   2.0985391e+01
   7.6750000e+01   2.0940085e+01
   7.7000000e+01   2.0895074e+01
   7.7250000e+01   2.0850354e+01
   7.7500000e+01   2.0805925e+01
   7.7750000e+01   2.0761784e+01
   7.8000000e+01   2.0717928e+01
   7.8250000e+01   2.0674358e+01
   7.8500000e+01   2.0631070e+01
   7.8750000e+01   2.0588062e+01
   7.9000000e+01   2.0545334e+01
   7.9250000e+01   2.0502883e+01
   7.9500000e+01   2.0460707e+01
   7.9750000e+01   2.0418805e+01
   8.0000000e+01   2.0377174e+01
   8.0250000e+01   2.0335813e+01
   8.0500000e+01   2.0294721e+01
   8.0750000e+01   2.0253895e+01
   8.1000000e+01   2.0213334e+01
   8.1250000e+01   2.0173036e+01
   8.1500000e+01   2.0133000e+01
   8.1750000e+01   2.0093223e+01
   8.2000000e+01   2.0053704e+01
   8.2250000e+01   2.0014441e+01
   8.2500000e+01   1.9975433e+01
   8.2750000e+01   1.9936678e+01
   8.3000000e+01   1.9898174e+01
   8.3250000e+01   1.9859920e+01
   8.3500000e+01   1.9821914e+01
   8.3750000e+01   1.9784155e+01
   8.4000000e+01   1.9746641e+01
   8.4250000e+01   1.9709370e+01
   8.4500000e+01   1.9672340e+01
   8.4750000e+01   1.9635551e+01
   8.5000000e+01   1.9599000e+01
   8.5250000e+01   1.9562687e+01
   8.5500000e+01   1.9526609e+01
   8.5750000e+01   1.9490765e+01
   8.6000000e+01   1.9455153e+01
   8.6250000e+01   1.9419772e+01
   8.6500000e+01   1.9384621e+01
   8.6750000e+01   1.9349698e+01
   8.7000000e+01   1.9315001e+01
   8.7250000e+01   1.9280530e+01
   8.7500000e+01   1.9246282e+01
   8.7750000e+01   1.9212256e+01
   8.8000000e+01   1.9178450e+01
   8.8250000e+01   1.9144864e+01
   8.8500000e+01   1.9111496e+01
   8.8750000e+01   1.9078344e+01
   8.9000000e+01   1.9045408e+01
   8.9250000e+01   1.9012685e+01
   8.9500000e+01   1.8980174e+01
   8.9750000e+01   1.8947874e+01
   9.0000000e+01   1.8915783e+01
   9.0250000e+01   1.8883901e+01
   9.0500000e+01   1.8852225e+01
   9.0750000e+01   1.8820755e+01
   9.1000000e+01   1.8789489e+01
   9.1250000e+01   1.8758425e+01
   9.1500000e+01   1.8727564e+01
   9.1750000e+01   1.8696902e+01
   9.2000000e+01   1.8666439e+01
   9.2250000e+01   1.8636174e+01
   9.2500000e+01   1.8606105e+01
   9.2750000e+01   1.8576231e+01
   9.3000000e+01   1.8546551e+01
   9.3250000e+01   1.8517063e+01
   9.3500000e+01   1.8487767e+01
   9.3750000e+01   1.8458660e+01
   9.4000000e+01   1.8429743e+01
   9.4250000e+01   1.8401013e+01
   9.4500000e+01   1.8372469e+01
   9.4750000e+01   1.8344110e+01
   9.5000000e+01   1.8315935e+01
   9.5250000e+01   1.8287943e+01
   9.5500000e+01   1.8260133e+01
   9.5750000e+01   1.8232503e+01
   9.6000000e+01   1.8205052e+01
   9.6250000e+01   1.8177779e+01
   9.6500000e+01   1.8150683e+01
   9.6750000e+01   1.8123763e+01
   9.7000000e+01   1.8097018e+01
   9.7250000e+01   1.8070445e+01
   9.7500000e+01   1.8044046e+01
   9.7750000e+01   1.8017817e+01
   9.8000000e+01   1.7991759e+01
   9.8250000e+01   1.7965869e+01
   9.8500000e+01   1.7940148e+01
   9.8750000e+01   1.7914593e+01
   9.9000000e+01   1.7889204e+01
   9.9250000e+01   1.7863980e+01
   9.9500000e+01   1.7838919e+01
   9.9750000e+01   1.7814021e+01
   1.0000000e+02   1.7789284e+01
   1.0025000e+02   1.7764708e+01
   1.0050000e+02   1.7740291e+01
   1.0075000e+02   1.7716032e+01
   1.0100000e+02   1.7691931e+01
   1.0125000e+02   1.7667986e+01
   1.0150000e+02   1.7644197e+01
   1.0175000e+02   1.7620562e+01
   1.0200000e+02   1.7597080e+01
   1.0225000e+02   1.7573750e+01
   1.0250000e+02   1.7550572e+01
   1.0275000e+02   1.7527544e+01
   1.0300000e+02   1.7504665e+01
   1.0325000e+02   1.7481935e+01
   1.0350000e+02   1.7459352e+01
   1.0375000e+02   1.7436915e+01
   1.0400000e+02   1.7414624e+01
   1.0425000e+02   1.7392478e+01
   1.0450000e+02   1.7370475e+01
   1.0475000e+02   1.7348615e+01
   1.0500000e+02   1.7326897e+01
   1.0525000e+02   1.7305320e+01
   1.0550000e+02   1.7283883e+01
   1.0575000e+02   1.7262584e+01
   1.0600000e+02   1.7241424e+01
   1.0625000e+02   1.7220401e+01
   1.0650000e+02   1.7199514e+01
   1.0675000e+02   1.7178763e+01
   1.0700000e+02   1.7158147e+01
   1.0725000e+02   1.7137664e+01
   1.0750000e+02   1.7117314e+01
   1.0775000e+02   1.7097096e+01
   1.0800000e+02   1.7077009e+01
   1.0825000e+02   1.7057052e+01
   1.0850000e+02   1.7037225e+01
   1.0875000e+02   1.7017526e+01
   1.0900000e+02   1.6997955e+01
   1.0925000e+02   1.6978511e+01
   1.0950000e+02   1.6959194e+01
   1.0975000e+02   1.6940001e+01
   1.1000000e+02   1.6920933e+01
   1.1025000e+02   1.6901989e+01
   1.1050000e+02   1.6883167e+01
   1.1075000e+02   1.6864468e+01
   1.1100000e+02   1.6845890e+01
   1.1125000e+02   1.6827432e+01
   1.1150000e+02   1.6809094e+01
   1.1175000e+02   1.6790875e+01
   1.1200000e+02   1.6772774e+01
   1.1225000e+02   1.6754791e+01
   1.1250000e+02   1.6736924e+01
   1.1275000e+02   1.6719173e+01
   1.1300000e+02   1.6701537e+01
   1.1325000e+02   1.6684016e+01
   1.1350000e+02   1.6666608e+01
   1.1375000e+02   1.6649313e+01
   1.1400000e+02   1.6632130e+01
   1.1425000e+02   1.6615059e+01
   1.1450000e+02   1.6598099e+01
   1.1475000e+02   1.6581248e+01
   1.1500000e+02   1.6564507e+01
   1.1525000e+02   1.6547874e+01
   1.1550000e+02   1.6531349e+01
   1.1575000e+02   1.6514932e+01
   1.1600000e+02   1.6498620e+01
   1.1625000e+02   1.6482415e+01
   1.1650000e+02   1.6466315e+01
   1.1675000e+02   1.6450319e+01
   1.1700000e+02   1.6434427e+01
   1.1725000e+02   1.6418638e+01
   1.1750000e+02   1.6402951e+01
   1.1775000e+02   1.6387366e+01
   1.1800000e+02   1.6371883e+01
   1.1825000e+02   1.6356499e+01
   1.1850000e+02   1.6341216e+01
   1.1875000e+02   1.6326031e+01
   1.1900000e+02   1.6310945e+01
   1.1925000e+02   1.6295957e+01
   1.1950000e+02   1.6281066e+01
   1.1975000e+02   1.6266272e+01
   1.2000000e+02   1.6251573e+01
   1.2025000e+02   1.6236970e+01
   1.2050000e+02   1.6222462e+01
   1.2075000e+02   1.6208047e+01
   1.2100000e+02   1.6193727e+01
   1.2125000e+02   1.6179499e+01
   1.2150000e+02   1.6165363e+01
   1.2175000e+02   1.6151319e+01
   1.2200000e+02   1.6137366e+01
   1.2225000e+02   1.6123504e+01
   1.2250000e+02   1.6109731e+01
   1.2275000e+02   1.6096048e+01
   1.2300000e+02   1.6082454e+01
   1.2325000e+02   1.6068948e+01
   1.2350000e+02   1.6055529e+01
   1.2375000e+02   1.6042197e+01
   1.2400000e+02   1.6028952e+01
   1.2425000e+02   1.6015793e+01
   1.2450000e+02   1.6002719e+01
   1.2475000e+02   1.5989730e+01
   1.2500000e+02   1.5976825e+01
   1.2525000e+02   1.5964004e+01
   1.2550000e+02   1.5951266e+01
   1.2575000e+02   1.5938611e+01
   1.2600000e+02   1.5926037e+01
   1.2625000e+02   1.5913546e+01
   1.2650000e+02   1.5901135e+01
   1.2675000e+02   1.5888805e+01
   1.2700000e+02   1.5876554e+01
   1.2725000e+02   1.5864384e+01
   1.2750000e+02   1.5852292e+01
   1.2775000e+02   1.5840278e+01
   1.2800000e+02   1.5828343e+01
   1.2825000e+02   1.5816485e+01
   1.2850000e+02   1.5804703e+01
   1.2875000e+02   1.5792999e+01
   1.2900000e+02   1.5781370e+01
   1.2925000e+02   1.5769816e+01
   1.2950000e+02   1.5758338e+01
   1.2975000e+02   1.5746934e+01
   1.3000000e+02   1.5735603e+01
   1.3025000e+02   1.5724347e+01
   1.3050000e+02   1.5713163e+01
   1.3075000e+02   1.5702052e+01
   1.3100000e+02   1.5691013e+01
   1.3125000e+02   1.5680046e+01
   1.3150000e+02   1.5669149e+01
   1.3175000e+02   1.5658324e+01
   1.3200000e+02   1.5647568e+01
   1.3225000e+02   1.5636883e+01
   1.3250000e+02   1.5626266e+01
   1.3275000e+02   1.5615719e+01
   1.3300000e+02   1.5605240e+01
   1.3325000e+02   1.5594828e+01
   1.3350000e+02   1.5584485e+01
   1.3375000e+02   1.5574208e+01
   1.3400000e+02   1.5563998e+01
   1.3425000e+02   1.5553855e+01
   1.3450000e+02   1.5543777e+01
   1.3475000e+02   1.5533764e+01
   1.3500000e+02   1.5523817e+01
   1.3525000e+02   1.5513934e+01
   1.3550000e+02   1.5504115e+01
   1.3575000e+02   1.5494359e+01
   1.3600000e+02   1.5484667e+01
   1.3625000e+02   1.5475038e+01
   1.3650000e+02   1.5465472e+01
   1.3675000e+02   1.5455967e+01
   1.3700000e+02   1.5446524e+01
   1.3725000e+02   1.5437142e+01
   1.3750000e+02   1.5427821e+01
   1.3775000e+02   1.5418561e+01
   1.3800000e+02   1.5409360e+01
   1.3825000e+02   1.5400220e+01
   1.3850000e+02   1.5391138e+01
   1.3875000e+02   1.5382116e+01
   1.3900000e+02   1.5373152e+01
   1.3925000e+02   1.5364246e+01
   1.3950000e+02   1.5355398e+01
   1.3975000e+02   1.5346607e+01
   1.4000000e+02   1.5337873e+01
   1.4025000e+02   1.5329196e+01
   1.4050000e+02   1.5320575e+01
   1.4075000e+02   1.5312010e+01
   1.4100000e+02   1.5303501e+01
   1.4125000e+02   1.5295047e+01
   1.4150000e+02   1.5286648e+01
   1.4175000e+02   1.5278303e+01
   1.4200000e+02   1.5270012e+01
   1.4225000e+02   1.5261775e+01
   1.4250000e+02   1.5253592e+01
   1.4275000e+02   1.5245461e+01
   1.4300000e+02   1.5237383e+01
   1.4325000e+02   1.5229358e+01
   1.4350000e+02   1.5221385e+01
   1.4375000e+02   1.5213463e+01
   1.4400000e+02   1.5205593e+01
   1.4425000e+02   1.5197774e+01
   1.4450000e+02   1.5190005e+01
   1.4475000e+02   1.5182287e+01
   1.4500000e+02   1.5174619e+01
   1.4525000e+02   1.5167001e+01
   1.4550000e+02   1.5159432e+01
   1.4575000e+02   1.5151913e+01
   1.4600000e+02   1.5144442e+01
   1.4625000e+02   1.5137019e+01
   1.4650000e+02   1.5129645e+01
   1.4675000e+02   1.5122318e+01
   1.4700000e+02   1.5115039e+01
   1.4725000e+02   1.5107807e+01
   1.4750000e+02   1.5100622e+01
   1.4775000e+02   1.5093484e+01
   1.4800000e+02   1.5086392e+01
   1.4825000e+02   1.5079346e+01
   1.4850000e+02   1.5072346e+01
   1.4875000e+02   1.5065391e+01
   1.4900000e+02   1.5058481e+01
   1.4925000e+02   1.5051616e+01
   1.4950000e+02   1.5044795e+01
   1.4975000e+02   1.5038019e+01
   1.5000000e+02   1.5031287e+01
   1.5025000e+02   1.5024598e+01
   1.5050000e+02   1.5017953e+01
   1.5075000e+02   1.5011351e+01
   1.5100000e+02   1.5004791e+01
   1.5125000e+02   1.4998274e+01
   1.5150000e+02   1.4991800e+01
   1.5175000e+02   1.4985367e+01
   1.5200000e+02   1.4978977e+01
   1.5225000e+02   1.4972627e+01
   1.5250000e+02   1.4966319e+01
   1.5275000e+02   1.4960052e+01
   1.5300000e+02   1.4953825e+01
   1.5325000e+02   1.4947639e+01
   1.5350000e+02   1.4941493e+01
   1.5375000e+02   1.4935386e+01
   1.5400000e+02   1.4929320e+01
   1.5425000e+02   1.4923292e+01
   1.5450000e+02   1.4917304e+01
   1.5475000e+02   1.4911355e+01
   1.5500000e+02   1.4905444e+01
   1.5525000e+02   1.4899572e+01
   1.5550000e+02   1.4893737e+01
   1.5575000e+02   1.4887941e+01
   1.5600000e+02   1.4882182e+01
   1.5625000e+02   1.4876460e+01
   1.5650000e+02   1.4870776e+01
   1.5675000e+02   1.4865128e+01
   1.5700000e+02   1.4859517e+01
   1.5725000e+02   1.4853943e+01
   1.5750000e+02   1.4848404e+01
   1.5775000e+02   1.4842902e+01
   1.5800000e+02   1.4837435e+01
   1.5825000e+02   1.4832003e+01
   1.5850000e+02   1.4826607e+01
   1.5875000e+02   1.4821246e+01
   1.5900000e+02   1.4815920e+01
   1.5925000e+02   1.4810628e+01
   1.5950000e+02   1.4805370e+01
   1.5975000e+02   1.4800147e+01
   1.6000000e+02   1.4794957e+01
   1.6025000e+02   1.4789802e+01
   1.6050000e+02   1.4784679e+01
   1.6075000e+02   1.4779590e+01
   1.6100000e+02   1.4774534e+01
   1.6125000e+02   1.4769510e+01
   1.6150000e+02   1.4764519e+01
   1.6175000e+02   1.4759561e+01
   1.6200000e+02   1.4754635e+01
   1.6225000e+02   1.4749740e+01
   1.6250000e+02   1.4744878e+01
   1.6275000e+02   1.4740047e+01
   1.6300000e+02   1.4735247e+01
   1.6325000e+02   1.4730478e+01
   1.6350000e+02   1.4725741e+01
   1.6375000e+02   1.4721034e+01
   1.6400000e+02   1.4716357e+01
   1.6425000e+02   1.4711711e+01
   1.6450000e+02   1.4707095e+01
   1.6475000e+02   1.4702509e+01
   1.6500000e+02   1.4697953e+01
   1.6525000e+02   1.4693426e+01
   1.6550000e+02   1.4688929e+01
   1.6575000e+02   1.4684461e+01
   1.6600000e+02   1.4680021e+01
   1.6625000e+02   1.4675611e+01
   1.6650000e+02   1.4671229e+01
   1.6675000e+02   1.4666876e+01
   1.6700000e+02   1.4662550e+01
   1.6725000e+02   1.4658253e+01
   1.6750000e+02   1.4653984e+01
   1.6775000e+02   1.4649743e+01
   1.6800000e+02   1.4645529e+01
   1.6825000e+02   1.4641342e+01
   1.6850000e+02   1.4637182e+01
   1.6875000e+02   1.4633050e+01
   1.6900000e+02   1.4628944e+01
   1.6925000e+02   1.4624865e+01
   1.6950000e+02   1.4620812e+01
   1.6975000e+02   1.4616786e+01
   1.7000000e+02   1.4612785e+01
   1.7025000e+02   1.4608811e+01
   1.7050000e+02   1.4604862e+01
   1.7075000e+02   1.4600939e+01
   1.7100000e+02   1.4597042e+01
   1.7125000e+02   1.4593170e+01
   1.7150000e+02   1.4589322e+01
   1.7175000e+02   1.4585500e+01
   1.7200000e+02   1.4581703e+01
   1.7225000e+02   1.4577930e+01
   1.7250000e+02   1.4574182e+01
   1.7275000e+02   1.4570458e+01
   1.7300000e+02   1.4566758e+01
   1.7325000e+02   1.4563082e+01
   1.7350000e+02   1.4559430e+01
   1.7375000e+02   1.4555802e+01
   1.7400000e+02   1.4552197e+01
   1.7425000e+02   1.4548616e+01
   1.7450000e+02   1.4545057e+01
   1.7475000e+02   1.4541522e+01
   1.7500000e+02   1.4538010e+01
   1.7525000e+02   1.4534521e+01
   1.7550000e+02   1.4531054e+01
   1.7575000e+02   1.4527610e+01
   1.7600000e+02   1.4524188e+01
   1.7625000e+02   1.4520788e+01
   1.7650000e+02   1.4517410e+01
   1.7675000e+02   1.4514055e+01
   1.7700000e+02   1.4510721e+01
   1.7725000e+02   1.4507408e+01
   1.7750000e+02   1.4504117e+01
   1.7775000e+02   1.4500848e+01
   1.7800000e+02   1.4497599e+01
   1.7825000e+02   1.4494372e+01
   1.7850000e+02   1.4491166e+01
   1.7875000e+02   1.4487980e+01
   1.7900000e+02   1.4484815e+01
   1.7925000e+02   1.4481671e+01
   1.7950000e+02   1.4478547e+01
   1.7975000e+02   1.4475443e+01
   1.8000000e+02   1.4472360e+01
   1.8025000e+02   1.4469296e+01
   1.8050000e+02   1.4466252e+01
   1.8075000e+02   1.4463228e+01
   1.8100000e+02   1.4460224e+01
   1.8125000e+02   1.4457239e+01
   1.8150000e+02   1.4454274e+01
   1.8175000e+02   1.4451327e+01
   1.8200000e+02   1.4448400e+01
   1.8225000e+02   1.4445492e+01
   1.8250000e+02   1.4442603e+01
   1.8275000e+02   1.4439732e+01
   1.8300000e+02   1.4436880e+01
   1.8325000e+02   1.4434046e+01
   1.8350000e+02   1.4431231e+01
   1.8375000e+02   1.4428434e+01
   1.8400000e+02   1.4425656e+01
   1.8425000e+02   1.4422895e+01
   1.8450000e+02   1.4420152e+01
   1.8475000e+02   1.4417427e+01
   1.8500000e+02   1.4414720e+01
   1.8525000e+02   1.4412030e+01
   1.8550000e+02   1.4409358e+01
   1.8575000e+02   1.4406703e+01
   1.8600000e+02   1.4404065e+01
   1.8625000e+02   1.4401445e+01
   1.8650000e+02   1.4398841e+01
   1.8675000e+02   1.4396254e+01
   1.8700000e+02   1.4393684e+01
   1.8725000e+02   1.4391131e+01
   1.8750000e+02   1.4388594e+01
   1.8775000e+02   1.4386074e+01
   1.8800000e+02   1.4383570e+01
   1.8825000e+02   1.4381082e+01
   1.8850000e+02   1.4378610e+01
   1.8875000e+02   1.4376155e+01
   1.8900000e+02   1.4373715e+01
   1.8925000e+02   1.4371291e+01
   1.8950000e+02   1.4368883e+01
   1.8975000e+02   1.4366491e+01
   1.9000000e+02   1.4364114e+01
   1.9025000e+02   1.4361752e+01
   1.9050000e+02   1.4359406e+01
   1.9075000e+02   1.4357075e+01
   1.9100000e+02   1.4354759e+01
   1.9125000e+02   1.4352458e+01
   1.9150000e+02   1.4350172e+01
   1.9175000e+02   1.4347901e+01
   1.9200000e+02   1.4345645e+01
   1.9225000e+02   1.4343403e+01
   1.9250000e+02   1.4341176e+01
   1.9275000e+02   1.4338963e+01
   1.9300000e+02   1.4336765e+01
   1.9325000e+02   1.4334581e+01
   1.9350000e+02   1.4332411e+01
   1.9375000e+02   1.4330255e+01
   1.9400000e+02   1.4328113e+01
   1.9425000e+02   1.4325985e+01
   1.9450000e+02   1.4323870e+01
   1.9475000e+02   1.4321770e+01
   1.9500000e+02   1.4319683e+01
   1.9525000e+02   1.4317610e+01
   1.9550000e+02   1.4315550e+01
   1.9575000e+02   1.4313503e+01
   1.9600000e+02   1.4311470e+01
   1.9625000e+02   1.4309450e+01
   1.9650000e+02   1.4307443e+01
   1.9675000e+02   1.4305449e+01
   1.9700000e+02   1.4303468e+01
   1.9725000e+02   1.4301499e+01
   1.9750000e+02   1.4299544e+01
   1.9775000e+02   1.4297601e+01
   1.9800000e+02   1.4295671e+01
   1.9825000e+02   1.4293753e+01
   1.9850000e+02   1.4291848e+01
   1.9875000e+02   1.4289955e+01
   1.9900000e+02   1.4288075e+01
   1.9925000e+02   1.4286206e+01
   1.9950000e+02   1.4284350e+01
   1.9975000e+02   1.4282506e+01
   2.0000000e+02   1.4280674e+01
   2.0025000e+02   1.4278853e+01
   2.0050000e+02   1.4277045e+01
   2.0075000e+02   1.4275248e+01
   2.0100000e+02   1.4273463e+01
   2.0125000e+02   1.4271689e+01
   2.0150000e+02   1.4269927e+01
   2.0175000e+02   1.4268176e+01
   2.0200000e+02   1.4266437e+01
   2.0225000e+02   1.4264709e+01
   2.0250000e+02   1.4262992e+01
   2.0275000e+02   1.4261286e+01
   2.0300000e+02   1.4259592e+01
   2.0325000e+02   1.4257908e+01
   2.0350000e+02   1.4256235e+01
   2.0375000e+02   1.4254574e+01
   2.0400000e+02   1.4252922e+01
   2.0425000e+02   1.4251282e+01
   2.0450000e+02   1.4249652e+01
   2.0475000e+02   1.4248033e+01
   2.0500000e+02   1.4246425e+01
   2.0525000e+02   1.4244826e+01
   2.0550000e+02   1.4243238e+01
   2.0575000e+02   1.4241661e+01
   2.0600000e+02   1.4240093e+01
   2.0625000e+02   1.4238536e+01
   2.0650000e+02   1.4236989e+01
   2.0675000e+02   1.4235452e+01
   2.0700000e+02   1.4233925e+01
   2.0725000e+02   1.4232408e+01
   2.0750000e+02   1.4230901e+01
   2.0775000e+02   1.4229403e+01
   2.0800000e+02   1.4227915e+01
   2.0825000e+02   1.4226437e+01
   2.0850000e+02   1.4224968e+01
   2.0875000e+02   1.4223509e+01
   2.0900000e+02   1.4222060e+01
   2.0925000e+02   1.4220619e+01
   2.0950000e+02   1.4219189e+01
   2.0975000e+02   1.4217767e+01
   2.1000000e+02   1.4216355e+01
   2.1025000e+02   1.4214951e+01
   2.1050000e+02   1.4213557e+01
   2.1075000e+02   1.4212172e+01
   2.1100000e+02   1.4210796e+01
   2.1125000e+02   1.4209429e+01
   2.1150000e+02   1.4208071e+01
   2.1175000e+02   1.4206721e+01
   2.1200000e+02   1.4205380e+01
   2.1225000e+02   1.4204048e+01
   2.1250000e+02   1.4202725e+01
   2.1275000e+02   1.4201410e+01
   2.1300000e+02   1.4200104e+01
   2.1325000e+02   1.4198806e+01
   2.1350000e+02   1.4197517e+01
   2.1375000e+02   1.4196236e+01
   2.1400000e+02   1.4194963e+01
   2.1425000e+02   1.4193698e+01
   2.1450000e+02   1.4192442e+01
   2.1475000e+02   1.4191194e+01
   2.1500000e+02   1.4189954e+01
   2.1525000e+02   1.4188722e+01
   2.1550000e+02   1.4187498e+01
   2.1575000e+02   1.4186282e+01
   2.1600000e+02   1.4185074e+01
   2.1625000e+02   1.4183873e+01
   2.1650000e+02   1.4182681e+01
   2.1675000e+02   1.4181496e+01
   2.1700000e+02   1.4180319e+01
   2.1725000e+02   1.4179149e+01
   2.1750000e+02   1.4177987e+01
   2.1775000e+02   1.4176833e+01
   2.1800000e+02   1.4175686e+01
   2.1825000e+02   1.4174547e+01
   2.1850000e+02   1.4173415e+01
   2.1875000e+02   1.4172290e+01
   2.1900000e+02   1.4171173e+01
   2.1925000e+02   1.4170062e+01
   2.1950000e+02   1.4168959e+01
   2.1975000e+02   1.4167864e+01
   2.2000000e+02   1.4166775e+01
   2.2025000e+02   1.4165693e+01
   2.2050000e+02   1.4164619e+01
   2.2075000e+02   1.4163551e+01
   2.2100000e+02   1.4162490e+01
   2.2125000e+02   1.4161436e+01
   2.2150000e+02   1.4160389e+01
   2.2175000e+02   1.4159349e+01
   2.2200000e+02   1.4158316e+01
   2.2225000e+02   1.4157289e+01
   2.2250000e+02   1.4156269e+01
   2.2275000e+02   1.4155255e+01
   2.2300000e+02   1.4154248e+01
   2.2325000e+02   1.4153248e+01
   2.2350000e+02   1.4152254e+01
   2.2375000e+02   1.4151266e+01
   2.2400000e+02   1.4150285e+01
   2.2425000e+02   1.4149311e+01
   2.2450000e+02   1.4148342e+01
   2.2475000e+02   1.4147380e+01
   2.2500000e+02   1.4146424e+01
   2.2525000e+02   1.4145475e+01
   2.2550000e+02   1.4144531e+01
   2.2575000e+02   1.4143594e+01
   2.2600000e+02   1.4142662e+01
   2.2625000e+02   1.4141737e+01
   2.2650000e+02   1.4140818e+01
   2.2675000e+02   1.4139904e+01
   2.2700000e+02   1.4138997e+01
   2.2725000e+02   1.4138096e+01
   2.2750000e+02   1.4137200e+01
   2.2775000e+02   1.4136310e+01
   2.2800000e+02   1.4135426e+01
   2.2825000e+02   1.4134548e+01
   2.2850000e+02   1.4133675e+01
   2.2875000e+02   1.4132808e+01
   2.2900000e+02   1.4131947e+01
   2.2925000e+02   1.4131091e+01
   2.2950000e+02   1.4130241e+01
   2.2975000e+02   1.4129396e+01
   2.3000000e+02   1.4128557e+01
   2.3025000e+02   1.4127723e+01
   2.3050000e+02   1.4126895e+01
   2.3075000e+02   1.4126072e+01
   2.3100000e+02   1.4125254e+01
   2.3125000e+02   1.4124442e+01
   2.3150000e+02   1.4123635e+01
   2.3175000e+02   1.4122833e+01
   2.3200000e+02   1.4122036e+01
   2.3225000e+02   1.4121244e+01
   2.3250000e+02   1.4120458e+01
   2.3275000e+02   1.4119677e+01
   2.3300000e+02   1.4118901e+01
   2.3325000e+02   1.4118130e+01
   2.3350000e+02   1.4117363e+01
   2.3375000e+02   1.4116602e+01
   2.3400000e+02   1.4115846e+01
   2.3425000e+02   1.4115095e+01
   2.3450000e+02   1.4114348e+01
   2.3475000e+02   1.4113606e+01
   2.3500000e+02   1.4112870e+01
   2.3525000e+02   1.4112138e+01
   2.3550000e+02   1.4111410e+01
   2.3575000e+02   1.4110688e+01
   2.3600000e+02   1.4109970e+01
   2.3625000e+02   1.4109257e+01
   2.3650000e+02   1.4108548e+01
   2.3675000e+02   1.4107844e+01
   2.3700000e+02   1.4107145e+01
   2.3725000e+02   1.4106450e+01
   2.3750000e+02   1.4105759e+01
   2.3775000e+02   1.4105073e+01
   2.3800000e+02   1.4104392e+01
   2.3825000e+02   1.4103715e+01
   2.3850000e+02   1.4103042e+01
   2.3875000e+02   1.4102374e+01
   2.3900000e+02   1.4101710e+01
   2.3925000e+02   1.4101050e+01
   2.3950000e+02   1.4100395e+01
   2.3975000e+02   1.4099744e+01
   2.4000000e+02   1.4099097e+01
   2.4025000e+02   1.4098454e+01
   2.4050000e+02   1.4097816e+01
   2.4075000e+02   1.4097181e+01
   2.4100000e+02   1.4096551e+01
   2.4125000e+02   1.4095925e+01
   2.4150000e+02   1.4095302e+01
   2.4175000e+02   1.4094684e+01
   2.4200000e+02   1.4094070e+01
   2.4225000e+02   1.4093460e+01
   2.4250000e+02   1.4092854e+01
   2.4275000e+02   1.4092252e+01
   2.4300000e+02   1.4091653e+01
   2.4325000e+02   1.4091059e+01
   2.4350000e+02   1.4090468e+01
   2.4375000e+02   1.4089882e+01
   2.4400000e+02   1.4089299e+01
   2.4425000e+02   1.4088720e+01
   2.4450000e+02   1.4088144e+01
   2.4475000e+02   1.4087572e+01
   2.4500000e+02   1.4087004e+01
   2.4525000e+02   1.4086440e+01
   2.4550000e+02   1.4085880e+01
   2.4575000e+02   1.4085323e+01
   2.4600000e+02   1.4084769e+01
   2.4625000e+02   1.4084219e+01
   2.4650000e+02   1.4083673e+01
   2.4675000e+02   1.4083131e+01
   2.4700000e+02   1.4082591e+01
   2.4725000e+02   1.4082056e+01
   2.4750000e+02   1.4081523e+01
   2.4775000e+02   1.4080995e+01
   2.4800000e+02   1.4080469e+01
   2.4825000e+02   1.4079948e+01
   2.4850000e+02   1.4079429e+01
   2.4875000e+02   1.4078914e+01
   2.4900000e+02   1.4078402e+01
   2.4925000e+02   1.4077894e+01
   2.4950000e+02   1.4077388e+01
   2.4975000e+02   1.4076886e+01
   2.5000000e+02   1.4076388e+01
   2.5025000e+02   1.4075892e+01
   2.5050000e+02   1.4075400e+01
   2.5075000e+02   1.4074911e+01
   2.5100000e+02   1.4074425e+01
   2.5125000e+02   1.4073943e+01
   2.5150000e+02   1.4073463e+01
   2.5175000e+02   1.4072987e+01
   2.5200000e+02   1.4072513e+01
   2.5225000e+02   1.4072043e+01
   2.5250000e+02   1.4071576e+01
   2.5275000e+02   1.4071111e+01
   2.5300000e+02   1.4070650e+01
   2.5325000e+02   1.4070192e+01
   2.5350000e+02   1.4069737e+01
   2.5375000e+02   1.4069284e+01
   2.5400000e+02   1.4068835e+01
   2.5425000e+02   1.4068389e+01
   2.5450000e+02   1.4067945e+01
   2.5475000e+02   1.4067504e+01
   2.5500000e+02   1.4067067e+01
   2.5525000e+02   1.4066632e+01
   2.5550000e+02   1.4066199e+01
   2.5575000e+02   1.4065770e+01
   2.5600000e+02   1.4065344e+01
   2.5625000e+02   1.4064920e+01
   2.5650000e+02   1.4064499e+01
   2.5675000e+02   1.4064080e+01
   2.5700000e+02   1.4063665e+01
   2.5725000e+02   1.4063252e+01
   2.5750000e+02   1.4062842e+01
   2.5775000e+02   1.4062434e+01
   2.5800000e+02   1.4062029e+01
   2.5825000e+02   1.4061627e+01
   2.5850000e+02   1.4061227e+01
   2.5875000e+02   1.4060830e+01
   2.5900000e+02   1.4060435e+01
   2.5925000e+02   1.4060044e+01
   2.5950000e+02   1.4059654e+01
   2.5975000e+02   1.4059267e+01
   2.6000000e+02   1.4058883e+01
   2.6025000e+02   1.4058501e+01
   2.6050000e+02   1.4058121e+01
   2.6075000e+02   1.4057745e+01
   2.6100000e+02   1.4057370e+01
   2.6125000e+02   1.4056998e+01
   2.6150000e+02   1.4056628e+01
   2.6175000e+02   1.4056261e+01
   2.6200000e+02   1.4055896e+01
   2.6225000e+02   1.4055534e+01
   2.6250000e+02   1.4055173e+01
   2.6275000e+02   1.4054816e+01
   2.6300000e+02   1.4054460e+01
   2.6325000e+02   1.4054107e+01
   2.6350000e+02   1.4053756e+01
   2.6375000e+02   1.4053407e+01
   2.6400000e+02   1.4053061e+01
   2.6425000e+02   1.4052717e+01
   2.6450000e+02   1.4052375e+01
   2.6475000e+02   1.4052035e+01
   2.6500000e+02   1.4051698e+01
   2.6525000e+02   1.4051362e+01
   2.6550000e+02   1.4051029e+01
   2.6575000e+02   1.4050698e+01
   2.6600000e+02   1.4050369e+01
   2.6625000e+02   1.4050043e+01
   2.6650000e+02   1.4049718e+01
   2.6675000e+02   1.4049396e+01
   2.6700000e+02   1.4049075e+01
   2.6725000e+02   1.4048757e+01
   2.6750000e+02   1.4048441e+01
   2.6775000e+02   1.4048127e+01
   2.6800000e+02   1.4047815e+01
   2.6825000e+02   1.4047504e+01
   2.6850000e+02   1.4047196e+01
   2.6875000e+02   1.4046890e+01
   2.6900000e+02   1.4046586e+01
   2.6925000e+02   1.4046284e+01
   2.6950000e+02   1.4045984e+01
   2.6975000e+02   1.4045686e+01
   2.7000000e+02   1.4045389e+01
   2.7025000e+02   1.4045095e+01
   2.7050000e+02   1.4044802e+01
   2.7075000e+02   1.4044512e+01
   2.7100000e+02   1.4044223e+01
   2.7125000e+02   1.4043936e+01
   2.7150000e+02   1.4043651e+01
   2.7175000e+02   1.4043368e+01
   2.7200000e+02   1.4043087e+01
   2.7225000e+02   1.4042807e+01
   2.7250000e+02   1.4042530e+01
   2.7275000e+02   1.4042254e+01
   2.7300000e+02   1.4041980e+01
   2.7325000e+02   1.4041708e+01
   2.7350000e+02   1.4041437e+01
   2.7375000e+02   1.4041168e+01
   2.7400000e+02   1.4040901e+01
   2.7425000e+02   1.4040636e+01
   2.7450000e+02   1.4040373e+01
   2.7475000e+02   1.4040111e+01
   2.7500000e+02   1.4039851e+01
   2.7525000e+02   1.4039592e+01
   2.7550000e+02   1.4039335e+01
   2.7575000e+02   1.4039080e+01
   2.7600000e+02   1.4038827e+01
   2.7625000e+02   1.4038575e+01
   2.7650000e+02   1.4038325e+01
   2.7675000e+02   1.4038076e+01
   2.7700000e+02   1.4037829e+01
   2.7725000e+02   1.4037584e+01
   2.7750000e+02   1.4037340e+01
   2.7775000e+02   1.4037098e+01
   2.7800000e+02   1.4036857e+01
   2.7825000e+02   1.4036618e+01
   2.7850000e+02   1.4036381e+01
   2.7875000e+02   1.4036145e+01
   2.7900000e+02   1.4035910e+01
   2.7925000e+02   1.4035678e+01
   2.7950000e+02   1.4035446e+01
   2.7975000e+02   1.4035216e+01
   2.8000000e+02   1.4034988e+01
   2.8025000e+02   1.4034761e+01
   2.8050000e+02   1.4034535e+01
   2.8075000e+02   1.4034311e+01
   2.8100000e+02   1.4034089e+01
   2.8125000e+02   1.4033868e+01
   2.8150000e+02   1.4033648e+01
   2.8175000e+02   1.4033430e+01
   2.8200000e+02   1.4033213e+01
   2.8225000e+02   1.4032998e+01
   2.8250000e+02   1.4032784e+01
   2.8275000e+02   1.4032571e+01
   2.8300000e+02   1.4032360e+01
   2.8325000e+02   1.4032150e+01
   2.8350000e+02   1.4031941e+01
   2.8375000e+02   1.4031734e+01
   2.8400000e+02   1.4031528e+01
   2.8425000e+02   1.4031324e+01
   2.8450000e+02   1.4031121e+01
   2.8475000e+02   1.4030919e+01
   2.8500000e+02   1.4030718e+01
   2.8525000e+02   1.4030519e+01
   2.8550000e+02   1.4030321e+01
   2.8575000e+02   1.4030125e+01
   2.8600000e+02   1.4029929e+01
   2.8625000e+02   1.4029735e+01
   2.8650000e+02   1.4029542e+01
   2.8675000e+02   1.4029351e+01
   2.8700000e+02   1.4029160e+01
   2.8725000e+02   1.4028971e+01
   2.8750000e+02   1.4028783e+01
   2.8775000e+02   1.4028597e+01
   2.8800000e+02   1.4028411e+01
   2.8825000e+02   1.4028227e+01
   2.8850000e+02   1.4028044e+01
   2.8875000e+02   1.4027862e+01
   2.8900000e+02   1.4027681e+01
   2.8925000e+02   1.4027502e+01
   2.8950000e+02   1.4027323e+01
   2.8975000e+02   1.4027146e+01
   2.9000000e+02   1.4026970e+01
   2.9025000e+02   1.4026795e+01
   2.9050000e+02   1.4026621e+01
   2.9075000e+02   1.4026449e+01
   2.9100000e+02   1.4026277e+01
   2.9125000e+02   1.4026107e+01
   2.9150000e+02   1.4025937e+01
   2.9175000e+02   1.4025769e+01
   2.9200000e+02   1.4025602e+01
   2.9225000e+02   1.4025436e+01
   2.9250000e+02   1.4025271e+01
   2.9275000e+02   1.4025107e+01
   2.9300000e+02   1.4024944e+01
   2.9325000e+02   1.4024783e+01
   2.9350000e+02   1.4024622e+01
   2.9375000e+02   1.4024462e+01
   2.9400000e+02   1.4024303e+01
   2.9425000e+02   1.4024146e+01
   2.9450000e+02   1.4023989e+01
   2.9475000e+02   1.4023834e+01
   2.9500000e+02   1.4023679e+01
   2.9525000e+02   1.4023525e+01
   2.9550000e+02   1.4023373e+01
   2.9575000e+02   1.4023221e+01
   2.9600000e+02   1.4023071e+01
   2.9625000e+02   1.4022921e+01
   2.9650000e+02   1.4022772e+01
   2.9675000e+02   1.4022625e+01
   2.9700000e+02   1.4022478e+01
   2.9725000e+02   1.4022332e+01
   2.9750000e+02   1.4022187e+01
   2.9775000e+02   1.4022043e+01
   2.9800000e+02   1.4021900e+01
   2.9825000e+02   1.4021758e+01
   2.9850000e+02   1.4021617e+01
   2.9875000e+02   1.4021477e+01
   2.9900000e+02   1.4021338e+01
   2.9925000e+02   1.4021199e+01
   2.9950000e+02   1.4021062e+01
   2.9975000e+02   1.4020925e+01
   3.0000000e+02   1.4020790e+01
   3.0025000e+02   1.4020655e+01
   3.0050000e+02   1.4020521e+01
   3.0075000e+02   1.4020388e+01
   3.0100000e+02   1.4020255e+01
   3.0125000e+02   1.4020124e+01
   3.0150000e+02   1.4019994e+01
   3.0175000e+02   1.4019864e+01
   3.0200000e+02   1.4019735e+01
   3.0225000e+02   1.4019607e+01
   3.0250000e+02   1.4019480e+01
   3.0275000e+02   1.4019354e+01
   3.0300000e+02   1.4019228e+01
   3.0325000e+02   1.4019103e+01
   3.0350000e+02   1.4018979e+01
   3.0375000e+02   1.4018856e+01
   3.0400000e+02   1.4018734e+01
   3.0425000e+02   1.4018613e+01
   3.0450000e+02   1.4018492e+01
   3.0475000e+02   1.4018372e+01
   3.0500000e+02   1.4018253e+01
   3.0525000e+02   1.4018134e+01
   3.0550000e+02   1.4018017e+01
   3.0575000e+02   1.4017900e+01
   3.0600000e+02   1.4017784e+01
   3.0625000e+02   1.4017668e+01
   3.0650000e+02   1.4017554e+01
   3.0675000e+02   1.4017440e+01
   3.0700000e+02   1.4017327e+01
   3.0725000e+02   1.4017215e+01
   3.0750000e+02   1.4017103e+01
   3.0775000e+02   1.4016992e+01
   3.0800000e+02   1.4016882e+01
   3.0825000e+02   1.4016772e+01
   3.0850000e+02   1.4016663e+01
   3.0875000e+02   1.4016555e+01
   3.0900000e+02   1.4016448e+01
   3.0925000e+02   1.4016341e+01
   3.0950000e+02   1.4016235e+01
   3.0975000e+02   1.4016130e+01
   3.1000000e+02   1.4016025e+01
   3.1025000e+02   1.4015922e+01
   3.1050000e+02   1.4015818e+01
   3.1075000e+02   1.4015716e+01
   3.1100000e+02   1.4015614e+01
   3.1125000e+02   1.4015512e+01
   3.1150000e+02   1.4015412e+01
   3.1175000e+02   1.4015312e+01
   3.1200000e+02   1.4015213e+01
   3.1225000e+02   1.4015114e+01
   3.1250000e+02   1.4015016e+01
   3.1275000e+02   1.4014919e+01
   3.1300000e+02   1.4014822e+01
   3.1325000e+02   1.4014726e+01
   3.1350000e+02   1.4014630e+01
   3.1375000e+02   1.4014535e+01
   3.1400000e+02   1.4014441e+01
   3.1425000e+02   1.4014347e+01
   3.1450000e+02   1.4014254e+01
   3.1475000e+02   1.4014162e+01
   3.1500000e+02   1.4014070e+01
   3.1525000e+02   1.4013979e+01
   3.1550000e+02   1.4013888e+01
   3.1575000e+02   1.4013798e+01
   3.1600000e+02   1.4013708e+01
   3.1625000e+02   1.4013620e+01
   3.1650000e+02   1.4013531e+01
   3.1675000e+02   1.4013443e+01
   3.1700000e+02   1.4013356e+01
   3.1725000e+02   1.4013270e+01
   3.1750000e+02   1.4013184e+01
   3.1775000e+02   1.4013098e+01
   3.1800000e+02   1.4013013e+01
   3.1825000e+02   1.4012929e+01
   3.1850000e+02   1.4012845e+01
   3.1875000e+02   1.4012762e+01
   3.1900000e+02   1.4012679e+01
   3.1925000e+02   1.4012597e+01
   3.1950000e+02   1.4012515e+01
   3.1975000e+02   1.4012434e+01
   3.2000000e+02   1.4012353e+01
   3.2025000e+02   1.4012273e+01
   3.2050000e+02   1.4012193e+01
   3.2075000e+02   1.4012114e+01
   3.2100000e+02   1.4012036e+01
   3.2125000e+02   1.4011958e+01
   3.2150000e+02   1.4011880e+01
   3.2175000e+02   1.4011803e+01
   3.2200000e+02   1.4011726e+01
   3.2225000e+02   1.4011650e+01
   3.2250000e+02   1.4011575e+01
   3.2275000e+02   1.4011500e+01
   3.2300000e+02   1.4011425e+01
   3.2325000e+02   1.4011351e+01
   3.2350000e+02   1.4011277e+01
   3.2375000e+02   1.4011204e+01
   3.2400000e+02   1.4011132e+01
   3.2425000e+02   1.4011059e+01
   3.2450000e+02   1.4010988e+01
   3.2475000e+02   1.4010916e+01
   3.2500000e+02   1.4010846e+01
   3.2525000e+02   1.4010775e+01
   3.2550000e+02   1.4010705e+01
   3.2575000e+02   1.4010636e+01
   3.2600000e+02   1.4010567e+01
   3.2625000e+02   1.4010499e+01
   3.2650000e+02   1.4010430e+01
   3.2675000e+02   1.4010363e+01
   3.2700000e+02   1.4010296e+01
   3.2725000e+02   1.4010229e+01
   3.2750000e+02   1.4010162e+01
   3.2775000e+02   1.4010097e+01
   3.2800000e+02   1.4010031e+01
   3.2825000e+02   1.4009966e+01
   3.2850000e+02   1.4009901e+01
   3.2875000e+02   1.4009837e+01
   3.2900000e+02   1.4009773e+01
   3.2925000e+02   1.4009710e+01
   3.2950000e+02   1.4009647e+01
   3.2975000e+02   1.4009584e+01
   3.3000000e+02   1.4009522e+01
   3.3025000e+02   1.4009460e+01
   3.3050000e+02   1.4009399e+01
   3.3075000e+02   1.4009338e+01
   3.3100000e+02   1.4009278e+01
   3.3125000e+02   1.4009217e+01
   3.3150000e+02   1.4009158e+01
   3.3175000e+02   1.4009098e+01
   3.3200000e+02   1.4009039e+01
   3.3225000e+02   1.4008981e+01
   3.3250000e+02   1.4008922e+01
   3.3275000e+02   1.4008865e+01
   3.3300000e+02   1.4008807e+01
   3.3325000e+02   1.4008750e+01
   3.3350000e+02   1.4008693e+01
   3.3375000e+02   1.4008637e+01
   3.3400000e+02   1.4008581e+01
   3.3425000e+02   1.4008525e+01
   3.3450000e+02   1.4008470e+01
   3.3475000e+02   1.4008415e+01
   3.3500000e+02   1.4008360e+01
   3.3525000e+02   1.4008306e+01
   3.3550000e+02   1.4008252e+01
   3.3575000e+02   1.4008199e+01
   3.3600000e+02   1.4008146e+01
   3.3625000e+02   1.4008093e+01
   3.3650000e+02   1.4008040e+01
   3.3675000e+02   1.4007988e+01
   3.3700000e+02   1.4007936e+01
   3.3725000e+02   1.4007885e+01
   3.3750000e+02   1.4007834e+01
   3.3775000e+02   1.4007783e+01
   3.3800000e+02   1.4007732e+01
   3.3825000e+02   1.4007682e+01
   3.3850000e+02   1.4007632e+01
   3.3875000e+02   1.4007583e+01
   3.3900000e+02   1.4007534e+01
   3.3925000e+02   1.4007485e+01
   3.3950000e+02   1.4007436e+01
   3.3975000e+02   1.4007388e+01
   3.4000000e+02   1.4007340e+01
   3.4025000e+02   1.4007293e+01
   3.4050000e+02   1.4007245e+01
   3.4075000e+02   1.4007198e+01
   3.4100000e+02   1.4007152e+01
   3.4125000e+02   1.4007105e+01
   3.4150000e+02   1.4007059e+01
   3.4175000e+02   1.4007013e+01
   3.4200000e+02   1.4006968e+01
   3.4225000e+02   1.4006923e+01
   3.4250000e+02   1.4006878e+01
   3.4275000e+02   1.4006833e+01
   3.4300000e+02   1.4006789e+01
   3.4325000e+02   1.4006745e+01
   3.4350000e+02   1.4006701e+01
   3.4375000e+02   1.4006658e+01
   3.4400000e+02   1.4006614e+01
   3.4425000e+02   1.4006571e+01
   3.4450000e+02   1.4006529e+01
   3.4475000e+02   1.4006487e+01
   3.4500000e+02   1.4006444e+01
   3.4525000e+02   1.4006403e+01
   3.4550000e+02   1.4006361e+01
   3.4575000e+02   1.4006320e+01
   3.4600000e+02   1.4006279e+01
   3.4625000e+02   1.4006238e+01
   3.4650000e+02   1.4006198e+01
   3.4675000e+02   1.4006158e+01
   3.4700000e+02   1.4006118e+01
   3.4725000e+02   1.4006078e+01
   3.4750000e+02   1.4006038e+01
   3.4775000e+02   1.4005999e+01
   3.4800000e+02   1.4005960e+01
   3.4825000e+02   1.4005922e+01
   3.4850000e+02   1.4005883e+01
   3.4875000e+02   1.4005845e+01
   3.4900000e+02   1.4005807e+01
   3.4925000e+02   1.4005770e+01
   3.4950000e+02   1.4005732e+01
   3.4975000e+02   1.4005695e+01
   3.5000000e+02   1.4005658e+01
   3.5025000e+02   1.4005621e+01
   3.5050000e+02   1.4005585e+01
   3.5075000e+02   1.4005549e+01
   3.5100000e+02   1.4005513e+01
   3.5125000e+02   1.4005477e+01
   3.5150000e+02   1.4005441e+01
   3.5175000e+02   1.4005406e+01
   3.5200000e+02   1.4005371e+01
   3.5225000e+02   1.4005336e+01
   3.5250000e+02   1.4005302e+01
   3.5275000e+02   1.4005267e+01
   3.5300000e+02   1.4005233e+01
   3.5325000e+02   1.4005199e+01
   3.5350000e+02   1.4005165e+01
   3.5375000e+02   1.4005132e+01
   3.5400000e+02   1.4005099e+01
   3.5425000e+02   1.4005066e+01
   3.5450000e+02   1.4005033e+01
   3.5475000e+02   1.4005000e+01
   3.5500000e+02   1.4004968e+01
   3.5525000e+02   1.4004935e+01
   3.5550000e+02   1.4004903e+01
   3.5575000e+02   1.4004872e+01
   3.5600000e+02   1.4004840e+01
   3.5625000e+02   1.4004809e+01
   3.5650000e+02   1.4004777e+01
   3.5675000e+02   1.4004746e+01
   3.5700000e+02   1.4004716e+01
   3.5725000e+02   1.4004685e+01
   3.5750000e+02   1.4004655e+01
   3.5775000e+02   1.4004625e+01
   3.5800000e+02   1.4004595e+01
   3.5825000e+02   1.4004565e+01
   3.5850000e+02   1.4004535e+01
   3.5875000e+02   1.4004506e+01
   3.5900000e+02   1.4004476e+01
   3.5925000e+02   1.4004447e+01
   3.5950000e+02   1.4004419e+01
   3.5975000e+02   1.4004390e+01
   3.6000000e+02   1.4004361e+01
   3.6025000e+02   1.4004333e+01
   3.6050000e+02   1.4004305e+01
   3.6075000e+02   1.4004277e+01
   3.6100000e+02   1.4004249e+01
   3.6125000e+02   1.4004222e+01
   3.6150000e+02   1.4004194e+01
   3.6175000e+02   1.4004167e+01
   3.6200000e+02   1.4004140e+01
   3.6225000e+02   1.4004113e+01
   3.6250000e+02   1.4004087e+01
   3.6275000e+02   1.4004060e+01
   3.6300000e+02   1.4004034e+01
   3.6325000e+02   1.4004008e+01
   3.6350000e+02   1.4003982e+01
   3.6375000e+02   1.4003956e+01
   3.6400000e+02   1.4003930e+01
   3.6425000e+02   1.4003905e+01
   3.6450000e+02   1.4003879e+01
   3.6475000e+02   1.4003854e+01
   3.6500000e+02   1.4003829e+01
   3.6525000e+02   1.4003804e+01
   3.6550000e+02   1.4003780e+01
   3.6575000e+02   1.4003755e+01
   3.6600000e+02   1.4003731e+01
   3.6625000e+02   1.4003707e+01
   3.6650000e+02   1.4003683e+01
   3.6675000e+02   1.4003659e+01
   3.6700000e+02   1.4003635e+01
   3.6725000e+02   1.4003611e+01
   3.6750000e+02   1.4003588e+01
   3.6775000e+02   1.4003565e+01
   3.6800000e+02   1.4003542e+01
   3.6825000e+02   1.4003519e+01
   3.6850000e+02   1.4003496e+01
   3.6875000e+02   1.4003473e+01
   3.6900000e+02   1.4003451e+01
   3.6925000e+02   1.4003428e+01
   3.6950000e+02   1.4003406e+01
   3.6975000e+02   1.4003384e+01
   3.7000000e+02   1.4003362e+01
   3.7025000e+02   1.4003340e+01
   3.7050000e+02   1.4003319e+01
   3.7075000e+02   1.4003297e+01
   3.7100000e+02   1.4003276e+01
   3.7125000e+02   1.4003254e+01
   3.7150000e+02   1.4003233e+01
   3.7175000e+02   1.4003212e+01
   3.7200000e+02   1.4003191e+01
   3.7225000e+02   1.4003171e+01
   3.7250000e+02   1.4003150e+01
   3.7275000e+02   1.4003130e+01
   3.7300000e+02   1.4003109e+01
   3.7325000e+02   1.4003089e+01
   3.7350000e+02   1.4003069e+01
   3.7375000e+02   1.4003049e+01
   3.7400000e+02   1.4003030e+01
   3.7425000e+02   1.4003010e+01
   3.7450000e+02   1.4002990e+01
   3.7475000e+02   1.4002971e+01
   3.7500000e+02   1.4002952e+01
   3.7525000e+02   1.4002933e+01
   3.7550000e+02   1.4002914e+01
   3.7575000e+02   1.4002895e+01
   3.7600000e+02   1.4002876e+01
   3.7625000e+02   1.4002857e+01
   3.7650000e+02   1.4002839e+01
   3.7675000e+02   1.4002820e+01
   3.7700000e+02   1.4002802e+01
   3.7725000e+02   1.4002784e+01
   3.7750000e+02   1.4002766e+01
   3.7775000e+02   1.4002748e+01
   3.7800000e+02   1.4002730e+01
   3.7825000e+02   1.4002712e+01
   3.7850000e+02   1.4002695e+01
   3.7875000e+02   1.4002677e+01
   3.7900000e+02   1.4002660e+01
   3.7925000e+02   1.4002643e+01
   3.7950000e+02   1.4002626e+01
   3.7975000e+02   1.4002608e+01
   3.8000000e+02   1.4002592e+01
   3.8025000e+02   1.4002575e+01
   3.8050000e+02   1.4002558e+01
   3.8075000e+02   1.4002541e+01
   3.8100000e+02   1.4002525e+01
   3.8125000e+02   1.4002509e+01
   3.8150000e+02   1.4002492e+01
   3.8175000e+02   1.4002476e+01
   3.8200000e+02   1.4002460e+01
   3.8225000e+02   1.4002444e+01
   3.8250000e+02   1.4002428e+01
   3.8275000e+02   1.4002413e+01
   3.8300000e+02   1.4002397e+01
   3.8325000e+02   1.4002381e+01
   3.8350000e+02   1.4002366e+01
   3.8375000e+02   1.4002351e+01
   3.8400000e+02   1.4002335e+01
   3.8425000e+02   1.4002320e+01
   3.8450000e+02   1.4002305e+01
   3.8475000e+02   1.4002290e+01
   3.8500000e+02   1.4002275e+01
   3.8525000e+02   1.4002261e+01
   3.8550000e+02   1.4002246e+01
   3.8575000e+02   1.4002231e+01
   3.8600000e+02   1.4002217e+01
   3.8625000e+02   1.4002202e+01
   3.8650000e+02   1.4002188e+01
   3.8675000e+02   1.4002174e+01
   3.8700000e+02   1.4002160e+01
   3.8725000e+02   1.4002146e+01
   3.8750000e+02   1.4002132e+01
   3.8775000e+02   1.4002118e+01
   3.8800000e+02   1.4002104e+01
   3.8825000e+02   1.4002091e+01
   3.8850000e+02   1.4002077e+01
   3.8875000e+02   1.4002064e+01
   3.8900000e+02   1.4002050e+01
   3.8925000e+02   1.4002037e+01
   3.8950000e+02   1.4002024e+01
   3.8975000e+02   1.4002011e+01
   3.9000000e+02   1.4001998e+01
   3.9025000e+02   1.4001985e+01
   3.9050000e+02   1.4001972e+01
   3.9075000e+02   1.4001959e+01
   3.9100000e+02   1.4001946e+01
   3.9125000e+02   1.4001934e+01
   3.9150000e+02   1.4001921e+01
   3.9175000e+02   1.4001909e+01
   3.9200000e+02   1.4001896e+01
   3.9225000e+02   1.4001884e+01
   3.9250000e+02   1.4001872e+01
   3.9275000e+02   1.4001860e+01
   3.9300000e+02   1.4001848e+01
   3.9325000e+02   1.4001836e+01
   3.9350000e+02   1.4001824e+01
   3.9375000e+02   1.4001812e+01
   3.9400000e+02   1.4001800e+01
   3.9425000e+02   1.4001788e+01
   3.9450000e+02   1.4001777e+01
   3.9475000e+02   1.4001765e+01
   3.9500000e+02   1.4001754e+01
   3.9525000e+02   1.4001743e+01
   3.9550000e+02   1.4001731e+01
   3.9575000e+02   1.4001720e+01
   3.9600000e+02   1.4001709e+01
   3.9625000e+02   1.4001698e+01
   3.9650000e+02   1.4001687e+01
   3.9675000e+02   1.4001676e+01
   3.9700000e+02   1.4001665e+01
   3.9725000e+02   1.4001654e+01
   3.9750000e+02   1.4001643e+01
   3.9775000e+02   1.4001633e+01
   3.9800000e+02   1.4001622e+01
   3.9825000e+02   1.4001612e+01
   3.9850000e+02   1.4001601e+01
   3.9875000e+02   1.4001591e+01
   3.9900000e+02   1.4001580e+01
   3.9925000e+02   1.4001570e+01
   3.9950000e+02   1.4001560e+01
   3.9975000e+02   1.4001550e+01
   4.0000000e+02   1.4001540e+01
   4.0025000e+02   1.4001530e+01
   4.0050000e+02   1.4001520e+01
   4.0075000e+02   1.4001510e+01
   4.0100000e+02   1.4001500e+01
   4.0125000e+02   1.4001491e+01
   4.0150000e+02   1.4001481e+01
   4.0175000e+02   1.4001471e+01
   4.0200000e+02   1.4001462e+01
   4.0225000e+02   1.4001452e+01
   4.0250000e+02   1.4001443e+01
   4.0275000e+02   1.4001434e+01
   4.0300000e+02   1.4001424e+01
   4.0325000e+02   1.4001415e+01
   4.0350000e+02   1.4001406e+01
   4.0375000e+02   1.4001397e+01
   4.0400000e+02   1.4001388e+01
   4.0425000e+02   1.4001379e+01
   4.0450000e+02   1.4001370e+01
   4.0475000e+02   1.4001361e+01
   4.0500000e+02   1.4001352e+01
   4.0525000e+02   1.4001343e+01
   4.0550000e+02   1.4001335e+01
   4.0575000e+02   1.4001326e+01
   4.0600000e+02   1.4001317e+01
   4.0625000e+02   1.4001309e+01
   4.0650000e+02   1.4001300e+01
   4.0675000e+02   1.4001292e+01
   4.0700000e+02   1.4001283e+01
   4.0725000e+02   1.4001275e+01
   4.0750000e+02   1.4001267e+01
   4.0775000e+02   1.4001259e+01
   4.0800000e+02   1.4001250e+01
   4.0825000e+02   1.4001242e+01
   4.0850000e+02   1.4001234e+01
   4.0875000e+02   1.4001226e+01
   4.0900000e+02   1.4001218e+01
   4.0925000e+02   1.4001210e+01
   4.0950000e+02   1.4001203e+01
   4.0975000e+02   1.4001195e+01
   4.1000000e+02   1.4001187e+01
   4.1025000e+02   1.4001179e+01
   4.1050000e+02   1.4001172e+01
   4.1075000e+02   1.4001164e+01
   4.1100000e+02   1.4001157e+01
   4.1125000e+02   1.4001149e+01
   4.1150000e+02   1.4001142e+01
   4.1175000e+02   1.4001134e+01
   4.1200000e+02   1.4001127e+01
   4.1225000e+02   1.4001119e+01
   4.1250000e+02   1.4001112e+01
   4.1275000e+02   1.4001105e+01
   4.1300000e+02   1.4001098e+01
   4.1325000e+02   1.4001091e+01
   4.1350000e+02   1.4001084e+01
   4.1375000e+02   1.4001077e+01
   4.1400000e+02   1.4001070e+01
   4.1425000e+02   1.4001063e+01
   4.1450000e+02   1.4001056e+01
   4.1475000e+02   1.4001049e+01
   4.1500000e+02   1.4001042e+01
   4.1525000e+02   1.4001035e+01
   4.1550000e+02   1.4001029e+01
   4.1575000e+02   1.4001022e+01
   4.1600000e+02   1.4001015e+01
   4.1625000e+02   1.4001009e+01
   4.1650000e+02   1.4001002e+01
   4.1675000e+02   1.4000996e+01
   4.1700000e+02   1.4000989e+01
   4.1725000e+02   1.4000983e+01
   4.1750000e+02   1.4000977e+01
   4.1775000e+02   1.4000970e+01
   4.1800000e+02   1.4000964e+01
   4.1825000e+02   1.4000958e+01
   4.1850000e+02   1.4000951e+01
   4.1875000e+02   1.4000945e+01
   4.1900000e+02   1.4000939e+01
   4.1925000e+02   1.4000933e+01
   4.1950000e+02   1.4000927e+01
   4.1975000e+02   1.4000921e+01
   4.2000000e+02   1.4000915e+01
   4.2025000e+02   1.4000909e+01
   4.2050000e+02   1.4000903e+01
   4.2075000e+02   1.4000897e+01
   4.2100000e+02   1.4000891e+01
   4.2125000e+02   1.4000886e+01
   4.2150000e+02   1.4000880e+01
   4.2175000e+02   1.4000874e+01
   4.2200000e+02   1.4000869e+01
   4.2225000e+02   1.4000863e+01
   4.2250000e+02   1.4000857e+01
   4.2275000e+02   1.4000852e+01
   4.2300000e+02   1.4000846e+01
   4.2325000e+02   1.4000841e+01
   4.2350000e+02   1.4000835e+01
   4.2375000e+02   1.4000830e+01
   4.2400000e+02   1.4000825e+01
   4.2425000e+02   1.4000819e+01
   4.2450000e+02   1.4000814e+01
   4.2475000e+02   1.4000809e+01
   4.2500000e+02   1.4000803e+01
   4.2525000e+02   1.4000798e+01
   4.2550000e+02   1.4000793e+01
   4.2575000e+02   1.4000788e+01
   4.2600000e+02   1.4000783e+01
   4.2625000e+02   1.4000778e+01
   4.2650000e+02   1.4000773e+01
   4.2675000e+02   1.4000768e+01
   4.2700000e+02   1.4000763e+01
   4.2725000e+02   1.4000758e+01
   4.2750000e+02   1.4000753e+01
   4.2775000e+02   1.4000748e+01
   4.2800000e+02   1.4000743e+01
   4.2825000e+02   1.4000738e+01
   4.2850000e+02   1.4000733e+01
   4.2875000e+02   1.4000729e+01
   4.2900000e+02   1.4000724e+01
   4.2925000e+02   1.4000719e+01
   4.2950000e+02   1.4000715e+01
   4.2975000e+02   1.4000710e+01
   4.3000000e+02   1.4000705e+01
   4.3025000e+02   1.4000701e+01
   4.3050000e+02   1.4000696e+01
   4.3075000e+02   1.4000692e+01
   4.3100000e+02   1.4000687e+01
   4.3125000e+02   1.4000683e+01
   4.3150000e+02   1.4000678e+01
   4.3175000e+02   1.4000674e+01
   4.3200000e+02   1.4000670e+01
   4.3225000e+02   1.4000665e+01
   4.3250000e+02   1.4000661e+01
   4.3275000e+02   1.4000657e+01
   4.3300000e+02   1.4000652e+01
   4.3325000e+02   1.4000648e+01
   4.3350000e+02   1.4000644e+01
   4.3375000e+02   1.4000640e+01
   4.3400000e+02   1.4000636e+01
   4.3425000e+02   1.4000631e+01
   4.3450000e+02   1.4000627e+01
   4.3475000e+02   1.4000623e+01
   4.3500000e+02   1.4000619e+01
   4.3525000e+02   1.4000615e+01
   4.3550000e+02   1.4000611e+01
   4.3575000e+02   1.4000607e+01
   4.3600000e+02   1.4000603e+01
   4.3625000e+02   1.4000599e+01
   4.3650000e+02   1.4000596e+01
   4.3675000e+02   1.4000592e+01
   4.3700000e+02   1.4000588e+01
   4.3725000e+02   1.4000584e+01
   4.3750000e+02   1.4000580e+01
   4.3775000e+02   1.4000576e+01
   4.3800000e+02   1.4000573e+01
   4.3825000e+02   1.4000569e+01
   4.3850000e+02   1.4000565e+01
   4.3875000e+02   1.4000562e+01
   4.3900000e+02   1.4000558e+01
   4.3925000e+02   1.4000554e+01
   4.3950000e+02   1.4000551e+01
   4.3975000e+02   1.4000547e+01
   4.4000000e+02   1.4000544e+01
   4.4025000e+02   1.4000540e+01
   4.4050000e+02   1.4000537e+01
   4.4075000e+02   1.4000533e+01
   4.4100000e+02   1.4000530e+01
   4.4125000e+02   1.4000526e+01
   4.4150000e+02   1.4000523e+01
   4.4175000e+02   1.4000519e+01
   4.4200000e+02   1.4000516e+01
   4.4225000e+02   1.4000513e+01
   4.4250000e+02   1.4000509e+01
   4.4275000e+02   1.4000506e+01
   4.4300000e+02   1.4000503e+01
   4.4325000e+02   1.4000500e+01
   4.4350000e+02   1.4000496e+01
   4.4375000e+02   1.4000493e+01
   4.4400000e+02   1.4000490e+01
   4.4425000e+02   1.4000487e+01
   4.4450000e+02   1.4000484e+01
   4.4475000e+02   1.4000480e+01
   4.4500000e+02   1.4000477e+01
   4.4525000e+02   1.4000474e+01
   4.4550000e+02   1.4000471e+01
   4.4575000e+02   1.4000468e+01
   4.4600000e+02   1.4000465e+01
   4.4625000e+02   1.4000462e+01
   4.4650000e+02   1.4000459e+01
   4.4675000e+02   1.4000456e+01
   4.4700000e+02   1.4000453e+01
   4.4725000e+02   1.4000450e+01
   4.4750000e+02   1.4000447e+01
   4.4775000e+02   1.4000444e+01
   4.4800000e+02   1.4000441e+01
   4.4825000e+02   1.4000439e+01
   4.4850000e+02   1.4000436e+01
   4.4875000e+02   1.4000433e+01
   4.4900000e+02   1.4000430e+01
   4.4925000e+02   1.4000427e+01
   4.4950000e+02   1.4000425e+01
   4.4975000e+02   1.4000422e+01
   4.5000000e+02   1.4000419e+01
   4.5025000e+02   1.4000416e+01
   4.5050000e+02   1.4000414e+01
   4.5075000e+02   1.4000411e+01
   4.5100000e+02   1.4000408e+01
   4.5125000e+02   1.4000406e+01
   4.5150000e+02   1.4000403e+01
   4.5175000e+02   1.4000400e+01
   4.5200000e+02   1.4000398e+01
   4.5225000e+02   1.4000395e+01
   4.5250000e+02   1.4000393e+01
   4.5275000e+02   1.4000390e+01
   4.5300000e+02   1.4000388e+01
   4.5325000e+02   1.4000385e+01
   4.5350000e+02   1.4000383e+01
   4.5375000e+02   1.4000380e+01
   4.5400000e+02   1.4000378e+01
   4.5425000e+02   1.4000375e+01
   4.5450000e+02   1.4000373e+01
   4.5475000e+02   1.4000370e+01
   4.5500000e+02   1.4000368e+01
   4.5525000e+02   1.4000366e+01
   4.5550000e+02   1.4000363e+01
   4.5575000e+02   1.4000361e+01
   4.5600000e+02   1.4000359e+01
   4.5625000e+02   1.4000356e+01
   4.5650000e+02   1.4000354e+01
   4.5675000e+02   1.4000352e+01
   4.5700000e+02   1.4000349e+01
   4.5725000e+02   1.4000347e+01
   4.5750000e+02   1.4000345e+01
   4.5775000e+02   1.4000343e+01
   4.5800000e+02   1.4000340e+01
   4.5825000e+02   1.4000338e+01
   4.5850000e+02   1.4000336e+01
   4.5875000e+02   1.4000334e+01
   4.5900000e+02   1.4000332e+01
   4.5925000e+02   1.4000329e+01
   4.5950000e+02   1.4000327e+01
   4.5975000e+02   1.4000325e+01
   4.6000000e+02   1.4000323e+01
   4.6025000e+02   1.4000321e+01
   4.6050000e+02   1.4000319e+01
   4.6075000e+02   1.4000317e+01
   4.6100000e+02   1.4000315e+01
   4.6125000e+02   1.4000313e+01
   4.6150000e+02   1.4000311e+01
   4.6175000e+02   1.4000309e+01
   4.6200000e+02   1.4000307e+01
   4.6225000e+02   1.4000305e+01
   4.6250000e+02   1.4000303e+01
   4.6275000e+02   1.4000301e+01
   4.6300000e+02   1.4000299e+01
   4.6325000e+02   1.4000297e+01
   4.6350000e+02   1.4000295e+01
   4.6375000e+02   1.4000293e+01
   4.6400000e+02   1.4000291e+01
   4.6425000e+02   1.4000289e+01
   4.6450000e+02   1.4000287e+01
   4.6475000e+02   1.4000285e+01
   4.6500000e+02   1.4000284e+01
   4.6525000e+02   1.4000282e+01
   4.6550000e+02   1.4000280e+01
   4.6575000e+02   1.4000278e+01
   4.6600000e+02   1.4000276e+01
   4.6625000e+02   1.4000275e+01
   4.6650000e+02   1.4000273e+01
   4.6675000e+02   1.4000271e+01
   4.6700000e+02   1.4000269e+01
   4.6725000e+02   1.4000268e+01
   4.6750000e+02   1.4000266e+01
   4.6775000e+02   1.4000264e+01
   4.6800000e+02   1.4000262e+01
   4.6825000e+02   1.4000261e+01
   4.6850000e+02   1.4000259e+01
   4.6875000e+02   1.4000257e+01
   4.6900000e+02   1.4000256e+01
   4.6925000e+02   1.4000254e+01
   4.6950000e+02   1.4000252e+01
   4.6975000e+02   1.4000251e+01
   4.7000000e+02   1.4000249e+01
   4.7025000e+02   1.4000247e+01
   4.7050000e+02   1.4000246e+01
   4.7075000e+02   1.4000244e+01
   4.7100000e+02   1.4000243e+01
   4.7125000e+02   1.4000241e+01
   4.7150000e+02   1.4000239e+01
   4.7175000e+02   1.4000238e+01
   4.7200000e+02   1.4000236e+01
   4.7225000e+02   1.4000235e+01
   4.7250000e+02   1.4000233e+01
   4.7275000e+02   1.4000232e+01
   4.7300000e+02   1.4000230e+01
   4.7325000e+02   1.4000229e+01
   4.7350000e+02   1.4000227e+01
   4.7375000e+02   1.4000226e+01
   4.7400000e+02   1.4000224e+01
   4.7425000e+02   1.4000223e+01
   4.7450000e+02   1.4000222e+01
   4.7475000e+02   1.4000220e+01
   4.7500000e+02   1.4000219e+01
   4.7525000e+02   1.4000217e+01
   4.7550000e+02   1.4000216e+01
   4.7575000e+02   1.4000214e+01
   4.7600000e+02   1.4000213e+01
   4.7625000e+02   1.4000212e+01
   4.7650000e+02   1.4000210e+01
   4.7675000e+02   1.4000209e+01
   4.7700000e+02   1.4000208e+01
   4.7725000e+02   1.4000206e+01
   4.7750000e+02   1.4000205e+01
   4.7775000e+02   1.4000204e+01
   4.7800000e+02   1.4000202e+01
   4.7825000e+02   1.4000201e+01
   4.7850000e+02   1.4000200e+01
   4.7875000e+02   1.4000198e+01
   4.7900000e+02   1.4000197e+01
   4.7925000e+02   1.4000196e+01
   4.7950000e+02   1.4000194e+01
   4.7975000e+02   1.4000193e+01
   4.8000000e+02   1.4000192e+01
   4.8025000e+02   1.4000191e+01
   4.8050000e+02   1.4000189e+01
   4.8075000e+02   1.4000188e+01
   4.8100000e+02   1.4000187e+01
   4.8125000e+02   1.4000186e+01
   4.8150000e+02   1.4000185e+01
   4.8175000e+02   1.4000183e+01
   4.8200000e+02   1.4000182e+01
   4.8225000e+02   1.4000181e+01
   4.8250000e+02   1.4000180e+01
   4.8275000e+02   1.4000179e+01
   4.8300000e+02   1.4000178e+01
   4.8325000e+02   1.4000176e+01
   4.8350000e+02   1.4000175e+01
   4.8375000e+02   1.4000174e+01
   4.8400000e+02   1.4000173e+01
   4.8425000e+02   1.4000172e+01
   4.8450000e+02   1.4000171e+01
   4.8475000e+02   1.4000170e+01
   4.8500000e+02   1.4000169e+01
   4.8525000e+02   1.4000167e+01
   4.8550000e+02   1.4000166e+01
   4.8575000e+02   1.4000165e+01
   4.8600000e+02   1.4000164e+01
   4.8625000e+02   1.4000163e+01
   4.8650000e+02   1.4000162e+01
   4.8675000e+02   1.4000161e+01
   4.8700000e+02   1.4000160e+01
   4.8725000e+02   1.4000159e+01
   4.8750000e+02   1.4000158e+01
   4.8775000e+02   1.4000157e+01
   4.8800000e+02   1.4000156e+01
   4.8825000e+02   1.4000155e+01
   4.8850000e+02   1.4000154e+01
   4.8875000e+02   1.4000153e+01
   4.8900000e+02   1.4000152e+01
   4.8925000e+02   1.4000151e+01
   4.8950000e+02   1.4000150e+01
   4.8975000e+02   1.4000149e+01
   4.9000000e+02   1.4000148e+01
   4.9025000e+02   1.4000147e+01
   4.9050000e+02   1.4000146e+01
   4.9075000e+02   1.4000145e+01
   4.9100000e+02   1.4000144e+01
   4.9125000e+02   1.4000143e+01
   4.9150000e+02   1.4000142e+01
   4.9175000e+02   1.4000141e+01
   4.9200000e+02   1.4000140e+01
   4.9225000e+02   1.4000140e+01
   4.9250000e+02   1.4000139e+01
   4.9275000e+02   1.4000138e+01
   4.9300000e+02   1.4000137e+01
   4.9325000e+02   1.4000136e+01
   4.9350000e+02   1.4000135e+01
   4.9375000e+02   1.4000134e+01
   4.9400000e+02   1.4000133e+01
   4.9425000e+02   1.4000132e+01
   4.9450000e+02   1.4000132e+01
   4.9475000e+02   1.4000131e+01
   4.9500000e+02   1.4000130e+01
   4.9525000e+02   1.4000129e+01
   4.9550000e+02   1.4000128e+01
   4.9575000e+02   1.4000127e+01
   4.9600000e+02   1.4000127e+01
   4.9625000e+02   1.4000126e+01
   4.9650000e+02   1.4000125e+01
   4.9675000e+02   1.4000124e+01
   4.9700000e+02   1.4000123e+01
   4.9725000e+02   1.4000123e+01
   4.9750000e+02   1.4000122e+01
   4.9775000e+02   1.4000121e+01
   4.9800000e+02   1.4000120e+01
   4.9825000e+02   1.4000119e+01
   4.9850000e+02   1.4000119e+01
   4.9875000e+02   1.4000118e+01
   4.9900000e+02   1.4000117e+01
   4.9925000e+02   1.4000116e+01
   4.9950000e+02   1.4000116e+01
   4.9975000e+02   1.4000115e+01
   5.0000000e+02   1.4000114e+01
   5.0025000e+02   1.4000113e+01
   5.0050000e+02   1.4000113e+01
   5.0075000e+02   1.4000112e+01
   5.0100000e+02   1.4000111e+01
   5.0125000e+02   1.4000110e+01
   5.0150000e+02   1.4000110e+01
   5.0175000e+02   1.4000109e+01
   5.0200000e+02   1.4000108e+01
   5.0225000e+02   1.4000108e+01
   5.0250000e+02   1.4000107e+01
   5.0275000e+02   1.4000106e+01
   5.0300000e+02   1.4000105e+01
   5.0325000e+02   1.4000105e+01
   5.0350000e+02   1.4000104e+01
   5.0375000e+02   1.4000103e+01
   5.0400000e+02   1.4000103e+01
   5.0425000e+02   1.4000102e+01
   5.0450000e+02   1.4000101e+01
   5.0475000e+02   1.4000101e+01
   5.0500000e+02   1.4000100e+01
   5.0525000e+02   1.4000099e+01
   5.0550000e+02   1.4000099e+01
   5.0575000e+02   1.4000098e+01
   5.0600000e+02   1.4000098e+01
   5.0625000e+02   1.4000097e+01
   5.0650000e+02   1.4000096e+01
   5.0675000e+02   1.4000096e+01
   5.0700000e+02   1.4000095e+01
   5.0725000e+02   1.4000094e+01
   5.0750000e+02   1.4000094e+01
   5.0775000e+02   1.4000093e+01
   5.0800000e+02   1.4000093e+01
   5.0825000e+02   1.4000092e+01
   5.0850000e+02   1.4000091e+01
   5.0875000e+02   1.4000091e+01
   5.0900000e+02   1.4000090e+01
   5.0925000e+02   1.4000090e+01
   5.0950000e+02   1.4000089e+01
   5.0975000e+02   1.4000088e+01
   5.1000000e+02   1.4000088e+01
   5.1025000e+02   1.4000087e+01
   5.1050000e+02   1.4000087e+01
   5.1075000e+02   1.4000086e+01
   5.1100000e+02   1.4000086e+01
   5.1125000e+02   1.4000085e+01
   5.1150000e+02   1.4000085e+01
   5.1175000e+02   1.4000084e+01
   5.1200000e+02   1.4000083e+01
   5.1225000e+02   1.4000083e+01
   5.1250000e+02   1.4000082e+01
   5.1275000e+02   1.4000082e+01
   5.1300000e+02   1.4000081e+01
   5.1325000e+02   1.4000081e+01
   5.1350000e+02   1.4000080e+01
   5.1375000e+02   1.4000080e+01
   5.1400000e+02   1.4000079e+01
   5.1425000e+02   1.4000079e+01
   5.1450000e+02   1.4000078e+01
   5.1475000e+02   1.4000078e+01
   5.1500000e+02   1.4000077e+01
   5.1525000e+02   1.4000077e+01
   5.1550000e+02   1.4000076e+01
   5.1575000e+02   1.4000076e+01
   5.1600000e+02   1.4000075e+01
   5.1625000e+02   1.4000075e+01
   5.1650000e+02   1.4000074e+01
   5.1675000e+02   1.4000074e+01
   5.1700000e+02   1.4000073e+01
   5.1725000e+02   1.4000073e+01
   5.1750000e+02   1.4000072e+01
   5.1775000e+02   1.4000072e+01
   5.1800000e+02   1.4000071e+01
   5.1825000e+02   1.4000071e+01
   5.1850000e+02   1.4000070e+01
   5.1875000e+02   1.4000070e+01
   5.1900000e+02   1.4000070e+01
   5.1925000e+02   1.4000069e+01
   5.1950000e+02   1.4000069e+01
   5.1975000e+02   1.4000068e+01
   5.2000000e+02   1.4000068e+01
   5.2025000e+02   1.4000067e+01
   5.2050000e+02   1.4000067e+01
   5.2075000e+02   1.4000066e+01
   5.2100000e+02   1.4000066e+01
   5.2125000e+02   1.4000066e+01
   5.2150000e+02   1.4000065e+01
   5.2175000e+02   1.4000065e+01
   5.2200000e+02   1.4000064e+01
   5.2225000e+02   1.4000064e+01
   5.2250000e+02   1.4000064e+01
   5.2275000e+02   1.4000063e+01
   5.2300000e+02   1.4000063e+01
   5.2325000e+02   1.4000062e+01
   5.2350000e+02   1.4000062e+01
   5.2375000e+02   1.4000061e+01
   5.2400000e+02   1.4000061e+01
   5.2425000e+02   1.4000061e+01
   5.2450000e+02   1.4000060e+01
   5.2475000e+02   1.4000060e+01
   5.2500000e+02   1.4000060e+01
   5.2525000e+02   1.4000059e+01
   5.2550000e+02   1.4000059e+01
   5.2575000e+02   1.4000058e+01
   5.2600000e+02   1.4000058e+01
   5.2625000e+02   1.4000058e+01
   5.2650000e+02   1.4000057e+01
   5.2675000e+02   1.4000057e+01
   5.2700000e+02   1.4000056e+01
   5.2725000e+02   1.4000056e+01
   5.2750000e+02   1.4000056e+01
   5.2775000e+02   1.4000055e+01
   5.2800000e+02   1.4000055e+01
   5.2825000e+02   1.4000055e+01
   5.2850000e+02   1.4000054e+01
   5.2875000e+02   1.4000054e+01
   5.2900000e+02   1.4000054e+01
   5.2925000e+02   1.4000053e+01
   5.2950000e+02   1.4000053e+01
   5.2975000e+02   1.4000053e+01
   5.3000000e+02   1.4000052e+01
   5.3025000e+02   1.4000052e+01
   5.3050000e+02   1.4000052e+01
   5.3075000e+02   1.4000051e+01
   5.3100000e+02   1.4000051e+01
   5.3125000e+02   1.4000051e+01
   5.3150000e+02   1.4000050e+01
   5.3175000e+02   1.4000050e+01
   5.3200000e+02   1.4000050e+01
   5.3225000e+02   1.4000049e+01
   5.3250000e+02   1.4000049e+01
   5.3275000e+02   1.4000049e+01
   5.3300000e+02   1.4000048e+01
   5.3325000e+02   1.4000048e+01
   5.3350000e+02   1.4000048e+01
   5.3375000e+02   1.4000047e+01
   5.3400000e+02   1.4000047e+01
   5.3425000e+02   1.4000047e+01
   5.3450000e+02   1.4000046e+01
   5.3475000e+02   1.4000046e+01
   5.3500000e+02   1.4000046e+01
   5.3525000e+02   1.4000046e+01
   5.3550000e+02   1.4000045e+01
   5.3575000e+02   1.4000045e+01
   5.3600000e+02   1.4000045e+01
   5.3625000e+02   1.4000044e+01
   5.3650000e+02   1.4000044e+01
   5.3675000e+02   1.4000044e+01
   5.3700000e+02   1.4000044e+01
   5.3725000e+02   1.4000043e+01
   5.3750000e+02   1.4000043e+01
   5.3775000e+02   1.4000043e+01
   5.3800000e+02   1.4000042e+01
   5.3825000e+02   1.4000042e+01
   5.3850000e+02   1.4000042e+01
   5.3875000e+02   1.4000042e+01
   5.3900000e+02   1.4000041e+01
   5.3925000e+02   1.4000041e+01
   5.3950000e+02   1.4000041e+01
   5.3975000e+02   1.4000041e+01
   5.4000000e+02   1.4000040e+01
   5.4025000e+02   1.4000040e+01
   5.4050000e+02   1.4000040e+01
   5.4075000e+02   1.4000039e+01
   5.4100000e+02   1.4000039e+01
   5.4125000e+02   1.4000039e+01
   5.4150000e+02   1.4000039e+01
   5.4175000e+02   1.4000038e+01
   5.4200000e+02   1.4000038e+01
   5.4225000e+02   1.4000038e+01
   5.4250000e+02   1.4000038e+01
   5.4275000e+02   1.4000037e+01
   5.4300000e+02   1.4000037e+01
   5.4325000e+02   1.4000037e+01
   5.4350000e+02   1.4000037e+01
   5.4375000e+02   1.4000037e+01
   5.4400000e+02   1.4000036e+01
   5.4425000e+02   1.4000036e+01
   5.4450000e+02   1.4000036e+01
   5.4475000e+02   1.4000036e+01
   5.4500000e+02   1.4000035e+01
   5.4525000e+02   1.4000035e+01
   5.4550000e+02   1.4000035e+01
   5.4575000e+02   1.4000035e+01
   5.4600000e+02   1.4000034e+01
   5.4625000e+02   1.4000034e+01
   5.4650000e+02   1.4000034e+01
   5.4675000e+02   1.4000034e+01
   5.4700000e+02   1.4000034e+01
   5.4725000e+02   1.4000033e+01
   5.4750000e+02   1.4000033e+01
   5.4775000e+02   1.4000033e+01
   5.4800000e+02   1.4000033e+01
   5.4825000e+02   1.4000032e+01
   5.4850000e+02   1.4000032e+01
   5.4875000e+02   1.4000032e+01
   5.4900000e+02   1.4000032e+01
   5.4925000e+02   1.4000032e+01
   5.4950000e+02   1.4000031e+01
   5.4975000e+02   1.4000031e+01
   5.5000000e+02   1.4000031e+01
   5.5025000e+02   1.4000031e+01
   5.5050000e+02   1.4000031e+01
   5.5075000e+02   1.4000030e+01
   5.5100000e+02   1.4000030e+01
   5.5125000e+02   1.4000030e+01
   5.5150000e+02   1.4000030e+01
   5.5175000e+02   1.4000030e+01
   5.5200000e+02   1.4000029e+01
   5.5225000e+02   1.4000029e+01
   5.5250000e+02   1.4000029e+01
   5.5275000e+02   1.4000029e+01
   5.5300000e+02   1.4000029e+01
   5.5325000e+02   1.4000029e+01
   5.5350000e+02   1.4000028e+01
   5.5375000e+02   1.4000028e+01
   5.5400000e+02   1.4000028e+01
   5.5425000e+02   1.4000028e+01
   5.5450000e+02   1.4000028e+01
   5.5475000e+02   1.4000027e+01
   5.5500000e+02   1.4000027e+01
   5.5525000e+02   1.4000027e+01
   5.5550000e+02   1.4000027e+01
   5.5575000e+02   1.4000027e+01
   5.5600000e+02   1.4000027e+01
   5.5625000e+02   1.4000026e+01
   5.5650000e+02   1.4000026e+01
   5.5675000e+02   1.4000026e+01
   5.5700000e+02   1.4000026e+01
   5.5725000e+02   1.4000026e+01
   5.5750000e+02   1.4000026e+01
   5.5775000e+02   1.4000025e+01
   5.5800000e+02   1.4000025e+01
   5.5825000e+02   1.4000025e+01
   5.5850000e+02   1.4000025e+01
   5.5875000e+02   1.4000025e+01
   5.5900000e+02   1.4000025e+01
   5.5925000e+02   1.4000024e+01
   5.5950000e+02   1.4000024e+01
   5.5975000e+02   1.4000024e+01
   5.6000000e+02   1.4000024e+01
   5.6025000e+02   1.4000024e+01
   5.6050000e+02   1.4000024e+01
   5.6075000e+02   1.4000023e+01
   5.6100000e+02   1.4000023e+01
   5.6125000e+02   1.4000023e+01
   5.6150000e+02   1.4000023e+01
   5.6175000e+02   1.4000023e+01
   5.6200000e+02   1.4000023e+01
   5.6225000e+02   1.4000023e+01
   5.6250000e+02   1.4000022e+01
   5.6275000e+02   1.4000022e+01
   5.6300000e+02   1.4000022e+01
   5.6325000e+02   1.4000022e+01
   5.6350000e+02   1.4000022e+01
   5.6375000e+02   1.4000022e+01
   5.6400000e+02   1.4000022e+01
   5.6425000e+02   1.4000021e+01
   5.6450000e+02   1.4000021e+01
   5.6475000e+02   1.4000021e+01
   5.6500000e+02   1.4000021e+01
   5.6525000e+02   1.4000021e+01
   5.6550000e+02   1.4000021e+01
   5.6575000e+02   1.4000021e+01
   5.6600000e+02   1.4000020e+01
   5.6625000e+02   1.4000020e+01
   5.6650000e+02   1.4000020e+01
   5.6675000e+02   1.4000020e+01
   5.6700000e+02   1.4000020e+01
   5.6725000e+02   1.4000020e+01
   5.6750000e+02   1.4000020e+01
   5.6775000e+02   1.4000020e+01
   5.6800000e+02   1.4000019e+01
   5.6825000e+02   1.4000019e+01
   5.6850000e+02   1.4000019e+01
   5.6875000e+02   1.4000019e+01
   5.6900000e+02   1.4000019e+01
   5.6925000e+02   1.4000019e+01
   5.6950000e+02   1.4000019e+01
   5.6975000e+02   1.4000019e+01
   5.7000000e+02   1.4000018e+01
   5.7025000e+02   1.4000018e+01
   5.7050000e+02   1.4000018e+01
   5.7075000e+02   1.4000018e+01
   5.7100000e+02   1.4000018e+01
   5.7125000e+02   1.4000018e+01
   5.7150000e+02   1.4000018e+01
   5.7175000e+02   1.4000018e+01
   5.7200000e+02   1.4000018e+01
   5.7225000e+02   1.4000017e+01
   5.7250000e+02   1.4000017e+01
   5.7275000e+02   1.4000017e+01
   5.7300000e+02   1.4000017e+01
   5.7325000e+02   1.4000017e+01
   5.7350000e+02   1.4000017e+01
   5.7375000e+02   1.4000017e+01
   5.7400000e+02   1.4000017e+01
   5.7425000e+02   1.4000017e+01
   5.7450000e+02   1.4000016e+01
   5.7475000e+02   1.4000016e+01
   5.7500000e+02   1.4000016e+01
   5.7525000e+02   1.4000016e+01
   5.7550000e+02   1.4000016e+01
   5.7575000e+02   1.4000016e+01
   5.7600000e+02   1.4000016e+01
   5.7625000e+02   1.4000016e+01
   5.7650000e+02   1.4000016e+01
   5.7675000e+02   1.4000015e+01
   5.7700000e+02   1.4000015e+01
   5.7725000e+02   1.4000015e+01
   5.7750000e+02   1.4000015e+01
   5.7775000e+02   1.4000015e+01
   5.7800000e+02   1.4000015e+01
   5.7825000e+02   1.4000015e+01
   5.7850000e+02   1.4000015e+01
   5.7875000e+02   1.4000015e+01
   5.7900000e+02   1.4000015e+01
   5.7925000e+02   1.4000014e+01
   5.7950000e+02   1.4000014e+01
   5.7975000e+02   1.4000014e+01
   5.8000000e+02   1.4000014e+01
   5.8025000e+02   1.4000014e+01
   5.8050000e+02   1.4000014e+01
   5.8075000e+02   1.4000014e+01
   5.8100000e+02   1.4000014e+01
   5.8125000e+02   1.4000014e+01
   5.8150000e+02   1.4000014e+01
   5.8175000e+02   1.4000014e+01
   5.8200000e+02   1.4000013e+01
   5.8225000e+02   1.4000013e+01
   5.8250000e+02   1.4000013e+01
   5.8275000e+02   1.4000013e+01
   5.8300000e+02   1.4000013e+01
   5.8325000e+02   1.4000013e+01
   5.8350000e+02   1.4000013e+01
   5.8375000e+02   1.4000013e+01
   5.8400000e+02   1.4000013e+01
   5.8425000e+02   1.4000013e+01
   5.8450000e+02   1.4000013e+01
   5.8475000e+02   1.4000013e+01
   5.8500000e+02   1.4000012e+01
   5.8525000e+02   1.4000012e+01
   5.8550000e+02   1.4000012e+01
   5.8575000e+02   1.4000012e+01
   5.8600000e+02   1.4000012e+01
   5.8625000e+02   1.4000012e+01
   5.8650000e+02   1.4000012e+01
   5.8675000e+02   1.4000012e+01
   5.8700000e+02   1.4000012e+01
   5.8725000e+02   1.4000012e+01
   5.8750000e+02   1.4000012e+01
   5.8775000e+02   1.4000012e+01
   5.8800000e+02   1.4000012e+01
   5.8825000e+02   1.4000011e+01
   5.8850000e+02   1.4000011e+01
   5.8875000e+02   1.4000011e+01
   5.8900000e+02   1.4000011e+01
   5.8925000e+02   1.4000011e+01
   5.8950000e+02   1.4000011e+01
   5.8975000e+02   1.4000011e+01
   5.9000000e+02   1.4000011e+01
   5.9025000e+02   1.4000011e+01
   5.9050000e+02   1.4000011e+01
   5.9075000e+02   1.4000011e+01
   5.9100000e+02   1.4000011e+01
   5.9125000e+02   1.4000011e+01
   5.9150000e+02   1.4000011e+01
   5.9175000e+02   1.4000010e+01
   5.9200000e+02   1.4000010e+01
   5.9225000e+02   1.4000010e+01
   5.9250000e+02   1.4000010e+01
   5.9275000e+02   1.4000010e+01
   5.9300000e+02   1.4000010e+01
   5.9325000e+02   1.4000010e+01
   5.9350000e+02   1.4000010e+01
   5.9375000e+02   1.4000010e+01
   5.9400000e+02   1.4000010e+01
   5.9425000e+02   1.4000010e+01
   5.9450000e+02   1.4000010e+01
   5.9475000e+02   1.4000010e+01
   5.9500000e+02   1.4000010e+01
   5.9525000e+02   1.4000010e+01
   5.9550000e+02   1.4000009e+01
   5.9575000e+02   1.4000009e+01
   5.9600000e+02   1.4000009e+01
   5.9625000e+02   1.4000009e+01
   5.9650000e+02   1.4000009e+01
   5.9675000e+02   1.4000009e+01
   5.9700000e+02   1.4000009e+01
   5.9725000e+02   1.4000009e+01
   5.9750000e+02   1.4000009e+01
   5.9775000e+02   1.4000009e+01
   5.9800000e+02   1.4000009e+01
   5.9825000e+02   1.4000009e+01
   5.9850000e+02   1.4000009e+01
   5.9875000e+02   1.4000009e+01
   5.9900000e+02   1.4000009e+01
   5.9925000e+02   1.4000009e+01
   5.9950000e+02   1.4000009e+01
   5.9975000e+02   1.4000009e+01
   6.0000000e+02   1.4000008e+01
