   0.0000000e+00   5.2526316e+01
   2.5000000e-01   5.1710045e+01
   5.0000000e-01   5.0907504e+01
   7.5000000e-01   5.0118464e+01
   1.0000000e+00   4.9342696e+01
   1.2500000e+00   4.8579977e+01
   1.5000000e+00   4.7830088e+01
   1.7500000e+00   4.7092814e+01
   2.0000000e+00   4.6367941e+01
   2.2500000e+00   4.5655261e+01
   2.5000000e+00   4.4954569e+01
   2.7500000e+00   4.4265664e+01
   3.0000000e+00   4.3588347e+01
   3.2500000e+00   4.2922424e+01
   3.5000000e+00   4.2267702e+01
   3.7500000e+00   4.1623993e+01
   4.0000000e+00   4.0991112e+01
   4.2500000e+00   4.0368877e+01
   4.5000000e+00   3.9757109e+01
   4.7500000e+00   3.9155631e+01
   5.0000000e+00   3.8564271e+01
   5.2500000e+00   3.7982859e+01
   5.5000000e+00   3.7411226e+01
   5.7500000e+00   3.6849209e+01
   6.0000000e+00   3.6296646e+01
   6.2500000e+00   3.5753378e+01
   6.5000000e+00   3.5219248e+01
   6.7500000e+00   3.4694102e+01
   7.0000000e+00   3.4177791e+01
   7.2500000e+00   3.3670164e+01
   7.5000000e+00   3.3171076e+01
   7.7500000e+00   3.2680383e+01
   8.0000000e+00   3.2197945e+01
   8.2500000e+00   3.1723622e+01
   8.5000000e+00   3.1257277e+01
   8.7500000e+00   3.0798777e+01
   9.0000000e+00   3.0347989e+01
   9.2500000e+00   2.9904784e+01
   9.5000000e+00   2.9469035e+01
   9.7500000e+00   2.9040615e+01
   1.0000000e+01   2.8619402e+01
   1.0250000e+01   2.8205274e+01
   1.0500000e+01   2.7798112e+01
   1.0750000e+01   2.7397799e+01
   1.1000000e+01   2.7004220e+01
   1.1250000e+01   2.6617261e+01
   1.1500000e+01   2.6236812e+01
   1.1750000e+01   2.5862762e+01
   1.2000000e+01   2.5495004e+01
   1.2250000e+01   2.5133432e+01
   1.2500000e+01   2.4777942e+01
   1.2750000e+01   2.4428432e+01
   1.3000000e+01   2.4084802e+01
   1.3250000e+01   2.3746951e+01
   1.3500000e+01   2.3414784e+01
   1.3750000e+01   2.3088204e+01
   1.4000000e+01   2.2767117e+01
   1.4250000e+01   2.2451432e+01
   1.4500000e+01   2.2141056e+01
   1.4750000e+01   2.1835902e+01
   1.5000000e+01   2.1535881e+01
   1.5250000e+01   2.1240906e+01
   1.5500000e+01   2.0950893e+01
   1.5750000e+01   2.0665759e+01
   1.6000000e+01   2.0385421e+01
   1.6250000e+01   2.0109798e+01
   1.6500000e+01   1.9838812e+01
   1.6750000e+01   1.9572384e+01
   1.7000000e+01   1.9310438e+01
   1.7250000e+01   1.9052898e+01
   1.7500000e+01   1.8799690e+01
   1.7750000e+01   1.8550742e+01
   1.8000000e+01   1.8305981e+01
   1.8250000e+01   1.8065337e+01
   1.8500000e+01   1.7828741e+01
   1.8750000e+01   1.7596125e+01
   1.9000000e+01   1.7367422e+01
   1.9250000e+01   1.7142566e+01
   1.9500000e+01   1.6921492e+01
   1.9750000e+01   1.6704137e+01
   2.0000000e+01   1.6490438e+01
   2.0250000e+01   1.6280334e+01
   2.0500000e+01   1.6073764e+01
   2.0750000e+01   1.5870669e+01
   2.1000000e+01   1.5670990e+01
   2.1250000e+01   1.5474670e+01
   2.1500000e+01   1.5281652e+01
   2.1750000e+01   1.5091881e+01
   2.2000000e+01   1.4905302e+01
   2.2250000e+01   1.4721862e+01
   2.2500000e+01   1.4541507e+01
   2.2750000e+01   1.4364186e+01
   2.3000000e+01   1.4189848e+01
   2.3250000e+01   1.4018443e+01
   2.3500000e+01   1.3849921e+01
   2.3750000e+01   1.3684233e+01
   2.4000000e+01   1.3521333e+01
   2.4250000e+01   1.3361172e+01
   2.4500000e+01   1.3203706e+01
   2.4750000e+01   1.3048889e+01
   2.5000000e+01   1.2896676e+01
   2.5250000e+01   1.2747023e+01
   2.5500000e+01   1.2599887e+01
   2.5750000e+01   1.2455227e+01
   2.6000000e+01   1.2313000e+01
   2.6250000e+01   1.2173165e+01
   2.6500000e+01   1.2035683e+01
   2.6750000e+01   1.1900513e+01
   2.7000000e+01   1.1767617e+01
   2.7250000e+01   1.1636956e+01
   2.7500000e+01   1.1508493e+01
   2.7750000e+01   1.1382191e+01
   2.8000000e+01   1.1258014e+01
   2.8250000e+01   1.1135926e+01
   2.8500000e+01   1.1015891e+01
   2.8750000e+01   1.0897875e+01
   2.9000000e+01   1.0781844e+01
   2.9250000e+01   1.0667766e+01
   2.9500000e+01   1.0555606e+01
   2.9750000e+01   1.0445333e+01
   3.0000000e+01   1.0336914e+01
   3.0250000e+01   1.0230320e+01
   3.0500000e+01   1.0125518e+01
   3.0750000e+01   1.0022480e+01
   3.1000000e+01   9.9211744e+00
   3.1250000e+01   9.8215732e+00
   3.1500000e+01   9.7236473e+00
   3.1750000e+01   9.6273687e+00
   3.2000000e+01   9.5327096e+00
   3.2250000e+01   9.4396427e+00
   3.2500000e+01   9.3481414e+00
   3.2750000e+01   9.2581792e+00
   3.3000000e+01   9.1697303e+00
   3.3250000e+01   9.0827693e+00
   3.3500000e+01   8.9972710e+00
   3.3750000e+01   8.9132109e+00
   3.4000000e+01   8.8305648e+00
   3.4250000e+01   8.7493088e+00
   3.4500000e+01   8.6694198e+00
   3.4750000e+01   8.5908745e+00
   3.5000000e+01   8.5136505e+00
   3.5250000e+01   8.4377254e+00
   3.5500000e+01   8.3630776e+00
   3.5750000e+01   8.2896854e+00
   3.6000000e+01   8.2175277e+00
   3.6250000e+01   8.1465838e+00
   3.6500000e+01   8.0768333e+00
   3.6750000e+01   8.0082560e+00
   3.7000000e+01   7.9408324e+00
   3.7250000e+01   7.8745428e+00
   3.7500000e+01   7.8093683e+00
   3.7750000e+01   7.7452902e+00
   3.8000000e+01   7.6822899e+00
   3.8250000e+01   7.6203494e+00
   3.8500000e+01   7.5594507e+00
   3.8750000e+01   7.4995765e+00
   3.9000000e+01   7.4407094e+00
   3.9250000e+01   7.3828325e+00
   3.9500000e+01   7.3259292e+00
   3.9750000e+01   7.2699831e+00
   4.0000000e+01   7.2149780e+00
   4.0250000e+01   7.1608983e+00
   4.0500000e+01   7.1077281e+00
   4.0750000e+01   7.0554524e+00
   4.1000000e+01   7.0040560e+00
   4.1250000e+01   6.9535242e+00
   4.1500000e+01   6.9038424e+00
   4.1750000e+01   6.8549963e+00
   4.2000000e+01   6.8069718e+00
   4.2250000e+01   6.7597551e+00
   4.2500000e+01   6.7133327e+00
   4.2750000e+01   6.6676912e+00
   4.3000000e+01   6.6228174e+00
   4.3250000e+01   6.5786985e+00
   4.3500000e+01   6.5353217e+00
   4.3750000e+01   6.4926745e+00
   4.4000000e+01   6.4507448e+00
   4.4250000e+01   6.4095203e+00
   4.4500000e+01   6.3689892e+00
   4.4750000e+01   6.3291400e+00
   4.5000000e+01   6.2899611e+00
   4.5250000e+01   6.2514412e+00
   4.5500000e+01   6.2135692e+00
   4.5750000e+01   6.1763343e+00
   4.6000000e+01   6.1397258e+00
   4.6250000e+01   6.1037330e+00
   4.6500000e+01   6.0683457e+00
   4.6750000e+01   6.0335536e+00
   4.7000000e+01   5.9993468e+00
   4.7250000e+01   5.9657154e+00
   4.7500000e+01   5.9326497e+00
   4.7750000e+01   5.9001402e+00
   4.8000000e+01   5.8681776e+00
   4.8250000e+01   5.8367526e+00
   4.8500000e+01   5.8058562e+00
   4.8750000e+01   5.7754795e+00
   4.9000000e+01   5.7456138e+00
   4.9250000e+01   5.7162505e+00
   4.9500000e+01   5.6873811e+00
   4.9750000e+01   5.6589973e+00
   5.0000000e+01   5.6310910e+00
   5.0250000e+01   5.6036541e+00
   5.0500000e+01   5.5766787e+00
   5.0750000e+01   5.5501570e+00
   5.1000000e+01   5.5240815e+00
   5.1250000e+01   5.4984447e+00
   5.1500000e+01   5.4732390e+00
   5.1750000e+01   5.4484574e+00
   5.2000000e+01   5.4240926e+00
   5.2250000e+01   5.4001376e+00
   5.2500000e+01   5.3765856e+00
   5.2750000e+01   5.3534298e+00
   5.3000000e+01   5.3306635e+00
   5.3250000e+01   5.3082801e+00
   5.3500000e+01   5.2862733e+00
   5.3750000e+01   5.2646366e+00
   5.4000000e+01   5.2433639e+00
   5.4250000e+01   5.2224490e+00
   5.4500000e+01   5.2018860e+00
   5.4750000e+01   5.1816688e+00
   5.5000000e+01   5.1617917e+00
   5.5250000e+01   5.1422490e+00
   5.5500000e+01   5.1230350e+00
   5.5750000e+01   5.1041442e+00
   5.6000000e+01   5.0855711e+00
   5.6250000e+01   5.0673105e+00
   5.6500000e+01   5.0493571e+00
   5.6750000e+01   5.0317056e+00
   5.7000000e+01   5.0143511e+00
   5.7250000e+01   4.9972885e+00
   5.7500000e+01   4.9805129e+00
   5.7750000e+01   4.9640195e+00
   5.8000000e+01   4.9478035e+00
   5.8250000e+01   4.9318603e+00
   5.8500000e+01   4.9161853e+00
   5.8750000e+01   4.9007740e+00
   5.9000000e+01   4.8856219e+00
   5.9250000e+01   4.8707247e+00
   5.9500000e+01   4.8560780e+00
   5.9750000e+01   4.8416778e+00
   6.0000000e+01   4.8275197e+00
   6.0250000e+01   4.8135999e+00
   6.0500000e+01   4.7999141e+00
   6.0750000e+01   4.7864586e+00
   6.1000000e+01   4.7732294e+00
   6.1250000e+01   4.7602228e+00
   6.1500000e+01   4.7474349e+00
   6.1750000e+01   4.7348622e+00
   6.2000000e+01   4.7225009e+00
   6.2250000e+01   4.7103476e+00
   6.2500000e+01   4.6983987e+00
   6.2750000e+01   4.6866508e+00
   6.3000000e+01   4.6751005e+00
   6.3250000e+01   4.6637445e+00
   6.3500000e+01   4.6525795e+00
   6.3750000e+01   4.6416023e+00
   6.4000000e+01   4.6308098e+00
   6.4250000e+01   4.6201988e+00
   6.4500000e+01   4.6097663e+00
   6.4750000e+01   4.5995093e+00
   6.5000000e+01   4.5894249e+00
   6.5250000e+01   4.5795100e+00
   6.5500000e+01   4.5697620e+00
   6.5750000e+01   4.5601779e+00
   6.6000000e+01   4.5507550e+00
   6.6250000e+01   4.5414907e+00
   6.6500000e+01   4.5323821e+00
   6.6750000e+01   4.5234268e+00
   6.7000000e+01   4.5146222e+00
   6.7250000e+01   4.5059656e+00
   6.7500000e+01   4.4974546e+00
   6.7750000e+01   4.4890869e+00
   6.8000000e+01   4.4808598e+00
   6.8250000e+01   4.4727712e+00
   6.8500000e+01   4.4648186e+00
   6.8750000e+01   4.4569998e+00
   6.9000000e+01   4.4493125e+00
   6.9250000e+01   4.4417545e+00
   6.9500000e+01   4.4343237e+00
   6.9750000e+01   4.4270178e+00
   7.0000000e+01   4.4198349e+00
   7.0250000e+01   4.4127728e+00
   7.0500000e+01   4.4058294e+00
   7.0750000e+01   4.3990029e+00
   7.1000000e+01   4.3922912e+00
   7.1250000e+01   4.3856924e+00
   7.1500000e+01   4.3792046e+00
   7.1750000e+01   4.3728259e+00
   7.2000000e+01   4.3665545e+00
   7.2250000e+01   4.3603886e+00
   7.2500000e+01   4.3543265e+00
   7.2750000e+01   4.3483663e+00
   7.3000000e+01   4.3425063e+00
   7.3250000e+01   4.3367449e+00
   7.3500000e+01   4.3310805e+00
   7.3750000e+01   4.3255113e+00
   7.4000000e+01   4.3200358e+00
   7.4250000e+01   4.3146524e+00
   7.4500000e+01   4.3093596e+00
   7.4750000e+01   4.3041558e+00
   7.5000000e+01   4.2990395e+00
   7.5250000e+01   4.2940093e+00
   7.5500000e+01   4.2890637e+00
   7.5750000e+01   4.2842013e+00
   7.6000000e+01   4.2794207e+00
   7.6250000e+01   4.2747205e+00
   7.6500000e+01   4.2700994e+00
   7.6750000e+01   4.2655560e+00
   7.7000000e+01   4.2610890e+00
   7.7250000e+01   4.2566972e+00
   7.7500000e+01   4.2523793e+00
   7.7750000e+01   4.2481339e+00
   7.8000000e+01   4.2439600e+00
   7.8250000e+01   4.2398563e+00
   7.8500000e+01   4.2358217e+00
   7.8750000e+01   4.2318548e+00
   7.9000000e+01   4.2279548e+00
   7.9250000e+01   4.2241203e+00
   7.9500000e+01   4.2203503e+00
   7.9750000e+01   4.2166438e+00
   8.0000000e+01   4.2129996e+00
   8.0250000e+01   4.2094167e+00
   8.0500000e+01   4.2058940e+00
   8.0750000e+01   4.2024306e+00
   8.1000000e+01   4.1990255e+00
   8.1250000e+01   4.1956777e+00
   8.1500000e+01   4.1923861e+00
   8.1750000e+01   4.1891500e+00
   8.2000000e+01   4.1859682e+00
   8.2250000e+01   4.1828400e+00
   8.2500000e+01   4.1797644e+00
   8.2750000e+01   4.1767406e+00
   8.3000000e+01   4.1737676e+00
   8.3250000e+01   4.1708446e+00
   8.3500000e+01   4.1679708e+00
   8.3750000e+01   4.1651453e+00
   8.4000000e+01   4.1623674e+00
   8.4250000e+01   4.1596362e+00
   8.4500000e+01   4.1569509e+00
   8.4750000e+01   4.1543108e+00
   8.5000000e+01   4.1517151e+00
   8.5250000e+01   4.1491631e+00
   8.5500000e+01   4.1466540e+00
   8.5750000e+01   4.1441871e+00
   8.6000000e+01   4.1417617e+00
   8.6250000e+01   4.1393771e+00
   8.6500000e+01   4.1370326e+00
   8.6750000e+01   4.1347275e+00
   8.7000000e+01   4.1324612e+00
   8.7250000e+01   4.1302331e+00
   8.7500000e+01   4.1280424e+00
   8.7750000e+01   4.1258886e+00
   8.8000000e+01   4.1237710e+00
   8.8250000e+01   4.1216890e+00
   8.8500000e+01   4.1196421e+00
   8.8750000e+01   4.1176295e+00
   8.9000000e+01   4.1156509e+00
   8.9250000e+01   4.1137055e+00
   8.9500000e+01   4.1117928e+00
   8.9750000e+01   4.1099123e+00
   9.0000000e+01   4.1080635e+00
   9.0250000e+01   4.1062457e+00
   9.0500000e+01   4.1044585e+00
   9.0750000e+01   4.1027014e+00
   9.1000000e+01   4.1009738e+00
   9.1250000e+01   4.0992753e+00
   9.1500000e+01   4.0976054e+00
   9.1750000e+01   4.0959636e+00
   9.2000000e+01   4.0943493e+00
   9.2250000e+01   4.0927623e+00
   9.2500000e+01   4.0912019e+00
   9.2750000e+01   4.0896678e+00
   9.3000000e+01   4.0881595e+00
   9.3250000e+01   4.0866765e+00
   9.3500000e+01   4.0852185e+00
   9.3750000e+01   4.0837850e+00
   9.4000000e+01   4.0823757e+00
   9.4250000e+01   4.0809900e+00
   9.4500000e+01   4.0796277e+00
   9.4750000e+01   4.0782882e+00
   9.5000000e+01   4.0769713e+00
   9.5250000e+01   4.0756766e+00
   9.5500000e+01   4.0744036e+00
   9.5750000e+01   4.0731520e+00
   9.6000000e+01   4.0719215e+00
   9.6250000e+01   4.0707117e+00
   9.6500000e+01   4.0695223e+00
   9.6750000e+01   4.0683528e+00
   9.7000000e+01   4.0672031e+00
   9.7250000e+01   4.0660726e+00
   9.7500000e+01   4.0649612e+00
   9.7750000e+01   4.0638685e+00
   9.8000000e+01   4.0627941e+00
   9.8250000e+01   4.0617379e+00
   9.8500000e+01   4.0606993e+00
   9.8750000e+01   4.0596783e+00
   9.9000000e+01   4.0586745e+00
   9.9250000e+01   4.0576875e+00
   9.9500000e+01   4.0567171e+00
   9.9750000e+01   4.0557631e+00
   1.0000000e+02   4.0548251e+00
   1.0025000e+02   4.0539028e+00
   1.0050000e+02   4.0529961e+00
   1.0075000e+02   4.0521047e+00
   1.0100000e+02   4.0512282e+00
   1.0125000e+02   4.0503665e+00
   1.0150000e+02   4.0495193e+00
   1.0175000e+02   4.0486863e+00
   1.0200000e+02   4.0478673e+00
   1.0225000e+02   4.0470621e+00
   1.0250000e+02   4.0462705e+00
   1.0275000e+02   4.0454922e+00
   1.0300000e+02   4.0447269e+00
   1.0325000e+02   4.0439746e+00
   1.0350000e+02   4.0432349e+00
   1.0375000e+02   4.0425076e+00
   1.0400000e+02   4.0417926e+00
   1.0425000e+02   4.0410896e+00
   1.0450000e+02   4.0403984e+00
   1.0475000e+02   4.0397188e+00
   1.0500000e+02   4.0390507e+00
   1.0525000e+02   4.0383938e+00
   1.0550000e+02   4.0377480e+00
   1.0575000e+02   4.0371131e+00
   1.0600000e+02   4.0364888e+00
   1.0625000e+02   4.0358750e+00
   1.0650000e+02   4.0352715e+00
   1.0675000e+02   4.0346782e+00
   1.0700000e+02   4.0340949e+00
   1.0725000e+02   4.0335214e+00
   1.0750000e+02   4.0329575e+00
   1.0775000e+02   4.0324031e+00
   1.0800000e+02   4.0318580e+00
   1.0825000e+02   4.0313222e+00
   1.0850000e+02   4.0307953e+00
   1.0875000e+02   4.0302773e+00
   1.0900000e+02   4.0297680e+00
   1.0925000e+02   4.0292672e+00
   1.0950000e+02   4.0287749e+00
   1.0975000e+02   4.0282909e+00
   1.1000000e+02   4.0278150e+00
   1.1025000e+02   4.0273471e+00
   1.1050000e+02   4.0268871e+00
   1.1075000e+02   4.0264348e+00
   1.1100000e+02   4.0259902e+00
   1.1125000e+02   4.0255530e+00
   1.1150000e+02   4.0251232e+00
   1.1175000e+02   4.0247006e+00
   1.1200000e+02   4.0242851e+00
   1.1225000e+02   4.0238766e+00
   1.1250000e+02   4.0234749e+00
   1.1275000e+02   4.0230801e+00
   1.1300000e+02   4.0226918e+00
   1.1325000e+02   4.0223101e+00
   1.1350000e+02   4.0219348e+00
   1.1375000e+02   4.0215659e+00
   1.1400000e+02   4.0212031e+00
   1.1425000e+02   4.0208464e+00
   1.1450000e+02   4.0204958e+00
   1.1475000e+02   4.0201510e+00
   1.1500000e+02   4.0198120e+00
   1.1525000e+02   4.0194788e+00
   1.1550000e+02   4.0191511e+00
   1.1575000e+02   4.0188290e+00
   1.1600000e+02   4.0185123e+00
   1.1625000e+02   4.0182009e+00
   1.1650000e+02   4.0178947e+00
   1.1675000e+02   4.0175937e+00
   1.1700000e+02   4.0172977e+00
   1.1725000e+02   4.0170068e+00
   1.1750000e+02   4.0167207e+00
   1.1775000e+02   4.0164394e+00
   1.1800000e+02   4.0161629e+00
   1.1825000e+02   4.0158910e+00
   1.1850000e+02   4.0156237e+00
   1.1875000e+02   4.0153609e+00
   1.1900000e+02   4.0151025e+00
   1.1925000e+02   4.0148485e+00
   1.1950000e+02   4.0145987e+00
   1.1975000e+02   4.0143531e+00
   1.2000000e+02   4.0141117e+00
   1.2025000e+02   4.0138743e+00
   1.2050000e+02   4.0136409e+00
   1.2075000e+02   4.0134115e+00
   1.2100000e+02   4.0131859e+00
   1.2125000e+02   4.0129641e+00
   1.2150000e+02   4.0127460e+00
   1.2175000e+02   4.0125316e+00
   1.2200000e+02   4.0123208e+00
   1.2225000e+02   4.0121136e+00
   1.2250000e+02   4.0119098e+00
   1.2275000e+02   4.0117095e+00
   1.2300000e+02   4.0115125e+00
   1.2325000e+02   4.0113188e+00
   1.2350000e+02   4.0111284e+00
   1.2375000e+02   4.0109413e+00
   1.2400000e+02   4.0107572e+00
   1.2425000e+02   4.0105763e+00
   1.2450000e+02   4.0103984e+00
   1.2475000e+02   4.0102234e+00
   1.2500000e+02   4.0100515e+00
   1.2525000e+02   4.0098824e+00
   1.2550000e+02   4.0097162e+00
   1.2575000e+02   4.0095527e+00
   1.2600000e+02   4.0093920e+00
   1.2625000e+02   4.0092340e+00
   1.2650000e+02   4.0090787e+00
   1.2675000e+02   4.0089260e+00
   1.2700000e+02   4.0087759e+00
   1.2725000e+02   4.0086282e+00
   1.2750000e+02   4.0084831e+00
   1.2775000e+02   4.0083404e+00
   1.2800000e+02   4.0082001e+00
   1.2825000e+02   4.0080622e+00
   1.2850000e+02   4.0079266e+00
   1.2875000e+02   4.0077932e+00
   1.2900000e+02   4.0076621e+00
   1.2925000e+02   4.0075332e+00
   1.2950000e+02   4.0074065e+00
   1.2975000e+02   4.0072819e+00
   1.3000000e+02   4.0071594e+00
   1.3025000e+02   4.0070390e+00
   1.3050000e+02   4.0069206e+00
   1.3075000e+02   4.0068042e+00
   1.3100000e+02   4.0066897e+00
   1.3125000e+02   4.0065772e+00
   1.3150000e+02   4.0064666e+00
   1.3175000e+02   4.0063578e+00
   1.3200000e+02   4.0062509e+00
   1.3225000e+02   4.0061457e+00
   1.3250000e+02   4.0060423e+00
   1.3275000e+02   4.0059407e+00
   1.3300000e+02   4.0058408e+00
   1.3325000e+02   4.0057425e+00
   1.3350000e+02   4.0056459e+00
   1.3375000e+02   4.0055509e+00
   1.3400000e+02   4.0054576e+00
   1.3425000e+02   4.0053658e+00
   1.3450000e+02   4.0052755e+00
   1.3475000e+02   4.0051868e+00
   1.3500000e+02   4.0050995e+00
   1.3525000e+02   4.0050137e+00
   1.3550000e+02   4.0049294e+00
   1.3575000e+02   4.0048465e+00
   1.3600000e+02   4.0047650e+00
   1.3625000e+02   4.0046848e+00
   1.3650000e+02   4.0046060e+00
   1.3675000e+02   4.0045285e+00
   1.3700000e+02   4.0044524e+00
   1.3725000e+02   4.0043775e+00
   1.3750000e+02   4.0043038e+00
   1.3775000e+02   4.0042314e+00
   1.3800000e+02   4.0041603e+00
   1.3825000e+02   4.0040903e+00
   1.3850000e+02   4.0040215e+00
   1.3875000e+02   4.0039538e+00
   1.3900000e+02   4.0038873e+00
   1.3925000e+02   4.0038219e+00
   1.3950000e+02   4.0037576e+00
   1.3975000e+02   4.0036944e+00
   1.4000000e+02   4.0036323e+00
   1.4025000e+02   4.0035712e+00
   1.4050000e+02   4.0035111e+00
   1.4075000e+02   4.0034521e+00
   1.4100000e+02   4.0033940e+00
   1.4125000e+02   4.0033369e+00
   1.4150000e+02   4.0032808e+00
   1.4175000e+02   4.0032256e+00
   1.4200000e+02   4.0031713e+00
   1.4225000e+02   4.0031180e+00
   1.4250000e+02   4.0030655e+00
   1.4275000e+02   4.0030140e+00
   1.4300000e+02   4.0029633e+00
   1.4325000e+02   4.0029134e+00
   1.4350000e+02   4.0028644e+00
   1.4375000e+02   4.0028162e+00
   1.4400000e+02   4.0027689e+00
   1.4425000e+02   4.0027223e+00
   1.4450000e+02   4.0026765e+00
   1.4475000e+02   4.0026315e+00
   1.4500000e+02   4.0025872e+00
   1.4525000e+02   4.0025437e+00
   1.4550000e+02   4.0025009e+00
   1.4575000e+02   4.0024588e+00
   1.4600000e+02   4.0024175e+00
   1.4625000e+02   4.0023768e+00
   1.4650000e+02   4.0023368e+00
   1.4675000e+02   4.0022975e+00
   1.4700000e+02   4.0022589e+00
   1.4725000e+02   4.0022209e+00
   1.4750000e+02   4.0021835e+00
   1.4775000e+02   4.0021468e+00
   1.4800000e+02   4.0021107e+00
   1.4825000e+02   4.0020752e+00
   1.4850000e+02   4.0020403e+00
   1.4875000e+02   4.0020059e+00
   1.4900000e+02   4.0019722e+00
   1.4925000e+02   4.0019390e+00
   1.4950000e+02   4.0019064e+00
   1.4975000e+02   4.0018743e+00
   1.5000000e+02   4.0018428e+00
   1.5025000e+02   4.0018118e+00
   1.5050000e+02   4.0017813e+00
   1.5075000e+02   4.0017514e+00
   1.5100000e+02   4.0017219e+00
   1.5125000e+02   4.0016929e+00
   1.5150000e+02   4.0016645e+00
   1.5175000e+02   4.0016365e+00
   1.5200000e+02   4.0016089e+00
   1.5225000e+02   4.0015819e+00
   1.5250000e+02   4.0015553e+00
   1.5275000e+02   4.0015291e+00
   1.5300000e+02   4.0015034e+00
   1.5325000e+02   4.0014781e+00
   1.5350000e+02   4.0014532e+00
   1.5375000e+02   4.0014288e+00
   1.5400000e+02   4.0014048e+00
   1.5425000e+02   4.0013811e+00
   1.5450000e+02   4.0013579e+00
   1.5475000e+02   4.0013350e+00
   1.5500000e+02   4.0013126e+00
   1.5525000e+02   4.0012905e+00
   1.5550000e+02   4.0012688e+00
   1.5575000e+02   4.0012475e+00
   1.5600000e+02   4.0012265e+00
   1.5625000e+02   4.0012058e+00
   1.5650000e+02   4.0011856e+00
   1.5675000e+02   4.0011656e+00
   1.5700000e+02   4.0011460e+00
   1.5725000e+02   4.0011267e+00
   1.5750000e+02   4.0011078e+00
   1.5775000e+02   4.0010891e+00
   1.5800000e+02   4.0010708e+00
   1.5825000e+02   4.0010528e+00
   1.5850000e+02   4.0010351e+00
   1.5875000e+02   4.0010177e+00
   1.5900000e+02   4.0010006e+00
   1.5925000e+02   4.0009837e+00
   1.5950000e+02   4.0009672e+00
   1.5975000e+02   4.0009509e+00
   1.6000000e+02   4.0009349e+00
   1.6025000e+02   4.0009192e+00
   1.6050000e+02   4.0009037e+00
   1.6075000e+02   4.0008885e+00
   1.6100000e+02   4.0008736e+00
   1.6125000e+02   4.0008589e+00
   1.6150000e+02   4.0008445e+00
   1.6175000e+02   4.0008302e+00
   1.6200000e+02   4.0008163e+00
   1.6225000e+02   4.0008026e+00
   1.6250000e+02   4.0007891e+00
   1.6275000e+02   4.0007758e+00
   1.6300000e+02   4.0007627e+00
   1.6325000e+02   4.0007499e+00
   1.6350000e+02   4.0007373e+00
   1.6375000e+02   4.0007249e+00
   1.6400000e+02   4.0007127e+00
   1.6425000e+02   4.0007007e+00
   1.6450000e+02   4.0006889e+00
   1.6475000e+02   4.0006773e+00
   1.6500000e+02   4.0006659e+00
   1.6525000e+02   4.0006547e+00
   1.6550000e+02   4.0006437e+00
   1.6575000e+02   4.0006329e+00
   1.6600000e+02   4.0006222e+00
   1.6625000e+02   4.0006118e+00
   1.6650000e+02   4.0006015e+00
   1.6675000e+02   4.0005914e+00
   1.6700000e+02   4.0005814e+00
   1.6725000e+02   4.0005716e+00
   1.6750000e+02   4.0005620e+00
   1.6775000e+02   4.0005526e+00
   1.6800000e+02   4.0005433e+00
   1.6825000e+02   4.0005341e+00
   1.6850000e+02   4.0005252e+00
   1.6875000e+02   4.0005163e+00
   1.6900000e+02   4.0005076e+00
   1.6925000e+02   4.0004991e+00
   1.6950000e+02   4.0004907e+00
   1.6975000e+02   4.0004824e+00
   1.7000000e+02   4.0004743e+00
   1.7025000e+02   4.0004664e+00
   1.7050000e+02   4.0004585e+00
   1.7075000e+02   4.0004508e+00
   1.7100000e+02   4.0004432e+00
   1.7125000e+02   4.0004358e+00
   1.7150000e+02   4.0004284e+00
   1.7175000e+02   4.0004212e+00
   1.7200000e+02   4.0004141e+00
   1.7225000e+02   4.0004072e+00
   1.7250000e+02   4.0004003e+00
   1.7275000e+02   4.0003936e+00
   1.7300000e+02   4.0003870e+00
   1.7325000e+02   4.0003805e+00
   1.7350000e+02   4.0003741e+00
   1.7375000e+02   4.0003678e+00
   1.7400000e+02   4.0003616e+00
   1.7425000e+02   4.0003555e+00
   1.7450000e+02   4.0003495e+00
   1.7475000e+02   4.0003436e+00
   1.7500000e+02   4.0003379e+00
   1.7525000e+02   4.0003322e+00
   1.7550000e+02   4.0003266e+00
   1.7575000e+02   4.0003211e+00
   1.7600000e+02   4.0003157e+00
   1.7625000e+02   4.0003104e+00
   1.7650000e+02   4.0003052e+00
   1.7675000e+02   4.0003000e+00
   1.7700000e+02   4.0002950e+00
   1.7725000e+02   4.0002900e+00
   1.7750000e+02   4.0002851e+00
   1.7775000e+02   4.0002803e+00
   1.7800000e+02   4.0002756e+00
   1.7825000e+02   4.0002710e+00
   1.7850000e+02   4.0002664e+00
   1.7875000e+02   4.0002619e+00
   1.7900000e+02   4.0002575e+00
   1.7925000e+02   4.0002532e+00
   1.7950000e+02   4.0002490e+00
   1.7975000e+02   4.0002448e+00
   1.8000000e+02   4.0002406e+00
   1.8025000e+02   4.0002366e+00
   1.8050000e+02   4.0002326e+00
   1.8075000e+02   4.0002287e+00
   1.8100000e+02   4.0002249e+00
   1.8125000e+02   4.0002211e+00
   1.8150000e+02   4.0002174e+00
   1.8175000e+02   4.0002137e+00
   1.8200000e+02   4.0002101e+00
   1.8225000e+02   4.0002066e+00
   1.8250000e+02   4.0002031e+00
   1.8275000e+02   4.0001997e+00
   1.8300000e+02   4.0001963e+00
   1.8325000e+02   4.0001930e+00
   1.8350000e+02   4.0001898e+00
   1.8375000e+02   4.0001866e+00
   1.8400000e+02   4.0001834e+00
   1.8425000e+02   4.0001804e+00
   1.8450000e+02   4.0001773e+00
   1.8475000e+02   4.0001743e+00
   1.8500000e+02   4.0001714e+00
   1.8525000e+02   4.0001685e+00
   1.8550000e+02   4.0001657e+00
   1.8575000e+02   4.0001629e+00
   1.8600000e+02   4.0001602e+00
   1.8625000e+02   4.0001575e+00
   1.8650000e+02   4.0001548e+00
   1.8675000e+02   4.0001522e+00
   1.8700000e+02   4.0001497e+00
   1.8725000e+02   4.0001471e+00
   1.8750000e+02   4.0001447e+00
   1.8775000e+02   4.0001422e+00
   1.8800000e+02   4.0001398e+00
   1.8825000e+02   4.0001375e+00
   1.8850000e+02   4.0001352e+00
   1.8875000e+02   4.0001329e+00
   1.8900000e+02   4.0001307e+00
   1.8925000e+02   4.0001285e+00
   1.8950000e+02   4.0001263e+00
   1.8975000e+02   4.0001242e+00
   1.9000000e+02   4.0001221e+00
   1.9025000e+02   4.0001200e+00
   1.9050000e+02   4.0001180e+00
   1.9075000e+02   4.0001160e+00
   1.9100000e+02   4.0001141e+00
   1.9125000e+02   4.0001122e+00
   1.9150000e+02   4.0001103e+00
   1.9175000e+02   4.0001084e+00
   1.9200000e+02   4.0001066e+00
   1.9225000e+02   4.0001048e+00
   1.9250000e+02   4.0001030e+00
   1.9275000e+02   4.0001013e+00
   1.9300000e+02   4.0000996e+00
   1.9325000e+02   4.0000979e+00
   1.9350000e+02   4.0000963e+00
   1.9375000e+02   4.0000947e+00
   1.9400000e+02   4.0000931e+00
   1.9425000e+02   4.0000915e+00
   1.9450000e+02   4.0000900e+00
   1.9475000e+02   4.0000885e+00
   1.9500000e+02   4.0000870e+00
   1.9525000e+02   4.0000855e+00
   1.9550000e+02   4.0000841e+00
   1.9575000e+02   4.0000826e+00
   1.9600000e+02   4.0000813e+00
   1.9625000e+02   4.0000799e+00
   1.9650000e+02   4.0000785e+00
   1.9675000e+02   4.0000772e+00
   1.9700000e+02   4.0000759e+00
   1.9725000e+02   4.0000746e+00
   1.9750000e+02   4.0000734e+00
   1.9775000e+02   4.0000722e+00
   1.9800000e+02   4.0000709e+00
   1.9825000e+02   4.0000698e+00
   1.9850000e+02   4.0000686e+00
   1.9875000e+02   4.0000674e+00
   1.9900000e+02   4.0000663e+00
   1.9925000e+02   4.0000652e+00
   1.9950000e+02   4.0000641e+00
   1.9975000e+02   4.0000630e+00
   2.0000000e+02   4.0000619e+00
   2.0025000e+02   4.0000609e+00
   2.0050000e+02   4.0000599e+00
   2.0075000e+02   4.0000589e+00
   2.0100000e+02   4.0000579e+00
   2.0125000e+02   4.0000569e+00
   2.0150000e+02   4.0000559e+00
   2.0175000e+02   4.0000550e+00
   2.0200000e+02   4.0000541e+00
   2.0225000e+02   4.0000532e+00
   2.0250000e+02   4.0000523e+00
   2.0275000e+02   4.0000514e+00
   2.0300000e+02   4.0000505e+00
   2.0325000e+02   4.0000497e+00
   2.0350000e+02   4.0000488e+00
   2.0375000e+02   4.0000480e+00
   2.0400000e+02   4.0000472e+00
   2.0425000e+02   4.0000464e+00
   2.0450000e+02   4.0000456e+00
   2.0475000e+02   4.0000449e+00
   2.0500000e+02   4.0000441e+00
   2.0525000e+02   4.0000434e+00
   2.0550000e+02   4.0000426e+00
   2.0575000e+02   4.0000419e+00
   2.0600000e+02   4.0000412e+00
   2.0625000e+02   4.0000405e+00
   2.0650000e+02   4.0000398e+00
   2.0675000e+02   4.0000392e+00
   2.0700000e+02   4.0000385e+00
   2.0725000e+02   4.0000379e+00
   2.0750000e+02   4.0000372e+00
   2.0775000e+02   4.0000366e+00
   2.0800000e+02   4.0000360e+00
   2.0825000e+02   4.0000354e+00
   2.0850000e+02   4.0000348e+00
   2.0875000e+02   4.0000342e+00
   2.0900000e+02   4.0000336e+00
   2.0925000e+02   4.0000331e+00
   2.0950000e+02   4.0000325e+00
   2.0975000e+02   4.0000320e+00
   2.1000000e+02   4.0000314e+00
   2.1025000e+02   4.0000309e+00
   2.1050000e+02   4.0000304e+00
   2.1075000e+02   4.0000299e+00
   2.1100000e+02   4.0000294e+00
   2.1125000e+02   4.0000289e+00
   2.1150000e+02   4.0000284e+00
   2.1175000e+02   4.0000279e+00
   2.1200000e+02   4.0000274e+00
   2.1225000e+02   4.0000270e+00
   2.1250000e+02   4.0000265e+00
   2.1275000e+02   4.0000261e+00
   2.1300000e+02   4.0000256e+00
   2.1325000e+02   4.0000252e+00
   2.1350000e+02   4.0000248e+00
   2.1375000e+02   4.0000244e+00
   2.1400000e+02   4.0000240e+00
   2.1425000e+02   4.0000236e+00
   2.1450000e+02   4.0000232e+00
   2.1475000e+02   4.0000228e+00
   2.1500000e+02   4.0000224e+00
   2.1525000e+02   4.0000220e+00
   2.1550000e+02   4.0000216e+00
   2.1575000e+02   4.0000213e+00
   2.1600000e+02   4.0000209e+00
   2.1625000e+02   4.0000206e+00
   2.1650000e+02   4.0000202e+00
   2.1675000e+02   4.0000199e+00
   2.1700000e+02   4.0000195e+00
   2.1725000e+02   4.0000192e+00
   2.1750000e+02   4.0000189e+00
   2.1775000e+02   4.0000186e+00
   2.1800000e+02   4.0000183e+00
   2.1825000e+02   4.0000180e+00
   2.1850000e+02   4.0000177e+00
   2.1875000e+02   4.0000174e+00
   2.1900000e+02   4.0000171e+00
   2.1925000e+02   4.0000168e+00
   2.1950000e+02   4.0000165e+00
   2.1975000e+02   4.0000162e+00
   2.2000000e+02   4.0000159e+00
   2.2025000e+02   4.0000157e+00
   2.2050000e+02   4.0000154e+00
   2.2075000e+02   4.0000152e+00
   2.2100000e+02   4.0000149e+00
   2.2125000e+02   4.0000146e+00
   2.2150000e+02   4.0000144e+00
   2.2175000e+02   4.0000142e+00
   2.2200000e+02   4.0000139e+00
   2.2225000e+02   4.0000137e+00
   2.2250000e+02   4.0000135e+00
   2.2275000e+02   4.0000132e+00
   2.2300000e+02   4.0000130e+00
   2.2325000e+02   4.0000128e+00
   2.2350000e+02   4.0000126e+00
   2.2375000e+02   4.0000124e+00
   2.2400000e+02   4.0000122e+00
   2.2425000e+02   4.0000119e+00
   2.2450000e+02   4.0000117e+00
   2.2475000e+02   4.0000116e+00
   2.2500000e+02   4.0000114e+00
   2.2525000e+02   4.0000112e+00
   2.2550000e+02   4.0000110e+00
   2.2575000e+02   4.0000108e+00
   2.2600000e+02   4.0000106e+00
   2.2625000e+02   4.0000104e+00
   2.2650000e+02   4.0000103e+00
   2.2675000e+02   4.0000101e+00
   2.2700000e+02   4.0000099e+00
   2.2725000e+02   4.0000097e+00
   2.2750000e+02   4.0000096e+00
   2.2775000e+02   4.0000094e+00
   2.2800000e+02   4.0000093e+00
   2.2825000e+02   4.0000091e+00
   2.2850000e+02   4.0000090e+00
   2.2875000e+02   4.0000088e+00
   2.2900000e+02   4.0000087e+00
   2.2925000e+02   4.0000085e+00
   2.2950000e+02   4.0000084e+00
   2.2975000e+02   4.0000082e+00
   2.3000000e+02   4.0000081e+00
   2.3025000e+02   4.0000080e+00
   2.3050000e+02   4.0000078e+00
   2.3075000e+02   4.0000077e+00
   2.3100000e+02   4.0000076e+00
   2.3125000e+02   4.0000074e+00
   2.3150000e+02   4.0000073e+00
   2.3175000e+02   4.0000072e+00
   2.3200000e+02   4.0000071e+00
   2.3225000e+02   4.0000069e+00
   2.3250000e+02   4.0000068e+00
   2.3275000e+02   4.0000067e+00
   2.3300000e+02   4.0000066e+00
   2.3325000e+02   4.0000065e+00
   2.3350000e+02   4.0000064e+00
   2.3375000e+02   4.0000063e+00
   2.3400000e+02   4.0000062e+00
   2.3425000e+02   4.0000061e+00
   2.3450000e+02   4.0000060e+00
   2.3475000e+02   4.0000059e+00
   2.3500000e+02   4.0000058e+00
   2.3525000e+02   4.0000057e+00
   2.3550000e+02   4.0000056e+00
   2.3575000e+02   4.0000055e+00
   2.3600000e+02   4.0000054e+00
   2.3625000e+02   4.0000053e+00
   2.3650000e+02   4.0000052e+00
   2.3675000e+02   4.0000051e+00
   2.3700000e+02   4.0000050e+00
   2.3725000e+02   4.0000049e+00
   2.3750000e+02   4.0000049e+00
   2.3775000e+02   4.0000048e+00
   2.3800000e+02   4.0000047e+00
   2.3825000e+02   4.0000046e+00
   2.3850000e+02   4.0000045e+00
   2.3875000e+02   4.0000045e+00
   2.3900000e+02   4.0000044e+00
   2.3925000e+02   4.0000043e+00
   2.3950000e+02   4.0000042e+00
   2.3975000e+02   4.0000042e+00
   2.4000000e+02   4.0000041e+00
   2.4025000e+02   4.0000040e+00
   2.4050000e+02   4.0000040e+00
   2.4075000e+02   4.0000039e+00
   2.4100000e+02   4.0000038e+00
   2.4125000e+02   4.0000038e+00
   2.4150000e+02   4.0000037e+00
   2.4175000e+02   4.0000036e+00
   2.4200000e+02   4.0000036e+00
   2.4225000e+02   4.0000035e+00
   2.4250000e+02   4.0000035e+00
   2.4275000e+02   4.0000034e+00
   2.4300000e+02   4.0000033e+00
   2.4325000e+02   4.0000033e+00
   2.4350000e+02   4.0000032e+00
   2.4375000e+02   4.0000032e+00
   2.4400000e+02   4.0000031e+00
   2.4425000e+02   4.0000031e+00
   2.4450000e+02   4.0000030e+00
   2.4475000e+02   4.0000030e+00
   2.4500000e+02   4.0000029e+00
   2.4525000e+02   4.0000029e+00
   2.4550000e+02   4.0000028e+00
   2.4575000e+02   4.0000028e+00
   2.4600000e+02   4.0000027e+00
   2.4625000e+02   4.0000027e+00
   2.4650000e+02   4.0000026e+00
   2.4675000e+02   4.0000026e+00
   2.4700000e+02   4.0000026e+00
   2.4725000e+02   4.0000025e+00
   2.4750000e+02   4.0000025e+00
   2.4775000e+02   4.0000024e+00
   2.4800000e+02   4.0000024e+00
   2.4825000e+02   4.0000023e+00
   2.4850000e+02   4.0000023e+00
   2.4875000e+02   4.0000023e+00
   2.4900000e+02   4.0000022e+00
   2.4925000e+02   4.0000022e+00
   2.4950000e+02   4.0000022e+00
   2.4975000e+02   4.0000021e+00
   2.5000000e+02   4.0000021e+00
   2.5025000e+02   4.0000020e+00
   2.5050000e+02   4.0000020e+00
   2.5075000e+02   4.0000020e+00
   2.5100000e+02   4.0000019e+00
   2.5125000e+02   4.0000019e+00
   2.5150000e+02   4.0000019e+00
   2.5175000e+02   4.0000018e+00
   2.5200000e+02   4.0000018e+00
   2.5225000e+02   4.0000018e+00
   2.5250000e+02   4.0000018e+00
   2.5275000e+02   4.0000017e+00
   2.5300000e+02   4.0000017e+00
   2.5325000e+02   4.0000017e+00
   2.5350000e+02   4.0000016e+00
   2.5375000e+02   4.0000016e+00
   2.5400000e+02   4.0000016e+00
   2.5425000e+02   4.0000016e+00
   2.5450000e+02   4.0000015e+00
   2.5475000e+02   4.0000015e+00
   2.5500000e+02   4.0000015e+00
   2.5525000e+02   4.0000015e+00
   2.5550000e+02   4.0000014e+00
   2.5575000e+02   4.0000014e+00
   2.5600000e+02   4.0000014e+00
   2.5625000e+02   4.0000014e+00
   2.5650000e+02   4.0000013e+00
   2.5675000e+02   4.0000013e+00
   2.5700000e+02   4.0000013e+00
   2.5725000e+02   4.0000013e+00
   2.5750000e+02   4.0000013e+00
   2.5775000e+02   4.0000012e+00
   2.5800000e+02   4.0000012e+00
   2.5825000e+02   4.0000012e+00
   2.5850000e+02   4.0000012e+00
   2.5875000e+02   4.0000011e+00
   2.5900000e+02   4.0000011e+00
   2.5925000e+02   4.0000011e+00
   2.5950000e+02   4.0000011e+00
   2.5975000e+02   4.0000011e+00
   2.6000000e+02   4.0000011e+00
   2.6025000e+02   4.0000010e+00
   2.6050000e+02   4.0000010e+00
   2.6075000e+02   4.0000010e+00
   2.6100000e+02   4.0000010e+00
   2.6125000e+02   4.0000010e+00
   2.6150000e+02   4.0000010e+00
   2.6175000e+02   4.0000009e+00
   2.6200000e+02   4.0000009e+00
   2.6225000e+02   4.0000009e+00
   2.6250000e+02   4.0000009e+00
   2.6275000e+02   4.0000009e+00
   2.6300000e+02   4.0000009e+00
   2.6325000e+02   4.0000008e+00
   2.6350000e+02   4.0000008e+00
   2.6375000e+02   4.0000008e+00
   2.6400000e+02   4.0000008e+00
   2.6425000e+02   4.0000008e+00
   2.6450000e+02   4.0000008e+00
   2.6475000e+02   4.0000008e+00
   2.6500000e+02   4.0000008e+00
   2.6525000e+02   4.0000007e+00
   2.6550000e+02   4.0000007e+00
   2.6575000e+02   4.0000007e+00
   2.6600000e+02   4.0000007e+00
   2.6625000e+02   4.0000007e+00
   2.6650000e+02   4.0000007e+00
   2.6675000e+02   4.0000007e+00
   2.6700000e+02   4.0000007e+00
   2.6725000e+02   4.0000006e+00
   2.6750000e+02   4.0000006e+00
   2.6775000e+02   4.0000006e+00
   2.6800000e+02   4.0000006e+00
   2.6825000e+02   4.0000006e+00
   2.6850000e+02   4.0000006e+00
   2.6875000e+02   4.0000006e+00
   2.6900000e+02   4.0000006e+00
   2.6925000e+02   4.0000006e+00
   2.6950000e+02   4.0000006e+00
   2.6975000e+02   4.0000005e+00
   2.7000000e+02   4.0000005e+00
   2.7025000e+02   4.0000005e+00
   2.7050000e+02   4.0000005e+00
   2.7075000e+02   4.0000005e+00
   2.7100000e+02   4.0000005e+00
   2.7125000e+02   4.0000005e+00
   2.7150000e+02   4.0000005e+00
   2.7175000e+02   4.0000005e+00
   2.7200000e+02   4.0000005e+00
   2.7225000e+02   4.0000005e+00
   2.7250000e+02   4.0000005e+00
   2.7275000e+02   4.0000004e+00
   2.7300000e+02   4.0000004e+00
   2.7325000e+02   4.0000004e+00
   2.7350000e+02   4.0000004e+00
   2.7375000e+02   4.0000004e+00
   2.7400000e+02   4.0000004e+00
   2.7425000e+02   4.0000004e+00
   2.7450000e+02   4.0000004e+00
   2.7475000e+02   4.0000004e+00
   2.7500000e+02   4.0000004e+00
   2.7525000e+02   4.0000004e+00
   2.7550000e+02   4.0000004e+00
   2.7575000e+02   4.0000004e+00
   2.7600000e+02   4.0000004e+00
   2.7625000e+02   4.0000004e+00
   2.7650000e+02   4.0000003e+00
   2.7675000e+02   4.0000003e+00
   2.7700000e+02   4.0000003e+00
   2.7725000e+02   4.0000003e+00
   2.7750000e+02   4.0000003e+00
   2.7775000e+02   4.0000003e+00
   2.7800000e+02   4.0000003e+00
   2.7825000e+02   4.0000003e+00
   2.7850000e+02   4.0000003e+00
   2.7875000e+02   4.0000003e+00
   2.7900000e+02   4.0000003e+00
   2.7925000e+02   4.0000003e+00
   2.7950000e+02   4.0000003e+00
   2.7975000e+02   4.0000003e+00
   2.8000000e+02   4.0000003e+00
   2.8025000e+02   4.0000003e+00
   2.8050000e+02   4.0000003e+00
   2.8075000e+02   4.0000003e+00
   2.8100000e+02   4.0000003e+00
   2.8125000e+02   4.0000002e+00
   2.8150000e+02   4.0000002e+00
   2.8175000e+02   4.0000002e+00
   2.8200000e+02   4.0000002e+00
   2.8225000e+02   4.0000002e+00
   2.8250000e+02   4.0000002e+00
   2.8275000e+02   4.0000002e+00
   2.8300000e+02   4.0000002e+00
   2.8325000e+02   4.0000002e+00
   2.8350000e+02   4.0000002e+00
   2.8375000e+02   4.0000002e+00
   2.8400000e+02   4.0000002e+00
   2.8425000e+02   4.0000002e+00
   2.8450000e+02   4.0000002e+00
   2.8475000e+02   4.0000002e+00
   2.8500000e+02   4.0000002e+00
   2.8525000e+02   4.0000002e+00
   2.8550000e+02   4.0000002e+00
   2.8575000e+02   4.0000002e+00
   2.8600000e+02   4.0000002e+00
   2.8625000e+02   4.0000002e+00
   2.8650000e+02   4.0000002e+00
   2.8675000e+02   4.0000002e+00
   2.8700000e+02   4.0000002e+00
   2.8725000e+02   4.0000002e+00
   2.8750000e+02   4.0000002e+00
   2.8775000e+02   4.0000002e+00
   2.8800000e+02   4.0000002e+00
   2.8825000e+02   4.0000002e+00
   2.8850000e+02   4.0000002e+00
   2.8875000e+02   4.0000002e+00
   2.8900000e+02   4.0000001e+00
   2.8925000e+02   4.0000001e+00
   2.8950000e+02   4.0000001e+00
   2.8975000e+02   4.0000001e+00
   2.9000000e+02   4.0000001e+00
   2.9025000e+02   4.0000001e+00
   2.9050000e+02   4.0000001e+00
   2.9075000e+02   4.0000001e+00
   2.9100000e+02   4.0000001e+00
   2.9125000e+02   4.0000001e+00
   2.9150000e+02   4.0000001e+00
   2.9175000e+02   4.0000001e+00
   2.9200000e+02   4.0000001e+00
   2.9225000e+02   4.0000001e+00
   2.9250000e+02   4.0000001e+00
   2.9275000e+02   4.0000001e+00
   2.9300000e+02   4.0000001e+00
   2.9325000e+02   4.0000001e+00
   2.9350000e+02   4.0000001e+00
   2.9375000e+02   4.0000001e+00
   2.9400000e+02   4.0000001e+00
   2.9425000e+02   4.0000001e+00
   2.9450000e+02   4.0000001e+00
   2.9475000e+02   4.0000001e+00
   2.9500000e+02   4.0000001e+00
   2.9525000e+02   4.0000001e+00
   2.9550000e+02   4.0000001e+00
   2.9575000e+02   4.0000001e+00
   2.9600000e+02   4.0000001e+00
   2.9625000e+02   4.0000001e+00
   2.9650000e+02   4.0000001e+00
   2.9675000e+02   4.0000001e+00
   2.9700000e+02   4.0000001e+00
   2.9725000e+02   4.0000001e+00
   2.9750000e+02   4.0000001e+00
   2.9775000e+02   4.0000001e+00
   2.9800000e+02   4.0000001e+00
   2.9825000e+02   4.0000001e+00
   2.9850000e+02   4.0000001e+00
   2.9875000e+02   4.0000001e+00
   2.9900000e+02   4.0000001e+00
   2.9925000e+02   4.0000001e+00
   2.9950000e+02   4.0000001e+00
   2.9975000e+02   4.0000001e+00
   3.0000000e+02   4.0000001e+00
   3.0025000e+02   4.0000001e+00
   3.0050000e+02   4.0000001e+00
   3.0075000e+02   4.0000001e+00
   3.0100000e+02   4.0000001e+00
   3.0125000e+02   4.0000001e+00
   3.0150000e+02   4.0000001e+00
   3.0175000e+02   4.0000001e+00
   3.0200000e+02   4.0000001e+00
   3.0225000e+02   4.0000001e+00
   3.0250000e+02   4.0000001e+00
   3.0275000e+02   4.0000001e+00
   3.0300000e+02   4.0000001e+00
   3.0325000e+02   4.0000001e+00
   3.0350000e+02   4.0000001e+00
   3.0375000e+02   4.0000001e+00
   3.0400000e+02   4.0000001e+00
   3.0425000e+02   4.0000001e+00
   3.0450000e+02   4.0000001e+00
   3.0475000e+02   4.0000001e+00
   3.0500000e+02   4.0000000e+00
   3.0525000e+02   4.0000000e+00
   3.0550000e+02   4.0000000e+00
   3.0575000e+02   4.0000000e+00
   3.0600000e+02   4.0000000e+00
   3.0625000e+02   4.0000000e+00
   3.0650000e+02   4.0000000e+00
   3.0675000e+02   4.0000000e+00
   3.0700000e+02   4.0000000e+00
   3.0725000e+02   4.0000000e+00
   3.0750000e+02   4.0000000e+00
   3.0775000e+02   4.0000000e+00
   3.0800000e+02   4.0000000e+00
   3.0825000e+02   4.0000000e+00
   3.0850000e+02   4.0000000e+00
   3.0875000e+02   4.0000000e+00
   3.0900000e+02   4.0000000e+00
   3.0925000e+02   4.0000000e+00
   3.0950000e+02   4.0000000e+00
   3.0975000e+02   4.0000000e+00
   3.1000000e+02   4.0000000e+00
   3.1025000e+02   4.0000000e+00
   3.1050000e+02   4.0000000e+00
   3.1075000e+02   4.0000000e+00
   3.1100000e+02   4.0000000e+00
   3.1125000e+02   4.0000000e+00
   3.1150000e+02   4.0000000e+00
   3.1175000e+02   4.0000000e+00
   3.1200000e+02   4.0000000e+00
   3.1225000e+02   4.0000000e+00
   3.1250000e+02   4.0000000e+00
   3.1275000e+02   4.0000000e+00
   3.1300000e+02   4.0000000e+00
   3.1325000e+02   4.0000000e+00
   3.1350000e+02   4.0000000e+00
   3.1375000e+02   4.0000000e+00
   3.1400000e+02   4.0000000e+00
   3.1425000e+02   4.0000000e+00
   3.1450000e+02   4.0000000e+00
   3.1475000e+02   4.0000000e+00
   3.1500000e+02   4.0000000e+00
   3.1525000e+02   4.0000000e+00
   3.1550000e+02   4.0000000e+00
   3.1575000e+02   4.0000000e+00
   3.1600000e+02   4.0000000e+00
   3.1625000e+02   4.0000000e+00
   3.1650000e+02   4.0000000e+00
   3.1675000e+02   4.0000000e+00
   3.1700000e+02   4.0000000e+00
   3.1725000e+02   4.0000000e+00
   3.1750000e+02   4.0000000e+00
   3.1775000e+02   4.0000000e+00
   3.1800000e+02   4.0000000e+00
   3.1825000e+02   4.0000000e+00
   3.1850000e+02   4.0000000e+00
   3.1875000e+02   4.0000000e+00
   3.1900000e+02   4.0000000e+00
   3.1925000e+02   4.0000000e+00
   3.1950000e+02   4.0000000e+00
   3.1975000e+02   4.0000000e+00
   3.2000000e+02   4.0000000e+00
   3.2025000e+02   4.0000000e+00
   3.2050000e+02   4.0000000e+00
   3.2075000e+02   4.0000000e+00
   3.2100000e+02   4.0000000e+00
   3.2125000e+02   4.0000000e+00
   3.2150000e+02   4.0000000e+00
   3.2175000e+02   4.0000000e+00
   3.2200000e+02   4.0000000e+00
   3.2225000e+02   4.0000000e+00
   3.2250000e+02   4.0000000e+00
   3.2275000e+02   4.0000000e+00
   3.2300000e+02   4.0000000e+00
   3.2325000e+02   4.0000000e+00
   3.2350000e+02   4.0000000e+00
   3.2375000e+02   4.0000000e+00
   3.2400000e+02   4.0000000e+00
   3.2425000e+02   4.0000000e+00
   3.2450000e+02   4.0000000e+00
   3.2475000e+02   4.0000000e+00
   3.2500000e+02   4.0000000e+00
   3.2525000e+02   4.0000000e+00
   3.2550000e+02   4.0000000e+00
   3.2575000e+02   4.0000000e+00
   3.2600000e+02   4.0000000e+00
   3.2625000e+02   4.0000000e+00
   3.2650000e+02   4.0000000e+00
   3.2675000e+02   4.0000000e+00
   3.2700000e+02   4.0000000e+00
   3.2725000e+02   4.0000000e+00
   3.2750000e+02   4.0000000e+00
   3.2775000e+02   4.0000000e+00
   3.2800000e+02   4.0000000e+00
   3.2825000e+02   4.0000000e+00
   3.2850000e+02   4.0000000e+00
   3.2875000e+02   4.0000000e+00
   3.2900000e+02   4.0000000e+00
   3.2925000e+02   4.0000000e+00
   3.2950000e+02   4.0000000e+00
   3.2975000e+02   4.0000000e+00
   3.3000000e+02   4.0000000e+00
   3.3025000e+02   4.0000000e+00
   3.3050000e+02   4.0000000e+00
   3.3075000e+02   4.0000000e+00
   3.3100000e+02   4.0000000e+00
   3.3125000e+02   4.0000000e+00
   3.3150000e+02   4.0000000e+00
   3.3175000e+02   4.0000000e+00
   3.3200000e+02   4.0000000e+00
   3.3225000e+02   4.0000000e+00
   3.3250000e+02   4.0000000e+00
   3.3275000e+02   4.0000000e+00
   3.3300000e+02   4.0000000e+00
   3.3325000e+02   4.0000000e+00
   3.3350000e+02   4.0000000e+00
   3.3375000e+02   4.0000000e+00
   3.3400000e+02   4.0000000e+00
   3.3425000e+02   4.0000000e+00
   3.3450000e+02   4.0000000e+00
   3.3475000e+02   4.0000000e+00
   3.3500000e+02   4.0000000e+00
   3.3525000e+02   4.0000000e+00
   3.3550000e+02   4.0000000e+00
   3.3575000e+02   4.0000000e+00
   3.3600000e+02   4.0000000e+00
   3.3625000e+02   4.0000000e+00
   3.3650000e+02   4.0000000e+00
   3.3675000e+02   4.0000000e+00
   3.3700000e+02   4.0000000e+00
   3.3725000e+02   4.0000000e+00
   3.3750000e+02   4.0000000e+00
   3.3775000e+02   4.0000000e+00
   3.3800000e+02   4.0000000e+00
   3.3825000e+02   4.0000000e+00
   3.3850000e+02   4.0000000e+00
   3.3875000e+02   4.0000000e+00
   3.3900000e+02   4.0000000e+00
   3.3925000e+02   4.0000000e+00
   3.3950000e+02   4.0000000e+00
   3.3975000e+02   4.0000000e+00
   3.4000000e+02   4.0000000e+00
   3.4025000e+02   4.0000000e+00
   3.4050000e+02   4.0000000e+00
   3.4075000e+02   4.0000000e+00
   3.4100000e+02   4.0000000e+00
   3.4125000e+02   4.0000000e+00
   3.4150000e+02   4.0000000e+00
   3.4175000e+02   4.0000000e+00
   3.4200000e+02   4.0000000e+00
   3.4225000e+02   4.0000000e+00
   3.4250000e+02   4.0000000e+00
   3.4275000e+02   4.0000000e+00
   3.4300000e+02   4.0000000e+00
   3.4325000e+02   4.0000000e+00
   3.4350000e+02   4.0000000e+00
   3.4375000e+02   4.0000000e+00
   3.4400000e+02   4.0000000e+00
   3.4425000e+02   4.0000000e+00
   3.4450000e+02   4.0000000e+00
   3.4475000e+02   4.0000000e+00
   3.4500000e+02   4.0000000e+00
   3.4525000e+02   4.0000000e+00
   3.4550000e+02   4.0000000e+00
   3.4575000e+02   4.0000000e+00
   3.4600000e+02   4.0000000e+00
   3.4625000e+02   4.0000000e+00
   3.4650000e+02   4.0000000e+00
   3.4675000e+02   4.0000000e+00
   3.4700000e+02   4.0000000e+00
   3.4725000e+02   4.0000000e+00
   3.4750000e+02   4.0000000e+00
   3.4775000e+02   4.0000000e+00
   3.4800000e+02   4.0000000e+00
   3.4825000e+02   4.0000000e+00
   3.4850000e+02   4.0000000e+00
   3.4875000e+02   4.0000000e+00
   3.4900000e+02   4.0000000e+00
   3.4925000e+02   4.0000000e+00
   3.4950000e+02   4.0000000e+00
   3.4975000e+02   4.0000000e+00
   3.5000000e+02   4.0000000e+00
   3.5025000e+02   4.0000000e+00
   3.5050000e+02   4.0000000e+00
   3.5075000e+02   4.0000000e+00
   3.5100000e+02   4.0000000e+00
   3.5125000e+02   4.0000000e+00
   3.5150000e+02   4.0000000e+00
   3.5175000e+02   4.0000000e+00
   3.5200000e+02   4.0000000e+00
   3.5225000e+02   4.0000000e+00
   3.5250000e+02   4.0000000e+00
   3.5275000e+02   4.0000000e+00
   3.5300000e+02   4.0000000e+00
   3.5325000e+02   4.0000000e+00
   3.5350000e+02   4.0000000e+00
   3.5375000e+02   4.0000000e+00
   3.5400000e+02   4.0000000e+00
   3.5425000e+02   4.0000000e+00
   3.5450000e+02   4.0000000e+00
   3.5475000e+02   4.0000000e+00
   3.5500000e+02   4.0000000e+00
   3.5525000e+02   4.0000000e+00
   3.5550000e+02   4.0000000e+00
   3.5575000e+02   4.0000000e+00
   3.5600000e+02   4.0000000e+00
   3.5625000e+02   4.0000000e+00
   3.5650000e+02   4.0000000e+00
   3.5675000e+02   4.0000000e+00
   3.5700000e+02   4.0000000e+00
   3.5725000e+02   4.0000000e+00
   3.5750000e+02   4.0000000e+00
   3.5775000e+02   4.0000000e+00
   3.5800000e+02   4.0000000e+00
   3.5825000e+02   4.0000000e+00
   3.5850000e+02   4.0000000e+00
   3.5875000e+02   4.0000000e+00
   3.5900000e+02   4.0000000e+00
   3.5925000e+02   4.0000000e+00
   3.5950000e+02   4.0000000e+00
   3.5975000e+02   4.0000000e+00
   3.6000000e+02   4.0000000e+00
   3.6025000e+02   4.0000000e+00
   3.6050000e+02   4.0000000e+00
   3.6075000e+02   4.0000000e+00
   3.6100000e+02   4.0000000e+00
   3.6125000e+02   4.0000000e+00
   3.6150000e+02   4.0000000e+00
   3.6175000e+02   4.0000000e+00
   3.6200000e+02   4.0000000e+00
   3.6225000e+02   4.0000000e+00
   3.6250000e+02   4.0000000e+00
   3.6275000e+02   4.0000000e+00
   3.6300000e+02   4.0000000e+00
   3.6325000e+02   4.0000000e+00
   3.6350000e+02   4.0000000e+00
   3.6375000e+02   4.0000000e+00
   3.6400000e+02   4.0000000e+00
   3.6425000e+02   4.0000000e+00
   3.6450000e+02   4.0000000e+00
   3.6475000e+02   4.0000000e+00
   3.6500000e+02   4.0000000e+00
   3.6525000e+02   4.0000000e+00
   3.6550000e+02   4.0000000e+00
   3.6575000e+02   4.0000000e+00
   3.6600000e+02   4.0000000e+00
   3.6625000e+02   4.0000000e+00
   3.6650000e+02   4.0000000e+00
   3.6675000e+02   4.0000000e+00
   3.6700000e+02   4.0000000e+00
   3.6725000e+02   4.0000000e+00
   3.6750000e+02   4.0000000e+00
   3.6775000e+02   4.0000000e+00
   3.6800000e+02   4.0000000e+00
   3.6825000e+02   4.0000000e+00
   3.6850000e+02   4.0000000e+00
   3.6875000e+02   4.0000000e+00
   3.6900000e+02   4.0000000e+00
   3.6925000e+02   4.0000000e+00
   3.6950000e+02   4.0000000e+00
   3.6975000e+02   4.0000000e+00
   3.7000000e+02   4.0000000e+00
   3.7025000e+02   4.0000000e+00
   3.7050000e+02   4.0000000e+00
   3.7075000e+02   4.0000000e+00
   3.7100000e+02   4.0000000e+00
   3.7125000e+02   4.0000000e+00
   3.7150000e+02   4.0000000e+00
   3.7175000e+02   4.0000000e+00
   3.7200000e+02   4.0000000e+00
   3.7225000e+02   4.0000000e+00
   3.7250000e+02   4.0000000e+00
   3.7275000e+02   4.0000000e+00
   3.7300000e+02   4.0000000e+00
   3.7325000e+02   4.0000000e+00
   3.7350000e+02   4.0000000e+00
   3.7375000e+02   4.0000000e+00
   3.7400000e+02   4.0000000e+00
   3.7425000e+02   4.0000000e+00
   3.7450000e+02   4.0000000e+00
   3.7475000e+02   4.0000000e+00
   3.7500000e+02   4.0000000e+00
   3.7525000e+02   4.0000000e+00
   3.7550000e+02   4.0000000e+00
   3.7575000e+02   4.0000000e+00
   3.7600000e+02   4.0000000e+00
   3.7625000e+02   4.0000000e+00
   3.7650000e+02   4.0000000e+00
   3.7675000e+02   4.0000000e+00
   3.7700000e+02   4.0000000e+00
   3.7725000e+02   4.0000000e+00
   3.7750000e+02   4.0000000e+00
   3.7775000e+02   4.0000000e+00
   3.7800000e+02   4.0000000e+00
   3.7825000e+02   4.0000000e+00
   3.7850000e+02   4.0000000e+00
   3.7875000e+02   4.0000000e+00
   3.7900000e+02   4.0000000e+00
   3.7925000e+02   4.0000000e+00
   3.7950000e+02   4.0000000e+00
   3.7975000e+02   4.0000000e+00
   3.8000000e+02   4.0000000e+00
   3.8025000e+02   4.0000000e+00
   3.8050000e+02   4.0000000e+00
   3.8075000e+02   4.0000000e+00
   3.8100000e+02   4.0000000e+00
   3.8125000e+02   4.0000000e+00
   3.8150000e+02   4.0000000e+00
   3.8175000e+02   4.0000000e+00
   3.8200000e+02   4.0000000e+00
   3.8225000e+02   4.0000000e+00
   3.8250000e+02   4.0000000e+00
   3.8275000e+02   4.0000000e+00
   3.8300000e+02   4.0000000e+00
   3.8325000e+02   4.0000000e+00
   3.8350000e+02   4.0000000e+00
   3.8375000e+02   4.0000000e+00
   3.8400000e+02   4.0000000e+00
   3.8425000e+02   4.0000000e+00
   3.8450000e+02   4.0000000e+00
   3.8475000e+02   4.0000000e+00
   3.8500000e+02   4.0000000e+00
   3.8525000e+02   4.0000000e+00
   3.8550000e+02   4.0000000e+00
   3.8575000e+02   4.0000000e+00
   3.8600000e+02   4.0000000e+00
   3.8625000e+02   4.0000000e+00
   3.8650000e+02   4.0000000e+00
   3.8675000e+02   4.0000000e+00
   3.8700000e+02   4.0000000e+00
   3.8725000e+02   4.0000000e+00
   3.8750000e+02   4.0000000e+00
   3.8775000e+02   4.0000000e+00
   3.8800000e+02   4.0000000e+00
   3.8825000e+02   4.0000000e+00
   3.8850000e+02   4.0000000e+00
   3.8875000e+02   4.0000000e+00
   3.8900000e+02   4.0000000e+00
   3.8925000e+02   4.0000000e+00
   3.8950000e+02   4.0000000e+00
   3.8975000e+02   4.0000000e+00
   3.9000000e+02   4.0000000e+00
   3.9025000e+02   4.0000000e+00
   3.9050000e+02   4.0000000e+00
   3.9075000e+02   4.0000000e+00
   3.9100000e+02   4.0000000e+00
   3.9125000e+02   4.0000000e+00
   3.9150000e+02   4.0000000e+00
   3.9175000e+02   4.0000000e+00
   3.9200000e+02   4.0000000e+00
   3.9225000e+02   4.0000000e+00
   3.9250000e+02   4.0000000e+00
   3.9275000e+02   4.0000000e+00
   3.9300000e+02   4.0000000e+00
   3.9325000e+02   4.0000000e+00
   3.9350000e+02   4.0000000e+00
   3.9375000e+02   4.0000000e+00
   3.9400000e+02   4.0000000e+00
   3.9425000e+02   4.0000000e+00
   3.9450000e+02   4.0000000e+00
   3.9475000e+02   4.0000000e+00
   3.9500000e+02   4.0000000e+00
   3.9525000e+02   4.0000000e+00
   3.9550000e+02   4.0000000e+00
   3.9575000e+02   4.0000000e+00
   3.9600000e+02   4.0000000e+00
   3.9625000e+02   4.0000000e+00
   3.9650000e+02   4.0000000e+00
   3.9675000e+02   4.0000000e+00
   3.9700000e+02   4.0000000e+00
   3.9725000e+02   4.0000000e+00
   3.9750000e+02   4.0000000e+00
   3.9775000e+02   4.0000000e+00
   3.9800000e+02   4.0000000e+00
   3.9825000e+02   4.0000000e+00
   3.9850000e+02   4.0000000e+00
   3.9875000e+02   4.0000000e+00
   3.9900000e+02   4.0000000e+00
   3.9925000e+02   4.0000000e+00
   3.9950000e+02   4.0000000e+00
   3.9975000e+02   4.0000000e+00
   4.0000000e+02   4.0000000e+00
   4.0025000e+02   4.0000000e+00
   4.0050000e+02   4.0000000e+00
   4.0075000e+02   4.0000000e+00
   4.0100000e+02   4.0000000e+00
   4.0125000e+02   4.0000000e+00
   4.0150000e+02   4.0000000e+00
   4.0175000e+02   4.0000000e+00
   4.0200000e+02   4.0000000e+00
   4.0225000e+02   4.0000000e+00
   4.0250000e+02   4.0000000e+00
   4.0275000e+02   4.0000000e+00
   4.0300000e+02   4.0000000e+00
   4.0325000e+02   4.0000000e+00
   4.0350000e+02   4.0000000e+00
   4.0375000e+02   4.0000000e+00
   4.0400000e+02   4.0000000e+00
   4.0425000e+02   4.0000000e+00
   4.0450000e+02   4.0000000e+00
   4.0475000e+02   4.0000000e+00
   4.0500000e+02   4.0000000e+00
   4.0525000e+02   4.0000000e+00
   4.0550000e+02   4.0000000e+00
   4.0575000e+02   4.0000000e+00
   4.0600000e+02   4.0000000e+00
   4.0625000e+02   4.0000000e+00
   4.0650000e+02   4.0000000e+00
   4.0675000e+02   4.0000000e+00
   4.0700000e+02   4.0000000e+00
   4.0725000e+02   4.0000000e+00
   4.0750000e+02   4.0000000e+00
   4.0775000e+02   4.0000000e+00
   4.0800000e+02   4.0000000e+00
   4.0825000e+02   4.0000000e+00
   4.0850000e+02   4.0000000e+00
   4.0875000e+02   4.0000000e+00
   4.0900000e+02   4.0000000e+00
   4.0925000e+02   4.0000000e+00
   4.0950000e+02   4.0000000e+00
   4.0975000e+02   4.0000000e+00
   4.1000000e+02   4.0000000e+00
   4.1025000e+02   4.0000000e+00
   4.1050000e+02   4.0000000e+00
   4.1075000e+02   4.0000000e+00
   4.1100000e+02   4.0000000e+00
   4.1125000e+02   4.0000000e+00
   4.1150000e+02   4.0000000e+00
   4.1175000e+02   4.0000000e+00
   4.1200000e+02   4.0000000e+00
   4.1225000e+02   4.0000000e+00
   4.1250000e+02   4.0000000e+00
   4.1275000e+02   4.0000000e+00
   4.1300000e+02   4.0000000e+00
   4.1325000e+02   4.0000000e+00
   4.1350000e+02   4.0000000e+00
   4.1375000e+02   4.0000000e+00
   4.1400000e+02   4.0000000e+00
   4.1425000e+02   4.0000000e+00
   4.1450000e+02   4.0000000e+00
   4.1475000e+02   4.0000000e+00
   4.1500000e+02   4.0000000e+00
   4.1525000e+02   4.0000000e+00
   4.1550000e+02   4.0000000e+00
   4.1575000e+02   4.0000000e+00
   4.1600000e+02   4.0000000e+00
   4.1625000e+02   4.0000000e+00
   4.1650000e+02   4.0000000e+00
   4.1675000e+02   4.0000000e+00
   4.1700000e+02   4.0000000e+00
   4.1725000e+02   4.0000000e+00
   4.1750000e+02   4.0000000e+00
   4.1775000e+02   4.0000000e+00
   4.1800000e+02   4.0000000e+00
   4.1825000e+02   4.0000000e+00
   4.1850000e+02   4.0000000e+00
   4.1875000e+02   4.0000000e+00
   4.1900000e+02   4.0000000e+00
   4.1925000e+02   4.0000000e+00
   4.1950000e+02   4.0000000e+00
   4.1975000e+02   4.0000000e+00
   4.2000000e+02   4.0000000e+00
   4.2025000e+02   4.0000000e+00
   4.2050000e+02   4.0000000e+00
   4.2075000e+02   4.0000000e+00
   4.2100000e+02   4.0000000e+00
   4.2125000e+02   4.0000000e+00
   4.2150000e+02   4.0000000e+00
   4.2175000e+02   4.0000000e+00
   4.2200000e+02   4.0000000e+00
   4.2225000e+02   4.0000000e+00
   4.2250000e+02   4.0000000e+00
   4.2275000e+02   4.0000000e+00
   4.2300000e+02   4.0000000e+00
   4.2325000e+02   4.0000000e+00
   4.2350000e+02   4.0000000e+00
   4.2375000e+02   4.0000000e+00
   4.2400000e+02   4.0000000e+00
   4.2425000e+02   4.0000000e+00
   4.2450000e+02   4.0000000e+00
   4.2475000e+02   4.0000000e+00
   4.2500000e+02   4.0000000e+00
   4.2525000e+02   4.0000000e+00
   4.2550000e+02   4.0000000e+00
   4.2575000e+02   4.0000000e+00
   4.2600000e+02   4.0000000e+00
   4.2625000e+02   4.0000000e+00
   4.2650000e+02   4.0000000e+00
   4.2675000e+02   4.0000000e+00
   4.2700000e+02   4.0000000e+00
   4.2725000e+02   4.0000000e+00
   4.2750000e+02   4.0000000e+00
   4.2775000e+02   4.0000000e+00
   4.2800000e+02   4.0000000e+00
   4.2825000e+02   4.0000000e+00
   4.2850000e+02   4.0000000e+00
   4.2875000e+02   4.0000000e+00
   4.2900000e+02   4.0000000e+00
   4.2925000e+02   4.0000000e+00
   4.2950000e+02   4.0000000e+00
   4.2975000e+02   4.0000000e+00
   4.3000000e+02   4.0000000e+00
   4.3025000e+02   4.0000000e+00
   4.3050000e+02   4.0000000e+00
   4.3075000e+02   4.0000000e+00
   4.3100000e+02   4.0000000e+00
   4.3125000e+02   4.0000000e+00
   4.3150000e+02   4.0000000e+00
   4.3175000e+02   4.0000000e+00
   4.3200000e+02   4.0000000e+00
   4.3225000e+02   4.0000000e+00
   4.3250000e+02   4.0000000e+00
   4.3275000e+02   4.0000000e+00
   4.3300000e+02   4.0000000e+00
   4.3325000e+02   4.0000000e+00
   4.3350000e+02   4.0000000e+00
   4.3375000e+02   4.0000000e+00
   4.3400000e+02   4.0000000e+00
   4.3425000e+02   4.0000000e+00
   4.3450000e+02   4.0000000e+00
   4.3475000e+02   4.0000000e+00
   4.3500000e+02   4.0000000e+00
   4.3525000e+02   4.0000000e+00
   4.3550000e+02   4.0000000e+00
   4.3575000e+02   4.0000000e+00
   4.3600000e+02   4.0000000e+00
   4.3625000e+02   4.0000000e+00
   4.3650000e+02   4.0000000e+00
   4.3675000e+02   4.0000000e+00
   4.3700000e+02   4.0000000e+00
   4.3725000e+02   4.0000000e+00
   4.3750000e+02   4.0000000e+00
   4.3775000e+02   4.0000000e+00
   4.3800000e+02   4.0000000e+00
   4.3825000e+02   4.0000000e+00
   4.3850000e+02   4.0000000e+00
   4.3875000e+02   4.0000000e+00
   4.3900000e+02   4.0000000e+00
   4.3925000e+02   4.0000000e+00
   4.3950000e+02   4.0000000e+00
   4.3975000e+02   4.0000000e+00
   4.4000000e+02   4.0000000e+00
   4.4025000e+02   4.0000000e+00
   4.4050000e+02   4.0000000e+00
   4.4075000e+02   4.0000000e+00
   4.4100000e+02   4.0000000e+00
   4.4125000e+02   4.0000000e+00
   4.4150000e+02   4.0000000e+00
   4.4175000e+02   4.0000000e+00
   4.4200000e+02   4.0000000e+00
   4.4225000e+02   4.0000000e+00
   4.4250000e+02   4.0000000e+00
   4.4275000e+02   4.0000000e+00
   4.4300000e+02   4.0000000e+00
   4.4325000e+02   4.0000000e+00
   4.4350000e+02   4.0000000e+00
   4.4375000e+02   4.0000000e+00
   4.4400000e+02   4.0000000e+00
   4.4425000e+02   4.0000000e+00
   4.4450000e+02   4.0000000e+00
   4.4475000e+02   4.0000000e+00
   4.4500000e+02   4.0000000e+00
   4.4525000e+02   4.0000000e+00
   4.4550000e+02   4.0000000e+00
   4.4575000e+02   4.0000000e+00
   4.4600000e+02   4.0000000e+00
   4.4625000e+02   4.0000000e+00
   4.4650000e+02   4.0000000e+00
   4.4675000e+02   4.0000000e+00
   4.4700000e+02   4.0000000e+00
   4.4725000e+02   4.0000000e+00
   4.4750000e+02   4.0000000e+00
   4.4775000e+02   4.0000000e+00
   4.4800000e+02   4.0000000e+00
   4.4825000e+02   4.0000000e+00
   4.4850000e+02   4.0000000e+00
   4.4875000e+02   4.0000000e+00
   4.4900000e+02   4.0000000e+00
   4.4925000e+02   4.0000000e+00
   4.4950000e+02   4.0000000e+00
   4.4975000e+02   4.0000000e+00
   4.5000000e+02   4.0000000e+00
   4.5025000e+02   4.0000000e+00
   4.5050000e+02   4.0000000e+00
   4.5075000e+02   4.0000000e+00
   4.5100000e+02   4.0000000e+00
   4.5125000e+02   4.0000000e+00
   4.5150000e+02   4.0000000e+00
   4.5175000e+02   4.0000000e+00
   4.5200000e+02   4.0000000e+00
   4.5225000e+02   4.0000000e+00
   4.5250000e+02   4.0000000e+00
   4.5275000e+02   4.0000000e+00
   4.5300000e+02   4.0000000e+00
   4.5325000e+02   4.0000000e+00
   4.5350000e+02   4.0000000e+00
   4.5375000e+02   4.0000000e+00
   4.5400000e+02   4.0000000e+00
   4.5425000e+02   4.0000000e+00
   4.5450000e+02   4.0000000e+00
   4.5475000e+02   4.0000000e+00
   4.5500000e+02   4.0000000e+00
   4.5525000e+02   4.0000000e+00
   4.5550000e+02   4.0000000e+00
   4.5575000e+02   4.0000000e+00
   4.5600000e+02   4.0000000e+00
   4.5625000e+02   4.0000000e+00
   4.5650000e+02   4.0000000e+00
   4.5675000e+02   4.0000000e+00
   4.5700000e+02   4.0000000e+00
   4.5725000e+02   4.0000000e+00
   4.5750000e+02   4.0000000e+00
   4.5775000e+02   4.0000000e+00
   4.5800000e+02   4.0000000e+00
   4.5825000e+02   4.0000000e+00
   4.5850000e+02   4.0000000e+00
   4.5875000e+02   4.0000000e+00
   4.5900000e+02   4.0000000e+00
   4.5925000e+02   4.0000000e+00
   4.5950000e+02   4.0000000e+00
   4.5975000e+02   4.0000000e+00
   4.6000000e+02   4.0000000e+00
   4.6025000e+02   4.0000000e+00
   4.6050000e+02   4.0000000e+00
   4.6075000e+02   4.0000000e+00
   4.6100000e+02   4.0000000e+00
   4.6125000e+02   4.0000000e+00
   4.6150000e+02   4.0000000e+00
   4.6175000e+02   4.0000000e+00
   4.6200000e+02   4.0000000e+00
   4.6225000e+02   4.0000000e+00
   4.6250000e+02   4.0000000e+00
   4.6275000e+02   4.0000000e+00
   4.6300000e+02   4.0000000e+00
   4.6325000e+02   4.0000000e+00
   4.6350000e+02   4.0000000e+00
   4.6375000e+02   4.0000000e+00
   4.6400000e+02   4.0000000e+00
   4.6425000e+02   4.0000000e+00
   4.6450000e+02   4.0000000e+00
   4.6475000e+02   4.0000000e+00
   4.6500000e+02   4.0000000e+00
   4.6525000e+02   4.0000000e+00
   4.6550000e+02   4.0000000e+00
   4.6575000e+02   4.0000000e+00
   4.6600000e+02   4.0000000e+00
   4.6625000e+02   4.0000000e+00
   4.6650000e+02   4.0000000e+00
   4.6675000e+02   4.0000000e+00
   4.6700000e+02   4.0000000e+00
   4.6725000e+02   4.0000000e+00
   4.6750000e+02   4.0000000e+00
   4.6775000e+02   4.0000000e+00
   4.6800000e+02   4.0000000e+00
   4.6825000e+02   4.0000000e+00
   4.6850000e+02   4.0000000e+00
   4.6875000e+02   4.0000000e+00
   4.6900000e+02   4.0000000e+00
   4.6925000e+02   4.0000000e+00
   4.6950000e+02   4.0000000e+00
   4.6975000e+02   4.0000000e+00
   4.7000000e+02   4.0000000e+00
   4.7025000e+02   4.0000000e+00
   4.7050000e+02   4.0000000e+00
   4.7075000e+02   4.0000000e+00
   4.7100000e+02   4.0000000e+00
   4.7125000e+02   4.0000000e+00
   4.7150000e+02   4.0000000e+00
   4.7175000e+02   4.0000000e+00
   4.7200000e+02   4.0000000e+00
   4.7225000e+02   4.0000000e+00
   4.7250000e+02   4.0000000e+00
   4.7275000e+02   4.0000000e+00
   4.7300000e+02   4.0000000e+00
   4.7325000e+02   4.0000000e+00
   4.7350000e+02   4.0000000e+00
   4.7375000e+02   4.0000000e+00
   4.7400000e+02   4.0000000e+00
   4.7425000e+02   4.0000000e+00
   4.7450000e+02   4.0000000e+00
   4.7475000e+02   4.0000000e+00
   4.7500000e+02   4.0000000e+00
   4.7525000e+02   4.0000000e+00
   4.7550000e+02   4.0000000e+00
   4.7575000e+02   4.0000000e+00
   4.7600000e+02   4.0000000e+00
   4.7625000e+02   4.0000000e+00
   4.7650000e+02   4.0000000e+00
   4.7675000e+02   4.0000000e+00
   4.7700000e+02   4.0000000e+00
   4.7725000e+02   4.0000000e+00
   4.7750000e+02   4.0000000e+00
   4.7775000e+02   4.0000000e+00
   4.7800000e+02   4.0000000e+00
   4.7825000e+02   4.0000000e+00
   4.7850000e+02   4.0000000e+00
   4.7875000e+02   4.0000000e+00
   4.7900000e+02   4.0000000e+00
   4.7925000e+02   4.0000000e+00
   4.7950000e+02   4.0000000e+00
   4.7975000e+02   4.0000000e+00
   4.8000000e+02   4.0000000e+00
   4.8025000e+02   4.0000000e+00
   4.8050000e+02   4.0000000e+00
   4.8075000e+02   4.0000000e+00
   4.8100000e+02   4.0000000e+00
   4.8125000e+02   4.0000000e+00
   4.8150000e+02   4.0000000e+00
   4.8175000e+02   4.0000000e+00
   4.8200000e+02   4.0000000e+00
   4.8225000e+02   4.0000000e+00
   4.8250000e+02   4.0000000e+00
   4.8275000e+02   4.0000000e+00
   4.8300000e+02   4.0000000e+00
   4.8325000e+02   4.0000000e+00
   4.8350000e+02   4.0000000e+00
   4.8375000e+02   4.0000000e+00
   4.8400000e+02   4.0000000e+00
   4.8425000e+02   4.0000000e+00
   4.8450000e+02   4.0000000e+00
   4.8475000e+02   4.0000000e+00
   4.8500000e+02   4.0000000e+00
   4.8525000e+02   4.0000000e+00
   4.8550000e+02   4.0000000e+00
   4.8575000e+02   4.0000000e+00
   4.8600000e+02   4.0000000e+00
   4.8625000e+02   4.0000000e+00
   4.8650000e+02   4.0000000e+00
   4.8675000e+02   4.0000000e+00
   4.8700000e+02   4.0000000e+00
   4.8725000e+02   4.0000000e+00
   4.8750000e+02   4.0000000e+00
   4.8775000e+02   4.0000000e+00
   4.8800000e+02   4.0000000e+00
   4.8825000e+02   4.0000000e+00
   4.8850000e+02   4.0000000e+00
   4.8875000e+02   4.0000000e+00
   4.8900000e+02   4.0000000e+00
   4.8925000e+02   4.0000000e+00
   4.8950000e+02   4.0000000e+00
   4.8975000e+02   4.0000000e+00
   4.9000000e+02   4.0000000e+00
   4.9025000e+02   4.0000000e+00
   4.9050000e+02   4.0000000e+00
   4.9075000e+02   4.0000000e+00
   4.9100000e+02   4.0000000e+00
   4.9125000e+02   4.0000000e+00
   4.9150000e+02   4.0000000e+00
   4.9175000e+02   4.0000000e+00
   4.9200000e+02   4.0000000e+00
   4.9225000e+02   4.0000000e+00
   4.9250000e+02   4.0000000e+00
   4.9275000e+02   4.0000000e+00
   4.9300000e+02   4.0000000e+00
   4.9325000e+02   4.0000000e+00
   4.9350000e+02   4.0000000e+00
   4.9375000e+02   4.0000000e+00
   4.9400000e+02   4.0000000e+00
   4.9425000e+02   4.0000000e+00
   4.9450000e+02   4.0000000e+00
   4.9475000e+02   4.0000000e+00
   4.9500000e+02   4.0000000e+00
   4.9525000e+02   4.0000000e+00
   4.9550000e+02   4.0000000e+00
   4.9575000e+02   4.0000000e+00
   4.9600000e+02   4.0000000e+00
   4.9625000e+02   4.0000000e+00
   4.9650000e+02   4.0000000e+00
   4.9675000e+02   4.0000000e+00
   4.9700000e+02   4.0000000e+00
   4.9725000e+02   4.0000000e+00
   4.9750000e+02   4.0000000e+00
   4.9775000e+02   4.0000000e+00
   4.9800000e+02   4.0000000e+00
   4.9825000e+02   4.0000000e+00
   4.9850000e+02   4.0000000e+00
   4.9875000e+02   4.0000000e+00
   4.9900000e+02   4.0000000e+00
   4.9925000e+02   4.0000000e+00
   4.9950000e+02   4.0000000e+00
   4.9975000e+02   4.0000000e+00
   5.0000000e+02   4.0000000e+00
   5.0025000e+02   4.0000000e+00
   5.0050000e+02   4.0000000e+00
   5.0075000e+02   4.0000000e+00
   5.0100000e+02   4.0000000e+00
   5.0125000e+02   4.0000000e+00
   5.0150000e+02   4.0000000e+00
   5.0175000e+02   4.0000000e+00
   5.0200000e+02   4.0000000e+00
   5.0225000e+02   4.0000000e+00
   5.0250000e+02   4.0000000e+00
   5.0275000e+02   4.0000000e+00
   5.0300000e+02   4.0000000e+00
   5.0325000e+02   4.0000000e+00
   5.0350000e+02   4.0000000e+00
   5.0375000e+02   4.0000000e+00
   5.0400000e+02   4.0000000e+00
   5.0425000e+02   4.0000000e+00
   5.0450000e+02   4.0000000e+00
   5.0475000e+02   4.0000000e+00
   5.0500000e+02   4.0000000e+00
   5.0525000e+02   4.0000000e+00
   5.0550000e+02   4.0000000e+00
   5.0575000e+02   4.0000000e+00
   5.0600000e+02   4.0000000e+00
   5.0625000e+02   4.0000000e+00
   5.0650000e+02   4.0000000e+00
   5.0675000e+02   4.0000000e+00
   5.0700000e+02   4.0000000e+00
   5.0725000e+02   4.0000000e+00
   5.0750000e+02   4.0000000e+00
   5.0775000e+02   4.0000000e+00
   5.0800000e+02   4.0000000e+00
   5.0825000e+02   4.0000000e+00
   5.0850000e+02   4.0000000e+00
   5.0875000e+02   4.0000000e+00
   5.0900000e+02   4.0000000e+00
   5.0925000e+02   4.0000000e+00
   5.0950000e+02   4.0000000e+00
   5.0975000e+02   4.0000000e+00
   5.1000000e+02   4.0000000e+00
   5.1025000e+02   4.0000000e+00
   5.1050000e+02   4.0000000e+00
   5.1075000e+02   4.0000000e+00
   5.1100000e+02   4.0000000e+00
   5.1125000e+02   4.0000000e+00
   5.1150000e+02   4.0000000e+00
   5.1175000e+02   4.0000000e+00
   5.1200000e+02   4.0000000e+00
   5.1225000e+02   4.0000000e+00
   5.1250000e+02   4.0000000e+00
   5.1275000e+02   4.0000000e+00
   5.1300000e+02   4.0000000e+00
   5.1325000e+02   4.0000000e+00
   5.1350000e+02   4.0000000e+00
   5.1375000e+02   4.0000000e+00
   5.1400000e+02   4.0000000e+00
   5.1425000e+02   4.0000000e+00
   5.1450000e+02   4.0000000e+00
   5.1475000e+02   4.0000000e+00
   5.1500000e+02   4.0000000e+00
   5.1525000e+02   4.0000000e+00
   5.1550000e+02   4.0000000e+00
   5.1575000e+02   4.0000000e+00
   5.1600000e+02   4.0000000e+00
   5.1625000e+02   4.0000000e+00
   5.1650000e+02   4.0000000e+00
   5.1675000e+02   4.0000000e+00
   5.1700000e+02   4.0000000e+00
   5.1725000e+02   4.0000000e+00
   5.1750000e+02   4.0000000e+00
   5.1775000e+02   4.0000000e+00
   5.1800000e+02   4.0000000e+00
   5.1825000e+02   4.0000000e+00
   5.1850000e+02   4.0000000e+00
   5.1875000e+02   4.0000000e+00
   5.1900000e+02   4.0000000e+00
   5.1925000e+02   4.0000000e+00
   5.1950000e+02   4.0000000e+00
   5.1975000e+02   4.0000000e+00
   5.2000000e+02   4.0000000e+00
   5.2025000e+02   4.0000000e+00
   5.2050000e+02   4.0000000e+00
   5.2075000e+02   4.0000000e+00
   5.2100000e+02   4.0000000e+00
   5.2125000e+02   4.0000000e+00
   5.2150000e+02   4.0000000e+00
   5.2175000e+02   4.0000000e+00
   5.2200000e+02   4.0000000e+00
   5.2225000e+02   4.0000000e+00
   5.2250000e+02   4.0000000e+00
   5.2275000e+02   4.0000000e+00
   5.2300000e+02   4.0000000e+00
   5.2325000e+02   4.0000000e+00
   5.2350000e+02   4.0000000e+00
   5.2375000e+02   4.0000000e+00
   5.2400000e+02   4.0000000e+00
   5.2425000e+02   4.0000000e+00
   5.2450000e+02   4.0000000e+00
   5.2475000e+02   4.0000000e+00
   5.2500000e+02   4.0000000e+00
   5.2525000e+02   4.0000000e+00
   5.2550000e+02   4.0000000e+00
   5.2575000e+02   4.0000000e+00
   5.2600000e+02   4.0000000e+00
   5.2625000e+02   4.0000000e+00
   5.2650000e+02   4.0000000e+00
   5.2675000e+02   4.0000000e+00
   5.2700000e+02   4.0000000e+00
   5.2725000e+02   4.0000000e+00
   5.2750000e+02   4.0000000e+00
   5.2775000e+02   4.0000000e+00
   5.2800000e+02   4.0000000e+00
   5.2825000e+02   4.0000000e+00
   5.2850000e+02   4.0000000e+00
   5.2875000e+02   4.0000000e+00
   5.2900000e+02   4.0000000e+00
   5.2925000e+02   4.0000000e+00
   5.2950000e+02   4.0000000e+00
   5.2975000e+02   4.0000000e+00
   5.3000000e+02   4.0000000e+00
   5.3025000e+02   4.0000000e+00
   5.3050000e+02   4.0000000e+00
   5.3075000e+02   4.0000000e+00
   5.3100000e+02   4.0000000e+00
   5.3125000e+02   4.0000000e+00
   5.3150000e+02   4.0000000e+00
   5.3175000e+02   4.0000000e+00
   5.3200000e+02   4.0000000e+00
   5.3225000e+02   4.0000000e+00
   5.3250000e+02   4.0000000e+00
   5.3275000e+02   4.0000000e+00
   5.3300000e+02   4.0000000e+00
   5.3325000e+02   4.0000000e+00
   5.3350000e+02   4.0000000e+00
   5.3375000e+02   4.0000000e+00
   5.3400000e+02   4.0000000e+00
   5.3425000e+02   4.0000000e+00
   5.3450000e+02   4.0000000e+00
   5.3475000e+02   4.0000000e+00
   5.3500000e+02   4.0000000e+00
   5.3525000e+02   4.0000000e+00
   5.3550000e+02   4.0000000e+00
   5.3575000e+02   4.0000000e+00
   5.3600000e+02   4.0000000e+00
   5.3625000e+02   4.0000000e+00
   5.3650000e+02   4.0000000e+00
   5.3675000e+02   4.0000000e+00
   5.3700000e+02   4.0000000e+00
   5.3725000e+02   4.0000000e+00
   5.3750000e+02   4.0000000e+00
   5.3775000e+02   4.0000000e+00
   5.3800000e+02   4.0000000e+00
   5.3825000e+02   4.0000000e+00
   5.3850000e+02   4.0000000e+00
   5.3875000e+02   4.0000000e+00
   5.3900000e+02   4.0000000e+00
   5.3925000e+02   4.0000000e+00
   5.3950000e+02   4.0000000e+00
   5.3975000e+02   4.0000000e+00
   5.4000000e+02   4.0000000e+00
   5.4025000e+02   4.0000000e+00
   5.4050000e+02   4.0000000e+00
   5.4075000e+02   4.0000000e+00
   5.4100000e+02   4.0000000e+00
   5.4125000e+02   4.0000000e+00
   5.4150000e+02   4.0000000e+00
   5.4175000e+02   4.0000000e+00
   5.4200000e+02   4.0000000e+00
   5.4225000e+02   4.0000000e+00
   5.4250000e+02   4.0000000e+00
   5.4275000e+02   4.0000000e+00
   5.4300000e+02   4.0000000e+00
   5.4325000e+02   4.0000000e+00
   5.4350000e+02   4.0000000e+00
   5.4375000e+02   4.0000000e+00
   5.4400000e+02   4.0000000e+00
   5.4425000e+02   4.0000000e+00
   5.4450000e+02   4.0000000e+00
   5.4475000e+02   4.0000000e+00
   5.4500000e+02   4.0000000e+00
   5.4525000e+02   4.0000000e+00
   5.4550000e+02   4.0000000e+00
   5.4575000e+02   4.0000000e+00
   5.4600000e+02   4.0000000e+00
   5.4625000e+02   4.0000000e+00
   5.4650000e+02   4.0000000e+00
   5.4675000e+02   4.0000000e+00
   5.4700000e+02   4.0000000e+00
   5.4725000e+02   4.0000000e+00
   5.4750000e+02   4.0000000e+00
   5.4775000e+02   4.0000000e+00
   5.4800000e+02   4.0000000e+00
   5.4825000e+02   4.0000000e+00
   5.4850000e+02   4.0000000e+00
   5.4875000e+02   4.0000000e+00
   5.4900000e+02   4.0000000e+00
   5.4925000e+02   4.0000000e+00
   5.4950000e+02   4.0000000e+00
   5.4975000e+02   4.0000000e+00
   5.5000000e+02   4.0000000e+00
   5.5025000e+02   4.0000000e+00
   5.5050000e+02   4.0000000e+00
   5.5075000e+02   4.0000000e+00
   5.5100000e+02   4.0000000e+00
   5.5125000e+02   4.0000000e+00
   5.5150000e+02   4.0000000e+00
   5.5175000e+02   4.0000000e+00
   5.5200000e+02   4.0000000e+00
   5.5225000e+02   4.0000000e+00
   5.5250000e+02   4.0000000e+00
   5.5275000e+02   4.0000000e+00
   5.5300000e+02   4.0000000e+00
   5.5325000e+02   4.0000000e+00
   5.5350000e+02   4.0000000e+00
   5.5375000e+02   4.0000000e+00
   5.5400000e+02   4.0000000e+00
   5.5425000e+02   4.0000000e+00
   5.5450000e+02   4.0000000e+00
   5.5475000e+02   4.0000000e+00
   5.5500000e+02   4.0000000e+00
   5.5525000e+02   4.0000000e+00
   5.5550000e+02   4.0000000e+00
   5.5575000e+02   4.0000000e+00
   5.5600000e+02   4.0000000e+00
   5.5625000e+02   4.0000000e+00
   5.5650000e+02   4.0000000e+00
   5.5675000e+02   4.0000000e+00
   5.5700000e+02   4.0000000e+00
   5.5725000e+02   4.0000000e+00
   5.5750000e+02   4.0000000e+00
   5.5775000e+02   4.0000000e+00
   5.5800000e+02   4.0000000e+00
   5.5825000e+02   4.0000000e+00
   5.5850000e+02   4.0000000e+00
   5.5875000e+02   4.0000000e+00
   5.5900000e+02   4.0000000e+00
   5.5925000e+02   4.0000000e+00
   5.5950000e+02   4.0000000e+00
   5.5975000e+02   4.0000000e+00
   5.6000000e+02   4.0000000e+00
   5.6025000e+02   4.0000000e+00
   5.6050000e+02   4.0000000e+00
   5.6075000e+02   4.0000000e+00
   5.6100000e+02   4.0000000e+00
   5.6125000e+02   4.0000000e+00
   5.6150000e+02   4.0000000e+00
   5.6175000e+02   4.0000000e+00
   5.6200000e+02   4.0000000e+00
   5.6225000e+02   4.0000000e+00
   5.6250000e+02   4.0000000e+00
   5.6275000e+02   4.0000000e+00
   5.6300000e+02   4.0000000e+00
   5.6325000e+02   4.0000000e+00
   5.6350000e+02   4.0000000e+00
   5.6375000e+02   4.0000000e+00
   5.6400000e+02   4.0000000e+00
   5.6425000e+02   4.0000000e+00
   5.6450000e+02   4.0000000e+00
   5.6475000e+02   4.0000000e+00
   5.6500000e+02   4.0000000e+00
   5.6525000e+02   4.0000000e+00
   5.6550000e+02   4.0000000e+00
   5.6575000e+02   4.0000000e+00
   5.6600000e+02   4.0000000e+00
   5.6625000e+02   4.0000000e+00
   5.6650000e+02   4.0000000e+00
   5.6675000e+02   4.0000000e+00
   5.6700000e+02   4.0000000e+00
   5.6725000e+02   4.0000000e+00
   5.6750000e+02   4.0000000e+00
   5.6775000e+02   4.0000000e+00
   5.6800000e+02   4.0000000e+00
   5.6825000e+02   4.0000000e+00
   5.6850000e+02   4.0000000e+00
   5.6875000e+02   4.0000000e+00
   5.6900000e+02   4.0000000e+00
   5.6925000e+02   4.0000000e+00
   5.6950000e+02   4.0000000e+00
   5.6975000e+02   4.0000000e+00
   5.7000000e+02   4.0000000e+00
   5.7025000e+02   4.0000000e+00
   5.7050000e+02   4.0000000e+00
   5.7075000e+02   4.0000000e+00
   5.7100000e+02   4.0000000e+00
   5.7125000e+02   4.0000000e+00
   5.7150000e+02   4.0000000e+00
   5.7175000e+02   4.0000000e+00
   5.7200000e+02   4.0000000e+00
   5.7225000e+02   4.0000000e+00
   5.7250000e+02   4.0000000e+00
   5.7275000e+02   4.0000000e+00
   5.7300000e+02   4.0000000e+00
   5.7325000e+02   4.0000000e+00
   5.7350000e+02   4.0000000e+00
   5.7375000e+02   4.0000000e+00
   5.7400000e+02   4.0000000e+00
   5.7425000e+02   4.0000000e+00
   5.7450000e+02   4.0000000e+00
   5.7475000e+02   4.0000000e+00
   5.7500000e+02   4.0000000e+00
   5.7525000e+02   4.0000000e+00
   5.7550000e+02   4.0000000e+00
   5.7575000e+02   4.0000000e+00
   5.7600000e+02   4.0000000e+00
   5.7625000e+02   4.0000000e+00
   5.7650000e+02   4.0000000e+00
   5.7675000e+02   4.0000000e+00
   5.7700000e+02   4.0000000e+00
   5.7725000e+02   4.0000000e+00
   5.7750000e+02   4.0000000e+00
   5.7775000e+02   4.0000000e+00
   5.7800000e+02   4.0000000e+00
   5.7825000e+02   4.0000000e+00
   5.7850000e+02   4.0000000e+00
   5.7875000e+02   4.0000000e+00
   5.7900000e+02   4.0000000e+00
   5.7925000e+02   4.0000000e+00
   5.7950000e+02   4.0000000e+00
   5.7975000e+02   4.0000000e+00
   5.8000000e+02   4.0000000e+00
   5.8025000e+02   4.0000000e+00
   5.8050000e+02   4.0000000e+00
   5.8075000e+02   4.0000000e+00
   5.8100000e+02   4.0000000e+00
   5.8125000e+02   4.0000000e+00
   5.8150000e+02   4.0000000e+00
   5.8175000e+02   4.0000000e+00
   5.8200000e+02   4.0000000e+00
   5.8225000e+02   4.0000000e+00
   5.8250000e+02   4.0000000e+00
   5.8275000e+02   4.0000000e+00
   5.8300000e+02   4.0000000e+00
   5.8325000e+02   4.0000000e+00
   5.8350000e+02   4.0000000e+00
   5.8375000e+02   4.0000000e+00
   5.8400000e+02   4.0000000e+00
   5.8425000e+02   4.0000000e+00
   5.8450000e+02   4.0000000e+00
   5.8475000e+02   4.0000000e+00
   5.8500000e+02   4.0000000e+00
   5.8525000e+02   4.0000000e+00
   5.8550000e+02   4.0000000e+00
   5.8575000e+02   4.0000000e+00
   5.8600000e+02   4.0000000e+00
   5.8625000e+02   4.0000000e+00
   5.8650000e+02   4.0000000e+00
   5.8675000e+02   4.0000000e+00
   5.8700000e+02   4.0000000e+00
   5.8725000e+02   4.0000000e+00
   5.8750000e+02   4.0000000e+00
   5.8775000e+02   4.0000000e+00
   5.8800000e+02   4.0000000e+00
   5.8825000e+02   4.0000000e+00
   5.8850000e+02   4.0000000e+00
   5.8875000e+02   4.0000000e+00
   5.8900000e+02   4.0000000e+00
   5.8925000e+02   4.0000000e+00
   5.8950000e+02   4.0000000e+00
   5.8975000e+02   4.0000000e+00
   5.9000000e+02   4.0000000e+00
   5.9025000e+02   4.0000000e+00
   5.9050000e+02   4.0000000e+00
   5.9075000e+02   4.0000000e+00
   5.9100000e+02   4.0000000e+00
   5.9125000e+02   4.0000000e+00
   5.9150000e+02   4.0000000e+00
   5.9175000e+02   4.0000000e+00
   5.9200000e+02   4.0000000e+00
   5.9225000e+02   4.0000000e+00
   5.9250000e+02   4.0000000e+00
   5.9275000e+02   4.0000000e+00
   5.9300000e+02   4.0000000e+00
   5.9325000e+02   4.0000000e+00
   5.9350000e+02   4.0000000e+00
   5.9375000e+02   4.0000000e+00
   5.9400000e+02   4.0000000e+00
   5.9425000e+02   4.0000000e+00
   5.9450000e+02   4.0000000e+00
   5.9475000e+02   4.0000000e+00
   5.9500000e+02   4.0000000e+00
   5.9525000e+02   4.0000000e+00
   5.9550000e+02   4.0000000e+00
   5.9575000e+02   4.0000000e+00
   5.9600000e+02   4.0000000e+00
   5.9625000e+02   4.0000000e+00
   5.9650000e+02   4.0000000e+00
   5.9675000e+02   4.0000000e+00
   5.9700000e+02   4.0000000e+00
   5.9725000e+02   4.0000000e+00
   5.9750000e+02   4.0000000e+00
   5.9775000e+02   4.0000000e+00
   5.9800000e+02   4.0000000e+00
   5.9825000e+02   4.0000000e+00
   5.9850000e+02   4.0000000e+00
   5.9875000e+02   4.0000000e+00
   5.9900000e+02   4.0000000e+00
   5.9925000e+02   4.0000000e+00
   5.9950000e+02   4.0000000e+00
   5.9975000e+02   4.0000000e+00
   6.0000000e+02   4.0000000e+00
