   0.0000000e+00   7.0210526e+01
   2.5000000e-01   6.9938709e+01
   5.0000000e-01   6.9668307e+01
   7.5000000e-01   6.9399312e+01
   1.0000000e+00   6.9131718e+01
   1.2500000e+00   6.8865517e+01
   1.5000000e+00   6.8600702e+01
   1.7500000e+00   6.8337265e+01
   2.0000000e+00   6.8075201e+01
   2.2500000e+00   6.7814500e+01
   2.5000000e+00   6.7555157e+01
   2.7500000e+00   6.7297164e+01
   3.0000000e+00   6.7040514e+01
   3.2500000e+00   6.6785200e+01
   3.5000000e+00   6.6531215e+01
   3.7500000e+00   6.6278553e+01
   4.0000000e+00   6.6027206e+01
   4.2500000e+00   6.5777168e+01
   4.5000000e+00   6.5528431e+01
   4.7500000e+00   6.5280990e+01
   5.0000000e+00   6.5034836e+01
   5.2500000e+00   6.4789964e+01
   5.5000000e+00   6.4546367e+01
   5.7500000e+00   6.4304039e+01
   6.0000000e+00   6.4062971e+01
   6.2500000e+00   6.3823159e+01
   6.5000000e+00   6.3584596e+01
   6.7500000e+00   6.3347274e+01
   7.0000000e+00   6.3111188e+01
   7.2500000e+00   6.2876331e+01
   7.5000000e+00   6.2642696e+01
   7.7500000e+00   6.2410279e+01
   8.0000000e+00   6.2179071e+01
   8.2500000e+00   6.1949066e+01
   8.5000000e+00   6.1720260e+01
   8.7500000e+00   6.1492644e+01
   9.0000000e+00   6.1266213e+01
   9.2500000e+00   6.1040962e+01
   9.5000000e+00   6.0816883e+01
   9.7500000e+00   6.0593970e+01
   1.0000000e+01   6.0372218e+01
   1.0250000e+01   6.0151621e+01
   1.0500000e+01   5.9932172e+01
   1.0750000e+01   5.9713865e+01
   1.1000000e+01   5.9496696e+01
   1.1250000e+01   5.9280656e+01
   1.1500000e+01   5.9065742e+01
   1.1750000e+01   5.8851946e+01
   1.2000000e+01   5.8639263e+01
   1.2250000e+01   5.8427688e+01
   1.2500000e+01   5.8217214e+01
   1.2750000e+01   5.8007836e+01
   1.3000000e+01   5.7799548e+01
   1.3250000e+01   5.7592344e+01
   1.3500000e+01   5.7386220e+01
   1.3750000e+01   5.7181168e+01
   1.4000000e+01   5.6977183e+01
   1.4250000e+01   5.6774261e+01
   1.4500000e+01   5.6572395e+01
   1.4750000e+01   5.6371581e+01
   1.5000000e+01   5.6171811e+01
   1.5250000e+01   5.5973082e+01
   1.5500000e+01   5.5775387e+01
   1.5750000e+01   5.5578722e+01
   1.6000000e+01   5.5383080e+01
   1.6250000e+01   5.5188457e+01
   1.6500000e+01   5.4994847e+01
   1.6750000e+01   5.4802245e+01
   1.7000000e+01   5.4610646e+01
   1.7250000e+01   5.4420044e+01
   1.7500000e+01   5.4230435e+01
   1.7750000e+01   5.4041813e+01
   1.8000000e+01   5.3854173e+01
   1.8250000e+01   5.3667509e+01
   1.8500000e+01   5.3481818e+01
   1.8750000e+01   5.3297093e+01
   1.9000000e+01   5.3113330e+01
   1.9250000e+01   5.2930524e+01
   1.9500000e+01   5.2748669e+01
   1.9750000e+01   5.2567761e+01
   2.0000000e+01   5.2387795e+01
   2.0250000e+01   5.2208766e+01
   2.0500000e+01   5.2030669e+01
   2.0750000e+01   5.1853499e+01
   2.1000000e+01   5.1677252e+01
   2.1250000e+01   5.1501922e+01
   2.1500000e+01   5.1327505e+01
   2.1750000e+01   5.1153996e+01
   2.2000000e+01   5.0981390e+01
   2.2250000e+01   5.0809683e+01
   2.2500000e+01   5.0638870e+01
   2.2750000e+01   5.0468946e+01
   2.3000000e+01   5.0299907e+01
   2.3250000e+01   5.0131748e+01
   2.3500000e+01   4.9964464e+01
   2.3750000e+01   4.9798051e+01
   2.4000000e+01   4.9632505e+01
   2.4250000e+01   4.9467820e+01
   2.4500000e+01   4.9303993e+01
   2.4750000e+01   4.9141019e+01
   2.5000000e+01   4.8978893e+01
   2.5250000e+01   4.8817611e+01
   2.5500000e+01   4.8657169e+01
   2.5750000e+01   4.8497563e+01
   2.6000000e+01   4.8338787e+01
   2.6250000e+01   4.8180838e+01
   2.6500000e+01   4.8023711e+01
   2.6750000e+01   4.7867402e+01
   2.7000000e+01   4.7711907e+01
   2.7250000e+01   4.7557221e+01
   2.7500000e+01   4.7403341e+01
   2.7750000e+01   4.7250262e+01
   2.8000000e+01   4.7097980e+01
   2.8250000e+01   4.6946490e+01
   2.8500000e+01   4.6795790e+01
   2.8750000e+01   4.6645874e+01
   2.9000000e+01   4.6496738e+01
   2.9250000e+01   4.6348379e+01
   2.9500000e+01   4.6200792e+01
   2.9750000e+01   4.6053974e+01
   3.0000000e+01   4.5907920e+01
   3.0250000e+01   4.5762626e+01
   3.0500000e+01   4.5618089e+01
   3.0750000e+01   4.5474304e+01
   3.1000000e+01   4.5331268e+01
   3.1250000e+01   4.5188976e+01
   3.1500000e+01   4.5047425e+01
   3.1750000e+01   4.4906612e+01
   3.2000000e+01   4.4766531e+01
   3.2250000e+01   4.4627179e+01
   3.2500000e+01   4.4488554e+01
   3.2750000e+01   4.4350649e+01
   3.3000000e+01   4.4213463e+01
   3.3250000e+01   4.4076991e+01
   3.3500000e+01   4.3941230e+01
   3.3750000e+01   4.3806175e+01
   3.4000000e+01   4.3671823e+01
   3.4250000e+01   4.3538171e+01
   3.4500000e+01   4.3405215e+01
   3.4750000e+01   4.3272951e+01
   3.5000000e+01   4.3141375e+01
   3.5250000e+01   4.3010485e+01
   3.5500000e+01   4.2880275e+01
   3.5750000e+01   4.2750744e+01
   3.6000000e+01   4.2621887e+01
   3.6250000e+01   4.2493701e+01
   3.6500000e+01   4.2366183e+01
   3.6750000e+01   4.2239328e+01
   3.7000000e+01   4.2113134e+01
   3.7250000e+01   4.1987596e+01
   3.7500000e+01   4.1862713e+01
   3.7750000e+01   4.1738479e+01
   3.8000000e+01   4.1614892e+01
   3.8250000e+01   4.1491949e+01
   3.8500000e+01   4.1369645e+01
   3.8750000e+01   4.1247979e+01
   3.9000000e+01   4.1126946e+01
   3.9250000e+01   4.1006543e+01
   3.9500000e+01   4.0886766e+01
   3.9750000e+01   4.0767614e+01
   4.0000000e+01   4.0649081e+01
   4.0250000e+01   4.0531166e+01
   4.0500000e+01   4.0413865e+01
   4.0750000e+01   4.0297174e+01
   4.1000000e+01   4.0181091e+01
   4.1250000e+01   4.0065612e+01
   4.1500000e+01   3.9950735e+01
   4.1750000e+01   3.9836455e+01
   4.2000000e+01   3.9722771e+01
   4.2250000e+01   3.9609678e+01
   4.2500000e+01   3.9497174e+01
   4.2750000e+01   3.9385256e+01
   4.3000000e+01   3.9273920e+01
   4.3250000e+01   3.9163165e+01
   4.3500000e+01   3.9052985e+01
   4.3750000e+01   3.8943380e+01
   4.4000000e+01   3.8834345e+01
   4.4250000e+01   3.8725877e+01
   4.4500000e+01   3.8617975e+01
   4.4750000e+01   3.8510634e+01
   4.5000000e+01   3.8403852e+01
   4.5250000e+01   3.8297625e+01
   4.5500000e+01   3.8191952e+01
   4.5750000e+01   3.8086829e+01
   4.6000000e+01   3.7982254e+01
   4.6250000e+01   3.7878223e+01
   4.6500000e+01   3.7774733e+01
   4.6750000e+01   3.7671782e+01
   4.7000000e+01   3.7569367e+01
   4.7250000e+01   3.7467486e+01
   4.7500000e+01   3.7366134e+01
   4.7750000e+01   3.7265311e+01
   4.8000000e+01   3.7165012e+01
   4.8250000e+01   3.7065235e+01
   4.8500000e+01   3.6965978e+01
   4.8750000e+01   3.6867238e+01
   4.9000000e+01   3.6769012e+01
   4.9250000e+01   3.6671297e+01
   4.9500000e+01   3.6574091e+01
   4.9750000e+01   3.6477391e+01
   5.0000000e+01   3.6381194e+01
   5.0250000e+01   3.6285498e+01
   5.0500000e+01   3.6190301e+01
   5.0750000e+01   3.6095599e+01
   5.1000000e+01   3.6001390e+01
   5.1250000e+01   3.5907671e+01
   5.1500000e+01   3.5814441e+01
   5.1750000e+01   3.5721695e+01
   5.2000000e+01   3.5629433e+01
   5.2250000e+01   3.5537651e+01
   5.2500000e+01   3.5446347e+01
   5.2750000e+01   3.5355518e+01
   5.3000000e+01   3.5265162e+01
   5.3250000e+01   3.5175277e+01
   5.3500000e+01   3.5085859e+01
   5.3750000e+01   3.4996907e+01
   5.4000000e+01   3.4908418e+01
   5.4250000e+01   3.4820390e+01
   5.4500000e+01   3.4732820e+01
   5.4750000e+01   3.4645706e+01
   5.5000000e+01   3.4559045e+01
   5.5250000e+01   3.4472836e+01
   5.5500000e+01   3.4387075e+01
   5.5750000e+01   3.4301761e+01
   5.6000000e+01   3.4216891e+01
   5.6250000e+01   3.4132463e+01
   5.6500000e+01   3.4048475e+01
   5.6750000e+01   3.3964923e+01
   5.7000000e+01   3.3881807e+01
   5.7250000e+01   3.3799123e+01
   5.7500000e+01   3.3716870e+01
   5.7750000e+01   3.3635045e+01
   5.8000000e+01   3.3553647e+01
   5.8250000e+01   3.3472671e+01
   5.8500000e+01   3.3392118e+01
   5.8750000e+01   3.3311984e+01
   5.9000000e+01   3.3232267e+01
   5.9250000e+01   3.3152965e+01
   5.9500000e+01   3.3074076e+01
   5.9750000e+01   3.2995597e+01
   6.0000000e+01   3.2917528e+01
   6.0250000e+01   3.2839864e+01
   6.0500000e+01   3.2762605e+01
   6.0750000e+01   3.2685749e+01
   6.1000000e+01   3.2609292e+01
   6.1250000e+01   3.2533233e+01
   6.1500000e+01   3.2457571e+01
   6.1750000e+01   3.2382302e+01
   6.2000000e+01   3.2307425e+01
   6.2250000e+01   3.2232938e+01
   6.2500000e+01   3.2158839e+01
   6.2750000e+01   3.2085125e+01
   6.3000000e+01   3.2011796e+01
   6.3250000e+01   3.1938848e+01
   6.3500000e+01   3.1866279e+01
   6.3750000e+01   3.1794089e+01
   6.4000000e+01   3.1722275e+01
   6.4250000e+01   3.1650834e+01
   6.4500000e+01   3.1579765e+01
   6.4750000e+01   3.1509066e+01
   6.5000000e+01   3.1438736e+01
   6.5250000e+01   3.1368771e+01
   6.5500000e+01   3.1299171e+01
   6.5750000e+01   3.1229933e+01
   6.6000000e+01   3.1161056e+01
   6.6250000e+01   3.1092537e+01
   6.6500000e+01   3.1024375e+01
   6.6750000e+01   3.0956568e+01
   6.7000000e+01   3.0889113e+01
   6.7250000e+01   3.0822010e+01
   6.7500000e+01   3.0755257e+01
   6.7750000e+01   3.0688850e+01
   6.8000000e+01   3.0622790e+01
   6.8250000e+01   3.0557073e+01
   6.8500000e+01   3.0491699e+01
   6.8750000e+01   3.0426665e+01
   6.9000000e+01   3.0361970e+01
   6.9250000e+01   3.0297611e+01
   6.9500000e+01   3.0233587e+01
   6.9750000e+01   3.0169897e+01
   7.0000000e+01   3.0106538e+01
   7.0250000e+01   3.0043510e+01
   7.0500000e+01   2.9980809e+01
   7.0750000e+01   2.9918435e+01
   7.1000000e+01   2.9856385e+01
   7.1250000e+01   2.9794659e+01
   7.1500000e+01   2.9733253e+01
   7.1750000e+01   2.9672168e+01
   7.2000000e+01   2.9611401e+01
   7.2250000e+01   2.9550950e+01
   7.2500000e+01   2.9490813e+01
   7.2750000e+01   2.9430990e+01
   7.3000000e+01   2.9371478e+01
   7.3250000e+01   2.9312276e+01
   7.3500000e+01   2.9253382e+01
   7.3750000e+01   2.9194795e+01
   7.4000000e+01   2.9136513e+01
   7.4250000e+01   2.9078534e+01
   7.4500000e+01   2.9020858e+01
   7.4750000e+01   2.8963481e+01
   7.5000000e+01   2.8906403e+01
   7.5250000e+01   2.8849622e+01
   7.5500000e+01   2.8793137e+01
   7.5750000e+01   2.8736946e+01
   7.6000000e+01   2.8681048e+01
   7.6250000e+01   2.8625440e+01
   7.6500000e+01   2.8570122e+01
   7.6750000e+01   2.8515092e+01
   7.7000000e+01   2.8460349e+01
   7.7250000e+01   2.8405891e+01
   7.7500000e+01   2.8351716e+01
   7.7750000e+01   2.8297823e+01
   7.8000000e+01   2.8244210e+01
   7.8250000e+01   2.8190877e+01
   7.8500000e+01   2.8137822e+01
   7.8750000e+01   2.8085042e+01
   7.9000000e+01   2.8032538e+01
   7.9250000e+01   2.7980306e+01
   7.9500000e+01   2.7928347e+01
   7.9750000e+01   2.7876658e+01
   8.0000000e+01   2.7825239e+01
   8.0250000e+01   2.7774087e+01
   8.0500000e+01   2.7723201e+01
   8.0750000e+01   2.7672580e+01
   8.1000000e+01   2.7622223e+01
   8.1250000e+01   2.7572128e+01
   8.1500000e+01   2.7522294e+01
   8.1750000e+01   2.7472719e+01
   8.2000000e+01   2.7423402e+01
   8.2250000e+01   2.7374342e+01
   8.2500000e+01   2.7325538e+01
   8.2750000e+01   2.7276988e+01
   8.3000000e+01   2.7228690e+01
   8.3250000e+01   2.7180644e+01
   8.3500000e+01   2.7132848e+01
   8.3750000e+01   2.7085300e+01
   8.4000000e+01   2.7038001e+01
   8.4250000e+01   2.6990947e+01
   8.4500000e+01   2.6944139e+01
   8.4750000e+01   2.6897574e+01
   8.5000000e+01   2.6851251e+01
   8.5250000e+01   2.6805170e+01
   8.5500000e+01   2.6759329e+01
   8.5750000e+01   2.6713726e+01
   8.6000000e+01   2.6668361e+01
   8.6250000e+01   2.6623232e+01
   8.6500000e+01   2.6578338e+01
   8.6750000e+01   2.6533677e+01
   8.7000000e+01   2.6489250e+01
   8.7250000e+01   2.6445053e+01
   8.7500000e+01   2.6401087e+01
   8.7750000e+01   2.6357349e+01
   8.8000000e+01   2.6313839e+01
   8.8250000e+01   2.6270556e+01
   8.8500000e+01   2.6227498e+01
   8.8750000e+01   2.6184664e+01
   8.9000000e+01   2.6142053e+01
   8.9250000e+01   2.6099664e+01
   8.9500000e+01   2.6057496e+01
   8.9750000e+01   2.6015547e+01
   9.0000000e+01   2.5973817e+01
   9.0250000e+01   2.5932303e+01
   9.0500000e+01   2.5891006e+01
   9.0750000e+01   2.5849924e+01
   9.1000000e+01   2.5809056e+01
   9.1250000e+01   2.5768401e+01
   9.1500000e+01   2.5727957e+01
   9.1750000e+01   2.5687724e+01
   9.2000000e+01   2.5647700e+01
   9.2250000e+01   2.5607885e+01
   9.2500000e+01   2.5568277e+01
   9.2750000e+01   2.5528875e+01
   9.3000000e+01   2.5489679e+01
   9.3250000e+01   2.5450686e+01
   9.3500000e+01   2.5411896e+01
   9.3750000e+01   2.5373309e+01
   9.4000000e+01   2.5334922e+01
   9.4250000e+01   2.5296735e+01
   9.4500000e+01   2.5258747e+01
   9.4750000e+01   2.5220957e+01
   9.5000000e+01   2.5183363e+01
   9.5250000e+01   2.5145965e+01
   9.5500000e+01   2.5108762e+01
   9.5750000e+01   2.5071752e+01
   9.6000000e+01   2.5034936e+01
   9.6250000e+01   2.4998310e+01
   9.6500000e+01   2.4961876e+01
   9.6750000e+01   2.4925631e+01
   9.7000000e+01   2.4889575e+01
   9.7250000e+01   2.4853707e+01
   9.7500000e+01   2.4818025e+01
   9.7750000e+01   2.4782529e+01
   9.8000000e+01   2.4747218e+01
   9.8250000e+01   2.4712091e+01
   9.8500000e+01   2.4677146e+01
   9.8750000e+01   2.4642384e+01
   9.9000000e+01   2.4607803e+01
   9.9250000e+01   2.4573401e+01
   9.9500000e+01   2.4539179e+01
   9.9750000e+01   2.4505135e+01
   1.0000000e+02   2.4471268e+01
   1.0025000e+02   2.4437577e+01
   1.0050000e+02   2.4404062e+01
   1.0075000e+02   2.4370721e+01
   1.0100000e+02   2.4337554e+01
   1.0125000e+02   2.4304560e+01
   1.0150000e+02   2.4271737e+01
   1.0175000e+02   2.4239085e+01
   1.0200000e+02   2.4206603e+01
   1.0225000e+02   2.4174291e+01
   1.0250000e+02   2.4142146e+01
   1.0275000e+02   2.4110169e+01
   1.0300000e+02   2.4078359e+01
   1.0325000e+02   2.4046713e+01
   1.0350000e+02   2.4015233e+01
   1.0375000e+02   2.3983917e+01
   1.0400000e+02   2.3952763e+01
   1.0425000e+02   2.3921772e+01
   1.0450000e+02   2.3890942e+01
   1.0475000e+02   2.3860273e+01
   1.0500000e+02   2.3829764e+01
   1.0525000e+02   2.3799413e+01
   1.0550000e+02   2.3769220e+01
   1.0575000e+02   2.3739184e+01
   1.0600000e+02   2.3709305e+01
   1.0625000e+02   2.3679581e+01
   1.0650000e+02   2.3650012e+01
   1.0675000e+02   2.3620597e+01
   1.0700000e+02   2.3591336e+01
   1.0725000e+02   2.3562226e+01
   1.0750000e+02   2.3533268e+01
   1.0775000e+02   2.3504461e+01
   1.0800000e+02   2.3475804e+01
   1.0825000e+02   2.3447296e+01
   1.0850000e+02   2.3418936e+01
   1.0875000e+02   2.3390724e+01
   1.0900000e+02   2.3362659e+01
   1.0925000e+02   2.3334740e+01
   1.0950000e+02   2.3306967e+01
   1.0975000e+02   2.3279337e+01
   1.1000000e+02   2.3251852e+01
   1.1025000e+02   2.3224510e+01
   1.1050000e+02   2.3197310e+01
   1.1075000e+02   2.3170252e+01
   1.1100000e+02   2.3143335e+01
   1.1125000e+02   2.3116558e+01
   1.1150000e+02   2.3089920e+01
   1.1175000e+02   2.3063421e+01
   1.1200000e+02   2.3037060e+01
   1.1225000e+02   2.3010836e+01
   1.1250000e+02   2.2984749e+01
   1.1275000e+02   2.2958797e+01
   1.1300000e+02   2.2932981e+01
   1.1325000e+02   2.2907299e+01
   1.1350000e+02   2.2881751e+01
   1.1375000e+02   2.2856335e+01
   1.1400000e+02   2.2831052e+01
   1.1425000e+02   2.2805901e+01
   1.1450000e+02   2.2780881e+01
   1.1475000e+02   2.2755991e+01
   1.1500000e+02   2.2731230e+01
   1.1525000e+02   2.2706598e+01
   1.1550000e+02   2.2682095e+01
   1.1575000e+02   2.2657719e+01
   1.1600000e+02   2.2633470e+01
   1.1625000e+02   2.2609348e+01
   1.1650000e+02   2.2585350e+01
   1.1675000e+02   2.2561478e+01
   1.1700000e+02   2.2537730e+01
   1.1725000e+02   2.2514106e+01
   1.1750000e+02   2.2490605e+01
   1.1775000e+02   2.2467226e+01
   1.1800000e+02   2.2443969e+01
   1.1825000e+02   2.2420833e+01
   1.1850000e+02   2.2397817e+01
   1.1875000e+02   2.2374921e+01
   1.1900000e+02   2.2352145e+01
   1.1925000e+02   2.2329487e+01
   1.1950000e+02   2.2306946e+01
   1.1975000e+02   2.2284524e+01
   1.2000000e+02   2.2262218e+01
   1.2025000e+02   2.2240028e+01
   1.2050000e+02   2.2217954e+01
   1.2075000e+02   2.2195994e+01
   1.2100000e+02   2.2174149e+01
   1.2125000e+02   2.2152418e+01
   1.2150000e+02   2.2130799e+01
   1.2175000e+02   2.2109294e+01
   1.2200000e+02   2.2087900e+01
   1.2225000e+02   2.2066618e+01
   1.2250000e+02   2.2045446e+01
   1.2275000e+02   2.2024385e+01
   1.2300000e+02   2.2003433e+01
   1.2325000e+02   2.1982590e+01
   1.2350000e+02   2.1961856e+01
   1.2375000e+02   2.1941230e+01
   1.2400000e+02   2.1920711e+01
   1.2425000e+02   2.1900300e+01
   1.2450000e+02   2.1879994e+01
   1.2475000e+02   2.1859794e+01
   1.2500000e+02   2.1839699e+01
   1.2525000e+02   2.1819709e+01
   1.2550000e+02   2.1799823e+01
   1.2575000e+02   2.1780040e+01
   1.2600000e+02   2.1760361e+01
   1.2625000e+02   2.1740784e+01
   1.2650000e+02   2.1721308e+01
   1.2675000e+02   2.1701935e+01
   1.2700000e+02   2.1682662e+01
   1.2725000e+02   2.1663489e+01
   1.2750000e+02   2.1644416e+01
   1.2775000e+02   2.1625443e+01
   1.2800000e+02   2.1606568e+01
   1.2825000e+02   2.1587792e+01
   1.2850000e+02   2.1569113e+01
   1.2875000e+02   2.1550532e+01
   1.2900000e+02   2.1532047e+01
   1.2925000e+02   2.1513658e+01
   1.2950000e+02   2.1495366e+01
   1.2975000e+02   2.1477168e+01
   1.3000000e+02   2.1459065e+01
   1.3025000e+02   2.1441057e+01
   1.3050000e+02   2.1423142e+01
   1.3075000e+02   2.1405321e+01
   1.3100000e+02   2.1387592e+01
   1.3125000e+02   2.1369955e+01
   1.3150000e+02   2.1352411e+01
   1.3175000e+02   2.1334958e+01
   1.3200000e+02   2.1317595e+01
   1.3225000e+02   2.1300323e+01
   1.3250000e+02   2.1283141e+01
   1.3275000e+02   2.1266048e+01
   1.3300000e+02   2.1249045e+01
   1.3325000e+02   2.1232130e+01
   1.3350000e+02   2.1215303e+01
   1.3375000e+02   2.1198563e+01
   1.3400000e+02   2.1181911e+01
   1.3425000e+02   2.1165345e+01
   1.3450000e+02   2.1148866e+01
   1.3475000e+02   2.1132472e+01
   1.3500000e+02   2.1116164e+01
   1.3525000e+02   2.1099941e+01
   1.3550000e+02   2.1083802e+01
   1.3575000e+02   2.1067747e+01
   1.3600000e+02   2.1051776e+01
   1.3625000e+02   2.1035888e+01
   1.3650000e+02   2.1020082e+01
   1.3675000e+02   2.1004359e+01
   1.3700000e+02   2.0988718e+01
   1.3725000e+02   2.0973158e+01
   1.3750000e+02   2.0957679e+01
   1.3775000e+02   2.0942281e+01
   1.3800000e+02   2.0926963e+01
   1.3825000e+02   2.0911725e+01
   1.3850000e+02   2.0896566e+01
   1.3875000e+02   2.0881486e+01
   1.3900000e+02   2.0866484e+01
   1.3925000e+02   2.0851561e+01
   1.3950000e+02   2.0836715e+01
   1.3975000e+02   2.0821947e+01
   1.4000000e+02   2.0807255e+01
   1.4025000e+02   2.0792640e+01
   1.4050000e+02   2.0778101e+01
   1.4075000e+02   2.0763638e+01
   1.4100000e+02   2.0749250e+01
   1.4125000e+02   2.0734937e+01
   1.4150000e+02   2.0720698e+01
   1.4175000e+02   2.0706534e+01
   1.4200000e+02   2.0692443e+01
   1.4225000e+02   2.0678426e+01
   1.4250000e+02   2.0664481e+01
   1.4275000e+02   2.0650610e+01
   1.4300000e+02   2.0636810e+01
   1.4325000e+02   2.0623082e+01
   1.4350000e+02   2.0609426e+01
   1.4375000e+02   2.0595841e+01
   1.4400000e+02   2.0582326e+01
   1.4425000e+02   2.0568882e+01
   1.4450000e+02   2.0555508e+01
   1.4475000e+02   2.0542204e+01
   1.4500000e+02   2.0528969e+01
   1.4525000e+02   2.0515802e+01
   1.4550000e+02   2.0502705e+01
   1.4575000e+02   2.0489675e+01
   1.4600000e+02   2.0476714e+01
   1.4625000e+02   2.0463819e+01
   1.4650000e+02   2.0450992e+01
   1.4675000e+02   2.0438232e+01
   1.4700000e+02   2.0425538e+01
   1.4725000e+02   2.0412910e+01
   1.4750000e+02   2.0400348e+01
   1.4775000e+02   2.0387852e+01
   1.4800000e+02   2.0375420e+01
   1.4825000e+02   2.0363053e+01
   1.4850000e+02   2.0350751e+01
   1.4875000e+02   2.0338512e+01
   1.4900000e+02   2.0326337e+01
   1.4925000e+02   2.0314226e+01
   1.4950000e+02   2.0302178e+01
   1.4975000e+02   2.0290192e+01
   1.5000000e+02   2.0278269e+01
   1.5025000e+02   2.0266408e+01
   1.5050000e+02   2.0254609e+01
   1.5075000e+02   2.0242871e+01
   1.5100000e+02   2.0231194e+01
   1.5125000e+02   2.0219578e+01
   1.5150000e+02   2.0208022e+01
   1.5175000e+02   2.0196527e+01
   1.5200000e+02   2.0185092e+01
   1.5225000e+02   2.0173716e+01
   1.5250000e+02   2.0162399e+01
   1.5275000e+02   2.0151141e+01
   1.5300000e+02   2.0139942e+01
   1.5325000e+02   2.0128801e+01
   1.5350000e+02   2.0117718e+01
   1.5375000e+02   2.0106693e+01
   1.5400000e+02   2.0095725e+01
   1.5425000e+02   2.0084814e+01
   1.5450000e+02   2.0073960e+01
   1.5475000e+02   2.0063163e+01
   1.5500000e+02   2.0052422e+01
   1.5525000e+02   2.0041736e+01
   1.5550000e+02   2.0031107e+01
   1.5575000e+02   2.0020532e+01
   1.5600000e+02   2.0010013e+01
   1.5625000e+02   1.9999549e+01
   1.5650000e+02   1.9989139e+01
   1.5675000e+02   1.9978783e+01
   1.5700000e+02   1.9968481e+01
   1.5725000e+02   1.9958233e+01
   1.5750000e+02   1.9948038e+01
   1.5775000e+02   1.9937896e+01
   1.5800000e+02   1.9927807e+01
   1.5825000e+02   1.9917770e+01
   1.5850000e+02   1.9907786e+01
   1.5875000e+02   1.9897854e+01
   1.5900000e+02   1.9887973e+01
   1.5925000e+02   1.9878144e+01
   1.5950000e+02   1.9868366e+01
   1.5975000e+02   1.9858639e+01
   1.6000000e+02   1.9848963e+01
   1.6025000e+02   1.9839337e+01
   1.6050000e+02   1.9829761e+01
   1.6075000e+02   1.9820235e+01
   1.6100000e+02   1.9810758e+01
   1.6125000e+02   1.9801331e+01
   1.6150000e+02   1.9791953e+01
   1.6175000e+02   1.9782624e+01
   1.6200000e+02   1.9773343e+01
   1.6225000e+02   1.9764111e+01
   1.6250000e+02   1.9754927e+01
   1.6275000e+02   1.9745790e+01
   1.6300000e+02   1.9736701e+01
   1.6325000e+02   1.9727660e+01
   1.6350000e+02   1.9718665e+01
   1.6375000e+02   1.9709717e+01
   1.6400000e+02   1.9700816e+01
   1.6425000e+02   1.9691962e+01
   1.6450000e+02   1.9683153e+01
   1.6475000e+02   1.9674390e+01
   1.6500000e+02   1.9665673e+01
   1.6525000e+02   1.9657001e+01
   1.6550000e+02   1.9648374e+01
   1.6575000e+02   1.9639793e+01
   1.6600000e+02   1.9631256e+01
   1.6625000e+02   1.9622763e+01
   1.6650000e+02   1.9614315e+01
   1.6675000e+02   1.9605910e+01
   1.6700000e+02   1.9597550e+01
   1.6725000e+02   1.9589232e+01
   1.6750000e+02   1.9580959e+01
   1.6775000e+02   1.9572728e+01
   1.6800000e+02   1.9564540e+01
   1.6825000e+02   1.9556395e+01
   1.6850000e+02   1.9548292e+01
   1.6875000e+02   1.9540231e+01
   1.6900000e+02   1.9532212e+01
   1.6925000e+02   1.9524235e+01
   1.6950000e+02   1.9516300e+01
   1.6975000e+02   1.9508406e+01
   1.7000000e+02   1.9500553e+01
   1.7025000e+02   1.9492741e+01
   1.7050000e+02   1.9484969e+01
   1.7075000e+02   1.9477238e+01
   1.7100000e+02   1.9469547e+01
   1.7125000e+02   1.9461897e+01
   1.7150000e+02   1.9454286e+01
   1.7175000e+02   1.9446714e+01
   1.7200000e+02   1.9439183e+01
   1.7225000e+02   1.9431690e+01
   1.7250000e+02   1.9424236e+01
   1.7275000e+02   1.9416822e+01
   1.7300000e+02   1.9409445e+01
   1.7325000e+02   1.9402107e+01
   1.7350000e+02   1.9394808e+01
   1.7375000e+02   1.9387546e+01
   1.7400000e+02   1.9380322e+01
   1.7425000e+02   1.9373136e+01
   1.7450000e+02   1.9365987e+01
   1.7475000e+02   1.9358876e+01
   1.7500000e+02   1.9351801e+01
   1.7525000e+02   1.9344764e+01
   1.7550000e+02   1.9337762e+01
   1.7575000e+02   1.9330798e+01
   1.7600000e+02   1.9323869e+01
   1.7625000e+02   1.9316977e+01
   1.7650000e+02   1.9310121e+01
   1.7675000e+02   1.9303300e+01
   1.7700000e+02   1.9296515e+01
   1.7725000e+02   1.9289765e+01
   1.7750000e+02   1.9283050e+01
   1.7775000e+02   1.9276370e+01
   1.7800000e+02   1.9269725e+01
   1.7825000e+02   1.9263115e+01
   1.7850000e+02   1.9256539e+01
   1.7875000e+02   1.9249997e+01
   1.7900000e+02   1.9243489e+01
   1.7925000e+02   1.9237016e+01
   1.7950000e+02   1.9230575e+01
   1.7975000e+02   1.9224169e+01
   1.8000000e+02   1.9217796e+01
   1.8025000e+02   1.9211456e+01
   1.8050000e+02   1.9205149e+01
   1.8075000e+02   1.9198874e+01
   1.8100000e+02   1.9192633e+01
   1.8125000e+02   1.9186424e+01
   1.8150000e+02   1.9180247e+01
   1.8175000e+02   1.9174102e+01
   1.8200000e+02   1.9167990e+01
   1.8225000e+02   1.9161909e+01
   1.8250000e+02   1.9155860e+01
   1.8275000e+02   1.9149842e+01
   1.8300000e+02   1.9143856e+01
   1.8325000e+02   1.9137901e+01
   1.8350000e+02   1.9131977e+01
   1.8375000e+02   1.9126083e+01
   1.8400000e+02   1.9120221e+01
   1.8425000e+02   1.9114389e+01
   1.8450000e+02   1.9108587e+01
   1.8475000e+02   1.9102816e+01
   1.8500000e+02   1.9097074e+01
   1.8525000e+02   1.9091363e+01
   1.8550000e+02   1.9085681e+01
   1.8575000e+02   1.9080028e+01
   1.8600000e+02   1.9074406e+01
   1.8625000e+02   1.9068812e+01
   1.8650000e+02   1.9063248e+01
   1.8675000e+02   1.9057712e+01
   1.8700000e+02   1.9052206e+01
   1.8725000e+02   1.9046728e+01
   1.8750000e+02   1.9041278e+01
   1.8775000e+02   1.9035857e+01
   1.8800000e+02   1.9030464e+01
   1.8825000e+02   1.9025099e+01
   1.8850000e+02   1.9019763e+01
   1.8875000e+02   1.9014454e+01
   1.8900000e+02   1.9009172e+01
   1.8925000e+02   1.9003918e+01
   1.8950000e+02   1.8998692e+01
   1.8975000e+02   1.8993492e+01
   1.9000000e+02   1.8988320e+01
   1.9025000e+02   1.8983175e+01
   1.9050000e+02   1.8978056e+01
   1.9075000e+02   1.8972964e+01
   1.9100000e+02   1.8967899e+01
   1.9125000e+02   1.8962860e+01
   1.9150000e+02   1.8957847e+01
   1.9175000e+02   1.8952860e+01
   1.9200000e+02   1.8947899e+01
   1.9225000e+02   1.8942964e+01
   1.9250000e+02   1.8938055e+01
   1.9275000e+02   1.8933171e+01
   1.9300000e+02   1.8928313e+01
   1.9325000e+02   1.8923480e+01
   1.9350000e+02   1.8918672e+01
   1.9375000e+02   1.8913890e+01
   1.9400000e+02   1.8909132e+01
   1.9425000e+02   1.8904399e+01
   1.9450000e+02   1.8899690e+01
   1.9475000e+02   1.8895006e+01
   1.9500000e+02   1.8890347e+01
   1.9525000e+02   1.8885711e+01
   1.9550000e+02   1.8881100e+01
   1.9575000e+02   1.8876513e+01
   1.9600000e+02   1.8871950e+01
   1.9625000e+02   1.8867410e+01
   1.9650000e+02   1.8862894e+01
   1.9675000e+02   1.8858402e+01
   1.9700000e+02   1.8853933e+01
   1.9725000e+02   1.8849487e+01
   1.9750000e+02   1.8845065e+01
   1.9775000e+02   1.8840665e+01
   1.9800000e+02   1.8836288e+01
   1.9825000e+02   1.8831934e+01
   1.9850000e+02   1.8827603e+01
   1.9875000e+02   1.8823295e+01
   1.9900000e+02   1.8819008e+01
   1.9925000e+02   1.8814745e+01
   1.9950000e+02   1.8810503e+01
   1.9975000e+02   1.8806283e+01
   2.0000000e+02   1.8802086e+01
   2.0025000e+02   1.8797910e+01
   2.0050000e+02   1.8793756e+01
   2.0075000e+02   1.8789623e+01
   2.0100000e+02   1.8785512e+01
   2.0125000e+02   1.8781423e+01
   2.0150000e+02   1.8777355e+01
   2.0175000e+02   1.8773307e+01
   2.0200000e+02   1.8769282e+01
   2.0225000e+02   1.8765277e+01
   2.0250000e+02   1.8761292e+01
   2.0275000e+02   1.8757329e+01
   2.0300000e+02   1.8753386e+01
   2.0325000e+02   1.8749464e+01
   2.0350000e+02   1.8745562e+01
   2.0375000e+02   1.8741680e+01
   2.0400000e+02   1.8737819e+01
   2.0425000e+02   1.8733978e+01
   2.0450000e+02   1.8730157e+01
   2.0475000e+02   1.8726355e+01
   2.0500000e+02   1.8722574e+01
   2.0525000e+02   1.8718812e+01
   2.0550000e+02   1.8715070e+01
   2.0575000e+02   1.8711347e+01
   2.0600000e+02   1.8707644e+01
   2.0625000e+02   1.8703959e+01
   2.0650000e+02   1.8700294e+01
   2.0675000e+02   1.8696649e+01
   2.0700000e+02   1.8693022e+01
   2.0725000e+02   1.8689414e+01
   2.0750000e+02   1.8685825e+01
   2.0775000e+02   1.8682254e+01
   2.0800000e+02   1.8678702e+01
   2.0825000e+02   1.8675169e+01
   2.0850000e+02   1.8671654e+01
   2.0875000e+02   1.8668157e+01
   2.0900000e+02   1.8664678e+01
   2.0925000e+02   1.8661218e+01
   2.0950000e+02   1.8657775e+01
   2.0975000e+02   1.8654351e+01
   2.1000000e+02   1.8650944e+01
   2.1025000e+02   1.8647555e+01
   2.1050000e+02   1.8644184e+01
   2.1075000e+02   1.8640830e+01
   2.1100000e+02   1.8637494e+01
   2.1125000e+02   1.8634175e+01
   2.1150000e+02   1.8630873e+01
   2.1175000e+02   1.8627589e+01
   2.1200000e+02   1.8624322e+01
   2.1225000e+02   1.8621071e+01
   2.1250000e+02   1.8617838e+01
   2.1275000e+02   1.8614621e+01
   2.1300000e+02   1.8611422e+01
   2.1325000e+02   1.8608238e+01
   2.1350000e+02   1.8605072e+01
   2.1375000e+02   1.8601922e+01
   2.1400000e+02   1.8598788e+01
   2.1425000e+02   1.8595671e+01
   2.1450000e+02   1.8592569e+01
   2.1475000e+02   1.8589484e+01
   2.1500000e+02   1.8586415e+01
   2.1525000e+02   1.8583362e+01
   2.1550000e+02   1.8580325e+01
   2.1575000e+02   1.8577304e+01
   2.1600000e+02   1.8574299e+01
   2.1625000e+02   1.8571309e+01
   2.1650000e+02   1.8568334e+01
   2.1675000e+02   1.8565375e+01
   2.1700000e+02   1.8562432e+01
   2.1725000e+02   1.8559504e+01
   2.1750000e+02   1.8556591e+01
   2.1775000e+02   1.8553693e+01
   2.1800000e+02   1.8550811e+01
   2.1825000e+02   1.8547943e+01
   2.1850000e+02   1.8545090e+01
   2.1875000e+02   1.8542252e+01
   2.1900000e+02   1.8539429e+01
   2.1925000e+02   1.8536621e+01
   2.1950000e+02   1.8533827e+01
   2.1975000e+02   1.8531048e+01
   2.2000000e+02   1.8528283e+01
   2.2025000e+02   1.8525533e+01
   2.2050000e+02   1.8522797e+01
   2.2075000e+02   1.8520075e+01
   2.2100000e+02   1.8517368e+01
   2.2125000e+02   1.8514674e+01
   2.2150000e+02   1.8511995e+01
   2.2175000e+02   1.8509329e+01
   2.2200000e+02   1.8506677e+01
   2.2225000e+02   1.8504040e+01
   2.2250000e+02   1.8501415e+01
   2.2275000e+02   1.8498805e+01
   2.2300000e+02   1.8496208e+01
   2.2325000e+02   1.8493625e+01
   2.2350000e+02   1.8491055e+01
   2.2375000e+02   1.8488498e+01
   2.2400000e+02   1.8485955e+01
   2.2425000e+02   1.8483425e+01
   2.2450000e+02   1.8480908e+01
   2.2475000e+02   1.8478405e+01
   2.2500000e+02   1.8475914e+01
   2.2525000e+02   1.8473436e+01
   2.2550000e+02   1.8470972e+01
   2.2575000e+02   1.8468520e+01
   2.2600000e+02   1.8466080e+01
   2.2625000e+02   1.8463654e+01
   2.2650000e+02   1.8461240e+01
   2.2675000e+02   1.8458839e+01
   2.2700000e+02   1.8456450e+01
   2.2725000e+02   1.8454074e+01
   2.2750000e+02   1.8451710e+01
   2.2775000e+02   1.8449358e+01
   2.2800000e+02   1.8447018e+01
   2.2825000e+02   1.8444691e+01
   2.2850000e+02   1.8442376e+01
   2.2875000e+02   1.8440073e+01
   2.2900000e+02   1.8437782e+01
   2.2925000e+02   1.8435503e+01
   2.2950000e+02   1.8433235e+01
   2.2975000e+02   1.8430980e+01
   2.3000000e+02   1.8428736e+01
   2.3025000e+02   1.8426504e+01
   2.3050000e+02   1.8424284e+01
   2.3075000e+02   1.8422075e+01
   2.3100000e+02   1.8419877e+01
   2.3125000e+02   1.8417691e+01
   2.3150000e+02   1.8415517e+01
   2.3175000e+02   1.8413353e+01
   2.3200000e+02   1.8411202e+01
   2.3225000e+02   1.8409061e+01
   2.3250000e+02   1.8406931e+01
   2.3275000e+02   1.8404813e+01
   2.3300000e+02   1.8402705e+01
   2.3325000e+02   1.8400608e+01
   2.3350000e+02   1.8398523e+01
   2.3375000e+02   1.8396448e+01
   2.3400000e+02   1.8394384e+01
   2.3425000e+02   1.8392331e+01
   2.3450000e+02   1.8390288e+01
   2.3475000e+02   1.8388256e+01
   2.3500000e+02   1.8386235e+01
   2.3525000e+02   1.8384224e+01
   2.3550000e+02   1.8382224e+01
   2.3575000e+02   1.8380234e+01
   2.3600000e+02   1.8378254e+01
   2.3625000e+02   1.8376285e+01
   2.3650000e+02   1.8374326e+01
   2.3675000e+02   1.8372377e+01
   2.3700000e+02   1.8370439e+01
   2.3725000e+02   1.8368510e+01
   2.3750000e+02   1.8366592e+01
   2.3775000e+02   1.8364683e+01
   2.3800000e+02   1.8362784e+01
   2.3825000e+02   1.8360896e+01
   2.3850000e+02   1.8359017e+01
   2.3875000e+02   1.8357148e+01
   2.3900000e+02   1.8355288e+01
   2.3925000e+02   1.8353439e+01
   2.3950000e+02   1.8351599e+01
   2.3975000e+02   1.8349768e+01
   2.4000000e+02   1.8347947e+01
   2.4025000e+02   1.8346136e+01
   2.4050000e+02   1.8344334e+01
   2.4075000e+02   1.8342541e+01
   2.4100000e+02   1.8340758e+01
   2.4125000e+02   1.8338984e+01
   2.4150000e+02   1.8337219e+01
   2.4175000e+02   1.8335463e+01
   2.4200000e+02   1.8333717e+01
   2.4225000e+02   1.8331979e+01
   2.4250000e+02   1.8330251e+01
   2.4275000e+02   1.8328532e+01
   2.4300000e+02   1.8326821e+01
   2.4325000e+02   1.8325120e+01
   2.4350000e+02   1.8323427e+01
   2.4375000e+02   1.8321743e+01
   2.4400000e+02   1.8320068e+01
   2.4425000e+02   1.8318402e+01
   2.4450000e+02   1.8316744e+01
   2.4475000e+02   1.8315095e+01
   2.4500000e+02   1.8313455e+01
   2.4525000e+02   1.8311823e+01
   2.4550000e+02   1.8310199e+01
   2.4575000e+02   1.8308584e+01
   2.4600000e+02   1.8306978e+01
   2.4625000e+02   1.8305380e+01
   2.4650000e+02   1.8303790e+01
   2.4675000e+02   1.8302208e+01
   2.4700000e+02   1.8300635e+01
   2.4725000e+02   1.8299070e+01
   2.4750000e+02   1.8297513e+01
   2.4775000e+02   1.8295964e+01
   2.4800000e+02   1.8294423e+01
   2.4825000e+02   1.8292890e+01
   2.4850000e+02   1.8291365e+01
   2.4875000e+02   1.8289848e+01
   2.4900000e+02   1.8288339e+01
   2.4925000e+02   1.8286838e+01
   2.4950000e+02   1.8285345e+01
   2.4975000e+02   1.8283859e+01
   2.5000000e+02   1.8282382e+01
   2.5025000e+02   1.8280911e+01
   2.5050000e+02   1.8279449e+01
   2.5075000e+02   1.8277994e+01
   2.5100000e+02   1.8276547e+01
   2.5125000e+02   1.8275107e+01
   2.5150000e+02   1.8273675e+01
   2.5175000e+02   1.8272250e+01
   2.5200000e+02   1.8270833e+01
   2.5225000e+02   1.8269423e+01
   2.5250000e+02   1.8268020e+01
   2.5275000e+02   1.8266625e+01
   2.5300000e+02   1.8265236e+01
   2.5325000e+02   1.8263856e+01
   2.5350000e+02   1.8262482e+01
   2.5375000e+02   1.8261115e+01
   2.5400000e+02   1.8259756e+01
   2.5425000e+02   1.8258404e+01
   2.5450000e+02   1.8257058e+01
   2.5475000e+02   1.8255720e+01
   2.5500000e+02   1.8254389e+01
   2.5525000e+02   1.8253064e+01
   2.5550000e+02   1.8251747e+01
   2.5575000e+02   1.8250436e+01
   2.5600000e+02   1.8249132e+01
   2.5625000e+02   1.8247835e+01
   2.5650000e+02   1.8246545e+01
   2.5675000e+02   1.8245262e+01
   2.5700000e+02   1.8243985e+01
   2.5725000e+02   1.8242714e+01
   2.5750000e+02   1.8241451e+01
   2.5775000e+02   1.8240194e+01
   2.5800000e+02   1.8238943e+01
   2.5825000e+02   1.8237699e+01
   2.5850000e+02   1.8236462e+01
   2.5875000e+02   1.8235231e+01
   2.5900000e+02   1.8234006e+01
   2.5925000e+02   1.8232788e+01
   2.5950000e+02   1.8231576e+01
   2.5975000e+02   1.8230370e+01
   2.6000000e+02   1.8229171e+01
   2.6025000e+02   1.8227978e+01
   2.6050000e+02   1.8226791e+01
   2.6075000e+02   1.8225610e+01
   2.6100000e+02   1.8224436e+01
   2.6125000e+02   1.8223267e+01
   2.6150000e+02   1.8222105e+01
   2.6175000e+02   1.8220948e+01
   2.6200000e+02   1.8219798e+01
   2.6225000e+02   1.8218654e+01
   2.6250000e+02   1.8217516e+01
   2.6275000e+02   1.8216383e+01
   2.6300000e+02   1.8215257e+01
   2.6325000e+02   1.8214136e+01
   2.6350000e+02   1.8213021e+01
   2.6375000e+02   1.8211912e+01
   2.6400000e+02   1.8210809e+01
   2.6425000e+02   1.8209711e+01
   2.6450000e+02   1.8208619e+01
   2.6475000e+02   1.8207533e+01
   2.6500000e+02   1.8206453e+01
   2.6525000e+02   1.8205378e+01
   2.6550000e+02   1.8204309e+01
   2.6575000e+02   1.8203245e+01
   2.6600000e+02   1.8202187e+01
   2.6625000e+02   1.8201134e+01
   2.6650000e+02   1.8200087e+01
   2.6675000e+02   1.8199046e+01
   2.6700000e+02   1.8198009e+01
   2.6725000e+02   1.8196978e+01
   2.6750000e+02   1.8195953e+01
   2.6775000e+02   1.8194933e+01
   2.6800000e+02   1.8193918e+01
   2.6825000e+02   1.8192908e+01
   2.6850000e+02   1.8191904e+01
   2.6875000e+02   1.8190905e+01
   2.6900000e+02   1.8189911e+01
   2.6925000e+02   1.8188922e+01
   2.6950000e+02   1.8187939e+01
   2.6975000e+02   1.8186960e+01
   2.7000000e+02   1.8185987e+01
   2.7025000e+02   1.8185019e+01
   2.7050000e+02   1.8184055e+01
   2.7075000e+02   1.8183097e+01
   2.7100000e+02   1.8182144e+01
   2.7125000e+02   1.8181196e+01
   2.7150000e+02   1.8180252e+01
   2.7175000e+02   1.8179314e+01
   2.7200000e+02   1.8178380e+01
   2.7225000e+02   1.8177452e+01
   2.7250000e+02   1.8176528e+01
   2.7275000e+02   1.8175609e+01
   2.7300000e+02   1.8174695e+01
   2.7325000e+02   1.8173785e+01
   2.7350000e+02   1.8172880e+01
   2.7375000e+02   1.8171980e+01
   2.7400000e+02   1.8171085e+01
   2.7425000e+02   1.8170194e+01
   2.7450000e+02   1.8169308e+01
   2.7475000e+02   1.8168427e+01
   2.7500000e+02   1.8167550e+01
   2.7525000e+02   1.8166678e+01
   2.7550000e+02   1.8165810e+01
   2.7575000e+02   1.8164947e+01
   2.7600000e+02   1.8164088e+01
   2.7625000e+02   1.8163234e+01
   2.7650000e+02   1.8162384e+01
   2.7675000e+02   1.8161538e+01
   2.7700000e+02   1.8160697e+01
   2.7725000e+02   1.8159861e+01
   2.7750000e+02   1.8159028e+01
   2.7775000e+02   1.8158201e+01
   2.7800000e+02   1.8157377e+01
   2.7825000e+02   1.8156558e+01
   2.7850000e+02   1.8155743e+01
   2.7875000e+02   1.8154932e+01
   2.7900000e+02   1.8154125e+01
   2.7925000e+02   1.8153323e+01
   2.7950000e+02   1.8152524e+01
   2.7975000e+02   1.8151730e+01
   2.8000000e+02   1.8150940e+01
   2.8025000e+02   1.8150155e+01
   2.8050000e+02   1.8149373e+01
   2.8075000e+02   1.8148595e+01
   2.8100000e+02   1.8147822e+01
   2.8125000e+02   1.8147052e+01
   2.8150000e+02   1.8146286e+01
   2.8175000e+02   1.8145525e+01
   2.8200000e+02   1.8144767e+01
   2.8225000e+02   1.8144014e+01
   2.8250000e+02   1.8143264e+01
   2.8275000e+02   1.8142518e+01
   2.8300000e+02   1.8141776e+01
   2.8325000e+02   1.8141038e+01
   2.8350000e+02   1.8140304e+01
   2.8375000e+02   1.8139573e+01
   2.8400000e+02   1.8138847e+01
   2.8425000e+02   1.8138124e+01
   2.8450000e+02   1.8137405e+01
   2.8475000e+02   1.8136689e+01
   2.8500000e+02   1.8135978e+01
   2.8525000e+02   1.8135270e+01
   2.8550000e+02   1.8134565e+01
   2.8575000e+02   1.8133865e+01
   2.8600000e+02   1.8133168e+01
   2.8625000e+02   1.8132475e+01
   2.8650000e+02   1.8131785e+01
   2.8675000e+02   1.8131099e+01
   2.8700000e+02   1.8130416e+01
   2.8725000e+02   1.8129737e+01
   2.8750000e+02   1.8129062e+01
   2.8775000e+02   1.8128390e+01
   2.8800000e+02   1.8127722e+01
   2.8825000e+02   1.8127057e+01
   2.8850000e+02   1.8126395e+01
   2.8875000e+02   1.8125737e+01
   2.8900000e+02   1.8125082e+01
   2.8925000e+02   1.8124431e+01
   2.8950000e+02   1.8123783e+01
   2.8975000e+02   1.8123139e+01
   2.9000000e+02   1.8122498e+01
   2.9025000e+02   1.8121860e+01
   2.9050000e+02   1.8121226e+01
   2.9075000e+02   1.8120595e+01
   2.9100000e+02   1.8119967e+01
   2.9125000e+02   1.8119342e+01
   2.9150000e+02   1.8118721e+01
   2.9175000e+02   1.8118103e+01
   2.9200000e+02   1.8117488e+01
   2.9225000e+02   1.8116876e+01
   2.9250000e+02   1.8116268e+01
   2.9275000e+02   1.8115663e+01
   2.9300000e+02   1.8115060e+01
   2.9325000e+02   1.8114461e+01
   2.9350000e+02   1.8113865e+01
   2.9375000e+02   1.8113273e+01
   2.9400000e+02   1.8112683e+01
   2.9425000e+02   1.8112096e+01
   2.9450000e+02   1.8111513e+01
   2.9475000e+02   1.8110932e+01
   2.9500000e+02   1.8110355e+01
   2.9525000e+02   1.8109780e+01
   2.9550000e+02   1.8109209e+01
   2.9575000e+02   1.8108640e+01
   2.9600000e+02   1.8108074e+01
   2.9625000e+02   1.8107512e+01
   2.9650000e+02   1.8106952e+01
   2.9675000e+02   1.8106395e+01
   2.9700000e+02   1.8105841e+01
   2.9725000e+02   1.8105290e+01
   2.9750000e+02   1.8104742e+01
   2.9775000e+02   1.8104197e+01
   2.9800000e+02   1.8103654e+01
   2.9825000e+02   1.8103115e+01
   2.9850000e+02   1.8102578e+01
   2.9875000e+02   1.8102044e+01
   2.9900000e+02   1.8101513e+01
   2.9925000e+02   1.8100984e+01
   2.9950000e+02   1.8100458e+01
   2.9975000e+02   1.8099935e+01
   3.0000000e+02   1.8099415e+01
   3.0025000e+02   1.8098897e+01
   3.0050000e+02   1.8098383e+01
   3.0075000e+02   1.8097870e+01
   3.0100000e+02   1.8097361e+01
   3.0125000e+02   1.8096854e+01
   3.0150000e+02   1.8096350e+01
   3.0175000e+02   1.8095848e+01
   3.0200000e+02   1.8095349e+01
   3.0225000e+02   1.8094853e+01
   3.0250000e+02   1.8094359e+01
   3.0275000e+02   1.8093868e+01
   3.0300000e+02   1.8093379e+01
   3.0325000e+02   1.8092893e+01
   3.0350000e+02   1.8092409e+01
   3.0375000e+02   1.8091928e+01
   3.0400000e+02   1.8091449e+01
   3.0425000e+02   1.8090973e+01
   3.0450000e+02   1.8090500e+01
   3.0475000e+02   1.8090029e+01
   3.0500000e+02   1.8089560e+01
   3.0525000e+02   1.8089094e+01
   3.0550000e+02   1.8088630e+01
   3.0575000e+02   1.8088168e+01
   3.0600000e+02   1.8087709e+01
   3.0625000e+02   1.8087253e+01
   3.0650000e+02   1.8086798e+01
   3.0675000e+02   1.8086347e+01
   3.0700000e+02   1.8085897e+01
   3.0725000e+02   1.8085450e+01
   3.0750000e+02   1.8085005e+01
   3.0775000e+02   1.8084562e+01
   3.0800000e+02   1.8084122e+01
   3.0825000e+02   1.8083684e+01
   3.0850000e+02   1.8083249e+01
   3.0875000e+02   1.8082815e+01
   3.0900000e+02   1.8082384e+01
   3.0925000e+02   1.8081955e+01
   3.0950000e+02   1.8081528e+01
   3.0975000e+02   1.8081104e+01
   3.1000000e+02   1.8080682e+01
   3.1025000e+02   1.8080262e+01
   3.1050000e+02   1.8079844e+01
   3.1075000e+02   1.8079428e+01
   3.1100000e+02   1.8079015e+01
   3.1125000e+02   1.8078603e+01
   3.1150000e+02   1.8078194e+01
   3.1175000e+02   1.8077787e+01
   3.1200000e+02   1.8077382e+01
   3.1225000e+02   1.8076979e+01
   3.1250000e+02   1.8076578e+01
   3.1275000e+02   1.8076180e+01
   3.1300000e+02   1.8075783e+01
   3.1325000e+02   1.8075389e+01
   3.1350000e+02   1.8074996e+01
   3.1375000e+02   1.8074606e+01
   3.1400000e+02   1.8074217e+01
   3.1425000e+02   1.8073831e+01
   3.1450000e+02   1.8073446e+01
   3.1475000e+02   1.8073064e+01
   3.1500000e+02   1.8072684e+01
   3.1525000e+02   1.8072305e+01
   3.1550000e+02   1.8071929e+01
   3.1575000e+02   1.8071554e+01
   3.1600000e+02   1.8071182e+01
   3.1625000e+02   1.8070811e+01
   3.1650000e+02   1.8070443e+01
   3.1675000e+02   1.8070076e+01
   3.1700000e+02   1.8069711e+01
   3.1725000e+02   1.8069348e+01
   3.1750000e+02   1.8068987e+01
   3.1775000e+02   1.8068628e+01
   3.1800000e+02   1.8068271e+01
   3.1825000e+02   1.8067915e+01
   3.1850000e+02   1.8067562e+01
   3.1875000e+02   1.8067210e+01
   3.1900000e+02   1.8066860e+01
   3.1925000e+02   1.8066512e+01
   3.1950000e+02   1.8066166e+01
   3.1975000e+02   1.8065821e+01
   3.2000000e+02   1.8065478e+01
   3.2025000e+02   1.8065138e+01
   3.2050000e+02   1.8064798e+01
   3.2075000e+02   1.8064461e+01
   3.2100000e+02   1.8064125e+01
   3.2125000e+02   1.8063792e+01
   3.2150000e+02   1.8063460e+01
   3.2175000e+02   1.8063129e+01
   3.2200000e+02   1.8062800e+01
   3.2225000e+02   1.8062474e+01
   3.2250000e+02   1.8062148e+01
   3.2275000e+02   1.8061825e+01
   3.2300000e+02   1.8061503e+01
   3.2325000e+02   1.8061183e+01
   3.2350000e+02   1.8060864e+01
   3.2375000e+02   1.8060547e+01
   3.2400000e+02   1.8060232e+01
   3.2425000e+02   1.8059918e+01
   3.2450000e+02   1.8059607e+01
   3.2475000e+02   1.8059296e+01
   3.2500000e+02   1.8058987e+01
   3.2525000e+02   1.8058680e+01
   3.2550000e+02   1.8058375e+01
   3.2575000e+02   1.8058071e+01
   3.2600000e+02   1.8057769e+01
   3.2625000e+02   1.8057468e+01
   3.2650000e+02   1.8057169e+01
   3.2675000e+02   1.8056871e+01
   3.2700000e+02   1.8056575e+01
   3.2725000e+02   1.8056280e+01
   3.2750000e+02   1.8055987e+01
   3.2775000e+02   1.8055696e+01
   3.2800000e+02   1.8055406e+01
   3.2825000e+02   1.8055118e+01
   3.2850000e+02   1.8054831e+01
   3.2875000e+02   1.8054545e+01
   3.2900000e+02   1.8054261e+01
   3.2925000e+02   1.8053979e+01
   3.2950000e+02   1.8053698e+01
   3.2975000e+02   1.8053418e+01
   3.3000000e+02   1.8053140e+01
   3.3025000e+02   1.8052863e+01
   3.3050000e+02   1.8052588e+01
   3.3075000e+02   1.8052314e+01
   3.3100000e+02   1.8052042e+01
   3.3125000e+02   1.8051771e+01
   3.3150000e+02   1.8051501e+01
   3.3175000e+02   1.8051233e+01
   3.3200000e+02   1.8050967e+01
   3.3225000e+02   1.8050701e+01
   3.3250000e+02   1.8050437e+01
   3.3275000e+02   1.8050175e+01
   3.3300000e+02   1.8049914e+01
   3.3325000e+02   1.8049654e+01
   3.3350000e+02   1.8049395e+01
   3.3375000e+02   1.8049138e+01
   3.3400000e+02   1.8048882e+01
   3.3425000e+02   1.8048628e+01
   3.3450000e+02   1.8048375e+01
   3.3475000e+02   1.8048123e+01
   3.3500000e+02   1.8047872e+01
   3.3525000e+02   1.8047623e+01
   3.3550000e+02   1.8047375e+01
   3.3575000e+02   1.8047128e+01
   3.3600000e+02   1.8046883e+01
   3.3625000e+02   1.8046639e+01
   3.3650000e+02   1.8046396e+01
   3.3675000e+02   1.8046155e+01
   3.3700000e+02   1.8045914e+01
   3.3725000e+02   1.8045675e+01
   3.3750000e+02   1.8045437e+01
   3.3775000e+02   1.8045201e+01
   3.3800000e+02   1.8044966e+01
   3.3825000e+02   1.8044731e+01
   3.3850000e+02   1.8044499e+01
   3.3875000e+02   1.8044267e+01
   3.3900000e+02   1.8044036e+01
   3.3925000e+02   1.8043807e+01
   3.3950000e+02   1.8043579e+01
   3.3975000e+02   1.8043352e+01
   3.4000000e+02   1.8043127e+01
   3.4025000e+02   1.8042902e+01
   3.4050000e+02   1.8042679e+01
   3.4075000e+02   1.8042456e+01
   3.4100000e+02   1.8042235e+01
   3.4125000e+02   1.8042016e+01
   3.4150000e+02   1.8041797e+01
   3.4175000e+02   1.8041579e+01
   3.4200000e+02   1.8041363e+01
   3.4225000e+02   1.8041147e+01
   3.4250000e+02   1.8040933e+01
   3.4275000e+02   1.8040720e+01
   3.4300000e+02   1.8040508e+01
   3.4325000e+02   1.8040297e+01
   3.4350000e+02   1.8040087e+01
   3.4375000e+02   1.8039879e+01
   3.4400000e+02   1.8039671e+01
   3.4425000e+02   1.8039465e+01
   3.4450000e+02   1.8039259e+01
   3.4475000e+02   1.8039055e+01
   3.4500000e+02   1.8038851e+01
   3.4525000e+02   1.8038649e+01
   3.4550000e+02   1.8038448e+01
   3.4575000e+02   1.8038248e+01
   3.4600000e+02   1.8038049e+01
   3.4625000e+02   1.8037850e+01
   3.4650000e+02   1.8037653e+01
   3.4675000e+02   1.8037457e+01
   3.4700000e+02   1.8037262e+01
   3.4725000e+02   1.8037068e+01
   3.4750000e+02   1.8036875e+01
   3.4775000e+02   1.8036683e+01
   3.4800000e+02   1.8036492e+01
   3.4825000e+02   1.8036302e+01
   3.4850000e+02   1.8036113e+01
   3.4875000e+02   1.8035925e+01
   3.4900000e+02   1.8035738e+01
   3.4925000e+02   1.8035552e+01
   3.4950000e+02   1.8035367e+01
   3.4975000e+02   1.8035183e+01
   3.5000000e+02   1.8035000e+01
   3.5025000e+02   1.8034818e+01
   3.5050000e+02   1.8034636e+01
   3.5075000e+02   1.8034456e+01
   3.5100000e+02   1.8034277e+01
   3.5125000e+02   1.8034098e+01
   3.5150000e+02   1.8033921e+01
   3.5175000e+02   1.8033744e+01
   3.5200000e+02   1.8033569e+01
   3.5225000e+02   1.8033394e+01
   3.5250000e+02   1.8033220e+01
   3.5275000e+02   1.8033047e+01
   3.5300000e+02   1.8032875e+01
   3.5325000e+02   1.8032704e+01
   3.5350000e+02   1.8032533e+01
   3.5375000e+02   1.8032364e+01
   3.5400000e+02   1.8032196e+01
   3.5425000e+02   1.8032028e+01
   3.5450000e+02   1.8031861e+01
   3.5475000e+02   1.8031695e+01
   3.5500000e+02   1.8031530e+01
   3.5525000e+02   1.8031366e+01
   3.5550000e+02   1.8031203e+01
   3.5575000e+02   1.8031040e+01
   3.5600000e+02   1.8030879e+01
   3.5625000e+02   1.8030718e+01
   3.5650000e+02   1.8030558e+01
   3.5675000e+02   1.8030399e+01
   3.5700000e+02   1.8030241e+01
   3.5725000e+02   1.8030083e+01
   3.5750000e+02   1.8029927e+01
   3.5775000e+02   1.8029771e+01
   3.5800000e+02   1.8029616e+01
   3.5825000e+02   1.8029462e+01
   3.5850000e+02   1.8029308e+01
   3.5875000e+02   1.8029156e+01
   3.5900000e+02   1.8029004e+01
   3.5925000e+02   1.8028853e+01
   3.5950000e+02   1.8028703e+01
   3.5975000e+02   1.8028553e+01
   3.6000000e+02   1.8028405e+01
   3.6025000e+02   1.8028257e+01
   3.6050000e+02   1.8028110e+01
   3.6075000e+02   1.8027963e+01
   3.6100000e+02   1.8027818e+01
   3.6125000e+02   1.8027673e+01
   3.6150000e+02   1.8027529e+01
   3.6175000e+02   1.8027386e+01
   3.6200000e+02   1.8027243e+01
   3.6225000e+02   1.8027101e+01
   3.6250000e+02   1.8026960e+01
   3.6275000e+02   1.8026820e+01
   3.6300000e+02   1.8026680e+01
   3.6325000e+02   1.8026541e+01
   3.6350000e+02   1.8026403e+01
   3.6375000e+02   1.8026266e+01
   3.6400000e+02   1.8026129e+01
   3.6425000e+02   1.8025993e+01
   3.6450000e+02   1.8025857e+01
   3.6475000e+02   1.8025723e+01
   3.6500000e+02   1.8025589e+01
   3.6525000e+02   1.8025456e+01
   3.6550000e+02   1.8025323e+01
   3.6575000e+02   1.8025191e+01
   3.6600000e+02   1.8025060e+01
   3.6625000e+02   1.8024930e+01
   3.6650000e+02   1.8024800e+01
   3.6675000e+02   1.8024671e+01
   3.6700000e+02   1.8024542e+01
   3.6725000e+02   1.8024415e+01
   3.6750000e+02   1.8024288e+01
   3.6775000e+02   1.8024161e+01
   3.6800000e+02   1.8024035e+01
   3.6825000e+02   1.8023910e+01
   3.6850000e+02   1.8023786e+01
   3.6875000e+02   1.8023662e+01
   3.6900000e+02   1.8023539e+01
   3.6925000e+02   1.8023416e+01
   3.6950000e+02   1.8023294e+01
   3.6975000e+02   1.8023173e+01
   3.7000000e+02   1.8023052e+01
   3.7025000e+02   1.8022932e+01
   3.7050000e+02   1.8022813e+01
   3.7075000e+02   1.8022694e+01
   3.7100000e+02   1.8022576e+01
   3.7125000e+02   1.8022458e+01
   3.7150000e+02   1.8022342e+01
   3.7175000e+02   1.8022225e+01
   3.7200000e+02   1.8022109e+01
   3.7225000e+02   1.8021994e+01
   3.7250000e+02   1.8021880e+01
   3.7275000e+02   1.8021766e+01
   3.7300000e+02   1.8021653e+01
   3.7325000e+02   1.8021540e+01
   3.7350000e+02   1.8021428e+01
   3.7375000e+02   1.8021316e+01
   3.7400000e+02   1.8021205e+01
   3.7425000e+02   1.8021095e+01
   3.7450000e+02   1.8020985e+01
   3.7475000e+02   1.8020876e+01
   3.7500000e+02   1.8020767e+01
   3.7525000e+02   1.8020659e+01
   3.7550000e+02   1.8020551e+01
   3.7575000e+02   1.8020444e+01
   3.7600000e+02   1.8020338e+01
   3.7625000e+02   1.8020232e+01
   3.7650000e+02   1.8020127e+01
   3.7675000e+02   1.8020022e+01
   3.7700000e+02   1.8019918e+01
   3.7725000e+02   1.8019814e+01
   3.7750000e+02   1.8019711e+01
   3.7775000e+02   1.8019608e+01
   3.7800000e+02   1.8019506e+01
   3.7825000e+02   1.8019405e+01
   3.7850000e+02   1.8019304e+01
   3.7875000e+02   1.8019203e+01
   3.7900000e+02   1.8019103e+01
   3.7925000e+02   1.8019004e+01
   3.7950000e+02   1.8018905e+01
   3.7975000e+02   1.8018806e+01
   3.8000000e+02   1.8018708e+01
   3.8025000e+02   1.8018611e+01
   3.8050000e+02   1.8018514e+01
   3.8075000e+02   1.8018418e+01
   3.8100000e+02   1.8018322e+01
   3.8125000e+02   1.8018226e+01
   3.8150000e+02   1.8018132e+01
   3.8175000e+02   1.8018037e+01
   3.8200000e+02   1.8017943e+01
   3.8225000e+02   1.8017850e+01
   3.8250000e+02   1.8017757e+01
   3.8275000e+02   1.8017664e+01
   3.8300000e+02   1.8017573e+01
   3.8325000e+02   1.8017481e+01
   3.8350000e+02   1.8017390e+01
   3.8375000e+02   1.8017299e+01
   3.8400000e+02   1.8017209e+01
   3.8425000e+02   1.8017120e+01
   3.8450000e+02   1.8017031e+01
   3.8475000e+02   1.8016942e+01
   3.8500000e+02   1.8016854e+01
   3.8525000e+02   1.8016766e+01
   3.8550000e+02   1.8016679e+01
   3.8575000e+02   1.8016592e+01
   3.8600000e+02   1.8016506e+01
   3.8625000e+02   1.8016420e+01
   3.8650000e+02   1.8016334e+01
   3.8675000e+02   1.8016249e+01
   3.8700000e+02   1.8016165e+01
   3.8725000e+02   1.8016080e+01
   3.8750000e+02   1.8015997e+01
   3.8775000e+02   1.8015913e+01
   3.8800000e+02   1.8015831e+01
   3.8825000e+02   1.8015748e+01
   3.8850000e+02   1.8015666e+01
   3.8875000e+02   1.8015585e+01
   3.8900000e+02   1.8015503e+01
   3.8925000e+02   1.8015423e+01
   3.8950000e+02   1.8015342e+01
   3.8975000e+02   1.8015263e+01
   3.9000000e+02   1.8015183e+01
   3.9025000e+02   1.8015104e+01
   3.9050000e+02   1.8015025e+01
   3.9075000e+02   1.8014947e+01
   3.9100000e+02   1.8014869e+01
   3.9125000e+02   1.8014792e+01
   3.9150000e+02   1.8014715e+01
   3.9175000e+02   1.8014638e+01
   3.9200000e+02   1.8014562e+01
   3.9225000e+02   1.8014486e+01
   3.9250000e+02   1.8014411e+01
   3.9275000e+02   1.8014336e+01
   3.9300000e+02   1.8014261e+01
   3.9325000e+02   1.8014187e+01
   3.9350000e+02   1.8014113e+01
   3.9375000e+02   1.8014040e+01
   3.9400000e+02   1.8013967e+01
   3.9425000e+02   1.8013894e+01
   3.9450000e+02   1.8013822e+01
   3.9475000e+02   1.8013750e+01
   3.9500000e+02   1.8013678e+01
   3.9525000e+02   1.8013607e+01
   3.9550000e+02   1.8013536e+01
   3.9575000e+02   1.8013465e+01
   3.9600000e+02   1.8013395e+01
   3.9625000e+02   1.8013326e+01
   3.9650000e+02   1.8013256e+01
   3.9675000e+02   1.8013187e+01
   3.9700000e+02   1.8013119e+01
   3.9725000e+02   1.8013050e+01
   3.9750000e+02   1.8012982e+01
   3.9775000e+02   1.8012915e+01
   3.9800000e+02   1.8012848e+01
   3.9825000e+02   1.8012781e+01
   3.9850000e+02   1.8012714e+01
   3.9875000e+02   1.8012648e+01
   3.9900000e+02   1.8012582e+01
   3.9925000e+02   1.8012517e+01
   3.9950000e+02   1.8012451e+01
   3.9975000e+02   1.8012387e+01
   4.0000000e+02   1.8012322e+01
   4.0025000e+02   1.8012258e+01
   4.0050000e+02   1.8012194e+01
   4.0075000e+02   1.8012131e+01
   4.0100000e+02   1.8012067e+01
   4.0125000e+02   1.8012005e+01
   4.0150000e+02   1.8011942e+01
   4.0175000e+02   1.8011880e+01
   4.0200000e+02   1.8011818e+01
   4.0225000e+02   1.8011757e+01
   4.0250000e+02   1.8011695e+01
   4.0275000e+02   1.8011634e+01
   4.0300000e+02   1.8011574e+01
   4.0325000e+02   1.8011514e+01
   4.0350000e+02   1.8011454e+01
   4.0375000e+02   1.8011394e+01
   4.0400000e+02   1.8011335e+01
   4.0425000e+02   1.8011276e+01
   4.0450000e+02   1.8011217e+01
   4.0475000e+02   1.8011159e+01
   4.0500000e+02   1.8011101e+01
   4.0525000e+02   1.8011043e+01
   4.0550000e+02   1.8010985e+01
   4.0575000e+02   1.8010928e+01
   4.0600000e+02   1.8010871e+01
   4.0625000e+02   1.8010815e+01
   4.0650000e+02   1.8010758e+01
   4.0675000e+02   1.8010702e+01
   4.0700000e+02   1.8010647e+01
   4.0725000e+02   1.8010591e+01
   4.0750000e+02   1.8010536e+01
   4.0775000e+02   1.8010481e+01
   4.0800000e+02   1.8010427e+01
   4.0825000e+02   1.8010372e+01
   4.0850000e+02   1.8010318e+01
   4.0875000e+02   1.8010265e+01
   4.0900000e+02   1.8010211e+01
   4.0925000e+02   1.8010158e+01
   4.0950000e+02   1.8010105e+01
   4.0975000e+02   1.8010052e+01
   4.1000000e+02   1.8010000e+01
   4.1025000e+02   1.8009948e+01
   4.1050000e+02   1.8009896e+01
   4.1075000e+02   1.8009845e+01
   4.1100000e+02   1.8009794e+01
   4.1125000e+02   1.8009743e+01
   4.1150000e+02   1.8009692e+01
   4.1175000e+02   1.8009641e+01
   4.1200000e+02   1.8009591e+01
   4.1225000e+02   1.8009541e+01
   4.1250000e+02   1.8009492e+01
   4.1275000e+02   1.8009442e+01
   4.1300000e+02   1.8009393e+01
   4.1325000e+02   1.8009344e+01
   4.1350000e+02   1.8009295e+01
   4.1375000e+02   1.8009247e+01
   4.1400000e+02   1.8009199e+01
   4.1425000e+02   1.8009151e+01
   4.1450000e+02   1.8009103e+01
   4.1475000e+02   1.8009056e+01
   4.1500000e+02   1.8009009e+01
   4.1525000e+02   1.8008962e+01
   4.1550000e+02   1.8008915e+01
   4.1575000e+02   1.8008869e+01
   4.1600000e+02   1.8008823e+01
   4.1625000e+02   1.8008777e+01
   4.1650000e+02   1.8008731e+01
   4.1675000e+02   1.8008686e+01
   4.1700000e+02   1.8008640e+01
   4.1725000e+02   1.8008595e+01
   4.1750000e+02   1.8008551e+01
   4.1775000e+02   1.8008506e+01
   4.1800000e+02   1.8008462e+01
   4.1825000e+02   1.8008418e+01
   4.1850000e+02   1.8008374e+01
   4.1875000e+02   1.8008330e+01
   4.1900000e+02   1.8008287e+01
   4.1925000e+02   1.8008244e+01
   4.1950000e+02   1.8008201e+01
   4.1975000e+02   1.8008158e+01
   4.2000000e+02   1.8008116e+01
   4.2025000e+02   1.8008074e+01
   4.2050000e+02   1.8008031e+01
   4.2075000e+02   1.8007990e+01
   4.2100000e+02   1.8007948e+01
   4.2125000e+02   1.8007907e+01
   4.2150000e+02   1.8007866e+01
   4.2175000e+02   1.8007825e+01
   4.2200000e+02   1.8007784e+01
   4.2225000e+02   1.8007743e+01
   4.2250000e+02   1.8007703e+01
   4.2275000e+02   1.8007663e+01
   4.2300000e+02   1.8007623e+01
   4.2325000e+02   1.8007583e+01
   4.2350000e+02   1.8007544e+01
   4.2375000e+02   1.8007505e+01
   4.2400000e+02   1.8007465e+01
   4.2425000e+02   1.8007427e+01
   4.2450000e+02   1.8007388e+01
   4.2475000e+02   1.8007350e+01
   4.2500000e+02   1.8007311e+01
   4.2525000e+02   1.8007273e+01
   4.2550000e+02   1.8007235e+01
   4.2575000e+02   1.8007198e+01
   4.2600000e+02   1.8007160e+01
   4.2625000e+02   1.8007123e+01
   4.2650000e+02   1.8007086e+01
   4.2675000e+02   1.8007049e+01
   4.2700000e+02   1.8007012e+01
   4.2725000e+02   1.8006976e+01
   4.2750000e+02   1.8006939e+01
   4.2775000e+02   1.8006903e+01
   4.2800000e+02   1.8006867e+01
   4.2825000e+02   1.8006832e+01
   4.2850000e+02   1.8006796e+01
   4.2875000e+02   1.8006761e+01
   4.2900000e+02   1.8006725e+01
   4.2925000e+02   1.8006690e+01
   4.2950000e+02   1.8006656e+01
   4.2975000e+02   1.8006621e+01
   4.3000000e+02   1.8006586e+01
   4.3025000e+02   1.8006552e+01
   4.3050000e+02   1.8006518e+01
   4.3075000e+02   1.8006484e+01
   4.3100000e+02   1.8006450e+01
   4.3125000e+02   1.8006417e+01
   4.3150000e+02   1.8006383e+01
   4.3175000e+02   1.8006350e+01
   4.3200000e+02   1.8006317e+01
   4.3225000e+02   1.8006284e+01
   4.3250000e+02   1.8006251e+01
   4.3275000e+02   1.8006219e+01
   4.3300000e+02   1.8006187e+01
   4.3325000e+02   1.8006154e+01
   4.3350000e+02   1.8006122e+01
   4.3375000e+02   1.8006090e+01
   4.3400000e+02   1.8006059e+01
   4.3425000e+02   1.8006027e+01
   4.3450000e+02   1.8005996e+01
   4.3475000e+02   1.8005965e+01
   4.3500000e+02   1.8005934e+01
   4.3525000e+02   1.8005903e+01
   4.3550000e+02   1.8005872e+01
   4.3575000e+02   1.8005841e+01
   4.3600000e+02   1.8005811e+01
   4.3625000e+02   1.8005781e+01
   4.3650000e+02   1.8005751e+01
   4.3675000e+02   1.8005721e+01
   4.3700000e+02   1.8005691e+01
   4.3725000e+02   1.8005661e+01
   4.3750000e+02   1.8005632e+01
   4.3775000e+02   1.8005602e+01
   4.3800000e+02   1.8005573e+01
   4.3825000e+02   1.8005544e+01
   4.3850000e+02   1.8005515e+01
   4.3875000e+02   1.8005487e+01
   4.3900000e+02   1.8005458e+01
   4.3925000e+02   1.8005430e+01
   4.3950000e+02   1.8005401e+01
   4.3975000e+02   1.8005373e+01
   4.4000000e+02   1.8005345e+01
   4.4025000e+02   1.8005318e+01
   4.4050000e+02   1.8005290e+01
   4.4075000e+02   1.8005262e+01
   4.4100000e+02   1.8005235e+01
   4.4125000e+02   1.8005208e+01
   4.4150000e+02   1.8005181e+01
   4.4175000e+02   1.8005154e+01
   4.4200000e+02   1.8005127e+01
   4.4225000e+02   1.8005100e+01
   4.4250000e+02   1.8005073e+01
   4.4275000e+02   1.8005047e+01
   4.4300000e+02   1.8005021e+01
   4.4325000e+02   1.8004995e+01
   4.4350000e+02   1.8004969e+01
   4.4375000e+02   1.8004943e+01
   4.4400000e+02   1.8004917e+01
   4.4425000e+02   1.8004891e+01
   4.4450000e+02   1.8004866e+01
   4.4475000e+02   1.8004841e+01
   4.4500000e+02   1.8004815e+01
   4.4525000e+02   1.8004790e+01
   4.4550000e+02   1.8004765e+01
   4.4575000e+02   1.8004741e+01
   4.4600000e+02   1.8004716e+01
   4.4625000e+02   1.8004691e+01
   4.4650000e+02   1.8004667e+01
   4.4675000e+02   1.8004643e+01
   4.4700000e+02   1.8004619e+01
   4.4725000e+02   1.8004594e+01
   4.4750000e+02   1.8004571e+01
   4.4775000e+02   1.8004547e+01
   4.4800000e+02   1.8004523e+01
   4.4825000e+02   1.8004500e+01
   4.4850000e+02   1.8004476e+01
   4.4875000e+02   1.8004453e+01
   4.4900000e+02   1.8004430e+01
   4.4925000e+02   1.8004407e+01
   4.4950000e+02   1.8004384e+01
   4.4975000e+02   1.8004361e+01
   4.5000000e+02   1.8004338e+01
   4.5025000e+02   1.8004316e+01
   4.5050000e+02   1.8004293e+01
   4.5075000e+02   1.8004271e+01
   4.5100000e+02   1.8004248e+01
   4.5125000e+02   1.8004226e+01
   4.5150000e+02   1.8004204e+01
   4.5175000e+02   1.8004182e+01
   4.5200000e+02   1.8004161e+01
   4.5225000e+02   1.8004139e+01
   4.5250000e+02   1.8004117e+01
   4.5275000e+02   1.8004096e+01
   4.5300000e+02   1.8004075e+01
   4.5325000e+02   1.8004053e+01
   4.5350000e+02   1.8004032e+01
   4.5375000e+02   1.8004011e+01
   4.5400000e+02   1.8003991e+01
   4.5425000e+02   1.8003970e+01
   4.5450000e+02   1.8003949e+01
   4.5475000e+02   1.8003929e+01
   4.5500000e+02   1.8003908e+01
   4.5525000e+02   1.8003888e+01
   4.5550000e+02   1.8003867e+01
   4.5575000e+02   1.8003847e+01
   4.5600000e+02   1.8003827e+01
   4.5625000e+02   1.8003807e+01
   4.5650000e+02   1.8003788e+01
   4.5675000e+02   1.8003768e+01
   4.5700000e+02   1.8003748e+01
   4.5725000e+02   1.8003729e+01
   4.5750000e+02   1.8003709e+01
   4.5775000e+02   1.8003690e+01
   4.5800000e+02   1.8003671e+01
   4.5825000e+02   1.8003652e+01
   4.5850000e+02   1.8003633e+01
   4.5875000e+02   1.8003614e+01
   4.5900000e+02   1.8003595e+01
   4.5925000e+02   1.8003576e+01
   4.5950000e+02   1.8003558e+01
   4.5975000e+02   1.8003539e+01
   4.6000000e+02   1.8003521e+01
   4.6025000e+02   1.8003502e+01
   4.6050000e+02   1.8003484e+01
   4.6075000e+02   1.8003466e+01
   4.6100000e+02   1.8003448e+01
   4.6125000e+02   1.8003430e+01
   4.6150000e+02   1.8003412e+01
   4.6175000e+02   1.8003394e+01
   4.6200000e+02   1.8003377e+01
   4.6225000e+02   1.8003359e+01
   4.6250000e+02   1.8003342e+01
   4.6275000e+02   1.8003324e+01
   4.6300000e+02   1.8003307e+01
   4.6325000e+02   1.8003290e+01
   4.6350000e+02   1.8003273e+01
   4.6375000e+02   1.8003256e+01
   4.6400000e+02   1.8003239e+01
   4.6425000e+02   1.8003222e+01
   4.6450000e+02   1.8003205e+01
   4.6475000e+02   1.8003188e+01
   4.6500000e+02   1.8003172e+01
   4.6525000e+02   1.8003155e+01
   4.6550000e+02   1.8003139e+01
   4.6575000e+02   1.8003122e+01
   4.6600000e+02   1.8003106e+01
   4.6625000e+02   1.8003090e+01
   4.6650000e+02   1.8003074e+01
   4.6675000e+02   1.8003058e+01
   4.6700000e+02   1.8003042e+01
   4.6725000e+02   1.8003026e+01
   4.6750000e+02   1.8003010e+01
   4.6775000e+02   1.8002995e+01
   4.6800000e+02   1.8002979e+01
   4.6825000e+02   1.8002964e+01
   4.6850000e+02   1.8002948e+01
   4.6875000e+02   1.8002933e+01
   4.6900000e+02   1.8002918e+01
   4.6925000e+02   1.8002902e+01
   4.6950000e+02   1.8002887e+01
   4.6975000e+02   1.8002872e+01
   4.7000000e+02   1.8002857e+01
   4.7025000e+02   1.8002842e+01
   4.7050000e+02   1.8002828e+01
   4.7075000e+02   1.8002813e+01
   4.7100000e+02   1.8002798e+01
   4.7125000e+02   1.8002784e+01
   4.7150000e+02   1.8002769e+01
   4.7175000e+02   1.8002755e+01
   4.7200000e+02   1.8002740e+01
   4.7225000e+02   1.8002726e+01
   4.7250000e+02   1.8002712e+01
   4.7275000e+02   1.8002698e+01
   4.7300000e+02   1.8002684e+01
   4.7325000e+02   1.8002670e+01
   4.7350000e+02   1.8002656e+01
   4.7375000e+02   1.8002642e+01
   4.7400000e+02   1.8002628e+01
   4.7425000e+02   1.8002615e+01
   4.7450000e+02   1.8002601e+01
   4.7475000e+02   1.8002587e+01
   4.7500000e+02   1.8002574e+01
   4.7525000e+02   1.8002561e+01
   4.7550000e+02   1.8002547e+01
   4.7575000e+02   1.8002534e+01
   4.7600000e+02   1.8002521e+01
   4.7625000e+02   1.8002508e+01
   4.7650000e+02   1.8002495e+01
   4.7675000e+02   1.8002482e+01
   4.7700000e+02   1.8002469e+01
   4.7725000e+02   1.8002456e+01
   4.7750000e+02   1.8002443e+01
   4.7775000e+02   1.8002430e+01
   4.7800000e+02   1.8002418e+01
   4.7825000e+02   1.8002405e+01
   4.7850000e+02   1.8002393e+01
   4.7875000e+02   1.8002380e+01
   4.7900000e+02   1.8002368e+01
   4.7925000e+02   1.8002355e+01
   4.7950000e+02   1.8002343e+01
   4.7975000e+02   1.8002331e+01
   4.8000000e+02   1.8002319e+01
   4.8025000e+02   1.8002307e+01
   4.8050000e+02   1.8002295e+01
   4.8075000e+02   1.8002283e+01
   4.8100000e+02   1.8002271e+01
   4.8125000e+02   1.8002259e+01
   4.8150000e+02   1.8002247e+01
   4.8175000e+02   1.8002236e+01
   4.8200000e+02   1.8002224e+01
   4.8225000e+02   1.8002212e+01
   4.8250000e+02   1.8002201e+01
   4.8275000e+02   1.8002189e+01
   4.8300000e+02   1.8002178e+01
   4.8325000e+02   1.8002167e+01
   4.8350000e+02   1.8002155e+01
   4.8375000e+02   1.8002144e+01
   4.8400000e+02   1.8002133e+01
   4.8425000e+02   1.8002122e+01
   4.8450000e+02   1.8002111e+01
   4.8475000e+02   1.8002100e+01
   4.8500000e+02   1.8002089e+01
   4.8525000e+02   1.8002078e+01
   4.8550000e+02   1.8002067e+01
   4.8575000e+02   1.8002057e+01
   4.8600000e+02   1.8002046e+01
   4.8625000e+02   1.8002035e+01
   4.8650000e+02   1.8002025e+01
   4.8675000e+02   1.8002014e+01
   4.8700000e+02   1.8002004e+01
   4.8725000e+02   1.8001993e+01
   4.8750000e+02   1.8001983e+01
   4.8775000e+02   1.8001972e+01
   4.8800000e+02   1.8001962e+01
   4.8825000e+02   1.8001952e+01
   4.8850000e+02   1.8001942e+01
   4.8875000e+02   1.8001932e+01
   4.8900000e+02   1.8001922e+01
   4.8925000e+02   1.8001912e+01
   4.8950000e+02   1.8001902e+01
   4.8975000e+02   1.8001892e+01
   4.9000000e+02   1.8001882e+01
   4.9025000e+02   1.8001872e+01
   4.9050000e+02   1.8001862e+01
   4.9075000e+02   1.8001853e+01
   4.9100000e+02   1.8001843e+01
   4.9125000e+02   1.8001833e+01
   4.9150000e+02   1.8001824e+01
   4.9175000e+02   1.8001814e+01
   4.9200000e+02   1.8001805e+01
   4.9225000e+02   1.8001796e+01
   4.9250000e+02   1.8001786e+01
   4.9275000e+02   1.8001777e+01
   4.9300000e+02   1.8001768e+01
   4.9325000e+02   1.8001758e+01
   4.9350000e+02   1.8001749e+01
   4.9375000e+02   1.8001740e+01
   4.9400000e+02   1.8001731e+01
   4.9425000e+02   1.8001722e+01
   4.9450000e+02   1.8001713e+01
   4.9475000e+02   1.8001704e+01
   4.9500000e+02   1.8001695e+01
   4.9525000e+02   1.8001686e+01
   4.9550000e+02   1.8001678e+01
   4.9575000e+02   1.8001669e+01
   4.9600000e+02   1.8001660e+01
   4.9625000e+02   1.8001652e+01
   4.9650000e+02   1.8001643e+01
   4.9675000e+02   1.8001634e+01
   4.9700000e+02   1.8001626e+01
   4.9725000e+02   1.8001618e+01
   4.9750000e+02   1.8001609e+01
   4.9775000e+02   1.8001601e+01
   4.9800000e+02   1.8001592e+01
   4.9825000e+02   1.8001584e+01
   4.9850000e+02   1.8001576e+01
   4.9875000e+02   1.8001568e+01
   4.9900000e+02   1.8001559e+01
   4.9925000e+02   1.8001551e+01
   4.9950000e+02   1.8001543e+01
   4.9975000e+02   1.8001535e+01
   5.0000000e+02   1.8001527e+01
   5.0025000e+02   1.8001519e+01
   5.0050000e+02   1.8001511e+01
   5.0075000e+02   1.8001504e+01
   5.0100000e+02   1.8001496e+01
   5.0125000e+02   1.8001488e+01
   5.0150000e+02   1.8001480e+01
   5.0175000e+02   1.8001472e+01
   5.0200000e+02   1.8001465e+01
   5.0225000e+02   1.8001457e+01
   5.0250000e+02   1.8001450e+01
   5.0275000e+02   1.8001442e+01
   5.0300000e+02   1.8001435e+01
   5.0325000e+02   1.8001427e+01
   5.0350000e+02   1.8001420e+01
   5.0375000e+02   1.8001412e+01
   5.0400000e+02   1.8001405e+01
   5.0425000e+02   1.8001398e+01
   5.0450000e+02   1.8001390e+01
   5.0475000e+02   1.8001383e+01
   5.0500000e+02   1.8001376e+01
   5.0525000e+02   1.8001369e+01
   5.0550000e+02   1.8001362e+01
   5.0575000e+02   1.8001354e+01
   5.0600000e+02   1.8001347e+01
   5.0625000e+02   1.8001340e+01
   5.0650000e+02   1.8001333e+01
   5.0675000e+02   1.8001327e+01
   5.0700000e+02   1.8001320e+01
   5.0725000e+02   1.8001313e+01
   5.0750000e+02   1.8001306e+01
   5.0775000e+02   1.8001299e+01
   5.0800000e+02   1.8001292e+01
   5.0825000e+02   1.8001286e+01
   5.0850000e+02   1.8001279e+01
   5.0875000e+02   1.8001272e+01
   5.0900000e+02   1.8001266e+01
   5.0925000e+02   1.8001259e+01
   5.0950000e+02   1.8001252e+01
   5.0975000e+02   1.8001246e+01
   5.1000000e+02   1.8001239e+01
   5.1025000e+02   1.8001233e+01
   5.1050000e+02   1.8001227e+01
   5.1075000e+02   1.8001220e+01
   5.1100000e+02   1.8001214e+01
   5.1125000e+02   1.8001208e+01
   5.1150000e+02   1.8001201e+01
   5.1175000e+02   1.8001195e+01
   5.1200000e+02   1.8001189e+01
   5.1225000e+02   1.8001183e+01
   5.1250000e+02   1.8001176e+01
   5.1275000e+02   1.8001170e+01
   5.1300000e+02   1.8001164e+01
   5.1325000e+02   1.8001158e+01
   5.1350000e+02   1.8001152e+01
   5.1375000e+02   1.8001146e+01
   5.1400000e+02   1.8001140e+01
   5.1425000e+02   1.8001134e+01
   5.1450000e+02   1.8001128e+01
   5.1475000e+02   1.8001122e+01
   5.1500000e+02   1.8001117e+01
   5.1525000e+02   1.8001111e+01
   5.1550000e+02   1.8001105e+01
   5.1575000e+02   1.8001099e+01
   5.1600000e+02   1.8001094e+01
   5.1625000e+02   1.8001088e+01
   5.1650000e+02   1.8001082e+01
   5.1675000e+02   1.8001077e+01
   5.1700000e+02   1.8001071e+01
   5.1725000e+02   1.8001065e+01
   5.1750000e+02   1.8001060e+01
   5.1775000e+02   1.8001054e+01
   5.1800000e+02   1.8001049e+01
   5.1825000e+02   1.8001043e+01
   5.1850000e+02   1.8001038e+01
   5.1875000e+02   1.8001033e+01
   5.1900000e+02   1.8001027e+01
   5.1925000e+02   1.8001022e+01
   5.1950000e+02   1.8001016e+01
   5.1975000e+02   1.8001011e+01
   5.2000000e+02   1.8001006e+01
   5.2025000e+02   1.8001001e+01
   5.2050000e+02   1.8000995e+01
   5.2075000e+02   1.8000990e+01
   5.2100000e+02   1.8000985e+01
   5.2125000e+02   1.8000980e+01
   5.2150000e+02   1.8000975e+01
   5.2175000e+02   1.8000970e+01
   5.2200000e+02   1.8000965e+01
   5.2225000e+02   1.8000960e+01
   5.2250000e+02   1.8000955e+01
   5.2275000e+02   1.8000950e+01
   5.2300000e+02   1.8000945e+01
   5.2325000e+02   1.8000940e+01
   5.2350000e+02   1.8000935e+01
   5.2375000e+02   1.8000930e+01
   5.2400000e+02   1.8000925e+01
   5.2425000e+02   1.8000920e+01
   5.2450000e+02   1.8000916e+01
   5.2475000e+02   1.8000911e+01
   5.2500000e+02   1.8000906e+01
   5.2525000e+02   1.8000901e+01
   5.2550000e+02   1.8000897e+01
   5.2575000e+02   1.8000892e+01
   5.2600000e+02   1.8000887e+01
   5.2625000e+02   1.8000883e+01
   5.2650000e+02   1.8000878e+01
   5.2675000e+02   1.8000874e+01
   5.2700000e+02   1.8000869e+01
   5.2725000e+02   1.8000865e+01
   5.2750000e+02   1.8000860e+01
   5.2775000e+02   1.8000856e+01
   5.2800000e+02   1.8000851e+01
   5.2825000e+02   1.8000847e+01
   5.2850000e+02   1.8000842e+01
   5.2875000e+02   1.8000838e+01
   5.2900000e+02   1.8000834e+01
   5.2925000e+02   1.8000829e+01
   5.2950000e+02   1.8000825e+01
   5.2975000e+02   1.8000821e+01
   5.3000000e+02   1.8000816e+01
   5.3025000e+02   1.8000812e+01
   5.3050000e+02   1.8000808e+01
   5.3075000e+02   1.8000804e+01
   5.3100000e+02   1.8000799e+01
   5.3125000e+02   1.8000795e+01
   5.3150000e+02   1.8000791e+01
   5.3175000e+02   1.8000787e+01
   5.3200000e+02   1.8000783e+01
   5.3225000e+02   1.8000779e+01
   5.3250000e+02   1.8000775e+01
   5.3275000e+02   1.8000771e+01
   5.3300000e+02   1.8000767e+01
   5.3325000e+02   1.8000763e+01
   5.3350000e+02   1.8000759e+01
   5.3375000e+02   1.8000755e+01
   5.3400000e+02   1.8000751e+01
   5.3425000e+02   1.8000747e+01
   5.3450000e+02   1.8000743e+01
   5.3475000e+02   1.8000739e+01
   5.3500000e+02   1.8000735e+01
   5.3525000e+02   1.8000732e+01
   5.3550000e+02   1.8000728e+01
   5.3575000e+02   1.8000724e+01
   5.3600000e+02   1.8000720e+01
   5.3625000e+02   1.8000716e+01
   5.3650000e+02   1.8000713e+01
   5.3675000e+02   1.8000709e+01
   5.3700000e+02   1.8000705e+01
   5.3725000e+02   1.8000702e+01
   5.3750000e+02   1.8000698e+01
   5.3775000e+02   1.8000694e+01
   5.3800000e+02   1.8000691e+01
   5.3825000e+02   1.8000687e+01
   5.3850000e+02   1.8000684e+01
   5.3875000e+02   1.8000680e+01
   5.3900000e+02   1.8000677e+01
   5.3925000e+02   1.8000673e+01
   5.3950000e+02   1.8000669e+01
   5.3975000e+02   1.8000666e+01
   5.4000000e+02   1.8000663e+01
   5.4025000e+02   1.8000659e+01
   5.4050000e+02   1.8000656e+01
   5.4075000e+02   1.8000652e+01
   5.4100000e+02   1.8000649e+01
   5.4125000e+02   1.8000645e+01
   5.4150000e+02   1.8000642e+01
   5.4175000e+02   1.8000639e+01
   5.4200000e+02   1.8000635e+01
   5.4225000e+02   1.8000632e+01
   5.4250000e+02   1.8000629e+01
   5.4275000e+02   1.8000626e+01
   5.4300000e+02   1.8000622e+01
   5.4325000e+02   1.8000619e+01
   5.4350000e+02   1.8000616e+01
   5.4375000e+02   1.8000613e+01
   5.4400000e+02   1.8000609e+01
   5.4425000e+02   1.8000606e+01
   5.4450000e+02   1.8000603e+01
   5.4475000e+02   1.8000600e+01
   5.4500000e+02   1.8000597e+01
   5.4525000e+02   1.8000594e+01
   5.4550000e+02   1.8000591e+01
   5.4575000e+02   1.8000588e+01
   5.4600000e+02   1.8000585e+01
   5.4625000e+02   1.8000581e+01
   5.4650000e+02   1.8000578e+01
   5.4675000e+02   1.8000575e+01
   5.4700000e+02   1.8000572e+01
   5.4725000e+02   1.8000569e+01
   5.4750000e+02   1.8000566e+01
   5.4775000e+02   1.8000564e+01
   5.4800000e+02   1.8000561e+01
   5.4825000e+02   1.8000558e+01
   5.4850000e+02   1.8000555e+01
   5.4875000e+02   1.8000552e+01
   5.4900000e+02   1.8000549e+01
   5.4925000e+02   1.8000546e+01
   5.4950000e+02   1.8000543e+01
   5.4975000e+02   1.8000541e+01
   5.5000000e+02   1.8000538e+01
   5.5025000e+02   1.8000535e+01
   5.5050000e+02   1.8000532e+01
   5.5075000e+02   1.8000529e+01
   5.5100000e+02   1.8000527e+01
   5.5125000e+02   1.8000524e+01
   5.5150000e+02   1.8000521e+01
   5.5175000e+02   1.8000518e+01
   5.5200000e+02   1.8000516e+01
   5.5225000e+02   1.8000513e+01
   5.5250000e+02   1.8000510e+01
   5.5275000e+02   1.8000508e+01
   5.5300000e+02   1.8000505e+01
   5.5325000e+02   1.8000502e+01
   5.5350000e+02   1.8000500e+01
   5.5375000e+02   1.8000497e+01
   5.5400000e+02   1.8000495e+01
   5.5425000e+02   1.8000492e+01
   5.5450000e+02   1.8000489e+01
   5.5475000e+02   1.8000487e+01
   5.5500000e+02   1.8000484e+01
   5.5525000e+02   1.8000482e+01
   5.5550000e+02   1.8000479e+01
   5.5575000e+02   1.8000477e+01
   5.5600000e+02   1.8000474e+01
   5.5625000e+02   1.8000472e+01
   5.5650000e+02   1.8000469e+01
   5.5675000e+02   1.8000467e+01
   5.5700000e+02   1.8000465e+01
   5.5725000e+02   1.8000462e+01
   5.5750000e+02   1.8000460e+01
   5.5775000e+02   1.8000457e+01
   5.5800000e+02   1.8000455e+01
   5.5825000e+02   1.8000453e+01
   5.5850000e+02   1.8000450e+01
   5.5875000e+02   1.8000448e+01
   5.5900000e+02   1.8000446e+01
   5.5925000e+02   1.8000443e+01
   5.5950000e+02   1.8000441e+01
   5.5975000e+02   1.8000439e+01
   5.6000000e+02   1.8000436e+01
   5.6025000e+02   1.8000434e+01
   5.6050000e+02   1.8000432e+01
   5.6075000e+02   1.8000430e+01
   5.6100000e+02   1.8000427e+01
   5.6125000e+02   1.8000425e+01
   5.6150000e+02   1.8000423e+01
   5.6175000e+02   1.8000421e+01
   5.6200000e+02   1.8000419e+01
   5.6225000e+02   1.8000416e+01
   5.6250000e+02   1.8000414e+01
   5.6275000e+02   1.8000412e+01
   5.6300000e+02   1.8000410e+01
   5.6325000e+02   1.8000408e+01
   5.6350000e+02   1.8000406e+01
   5.6375000e+02   1.8000404e+01
   5.6400000e+02   1.8000401e+01
   5.6425000e+02   1.8000399e+01
   5.6450000e+02   1.8000397e+01
   5.6475000e+02   1.8000395e+01
   5.6500000e+02   1.8000393e+01
   5.6525000e+02   1.8000391e+01
   5.6550000e+02   1.8000389e+01
   5.6575000e+02   1.8000387e+01
   5.6600000e+02   1.8000385e+01
   5.6625000e+02   1.8000383e+01
   5.6650000e+02   1.8000381e+01
   5.6675000e+02   1.8000379e+01
   5.6700000e+02   1.8000377e+01
   5.6725000e+02   1.8000375e+01
   5.6750000e+02   1.8000373e+01
   5.6775000e+02   1.8000371e+01
   5.6800000e+02   1.8000369e+01
   5.6825000e+02   1.8000367e+01
   5.6850000e+02   1.8000365e+01
   5.6875000e+02   1.8000364e+01
   5.6900000e+02   1.8000362e+01
   5.6925000e+02   1.8000360e+01
   5.6950000e+02   1.8000358e+01
   5.6975000e+02   1.8000356e+01
   5.7000000e+02   1.8000354e+01
   5.7025000e+02   1.8000352e+01
   5.7050000e+02   1.8000350e+01
   5.7075000e+02   1.8000349e+01
   5.7100000e+02   1.8000347e+01
   5.7125000e+02   1.8000345e+01
   5.7150000e+02   1.8000343e+01
   5.7175000e+02   1.8000341e+01
   5.7200000e+02   1.8000340e+01
   5.7225000e+02   1.8000338e+01
   5.7250000e+02   1.8000336e+01
   5.7275000e+02   1.8000334e+01
   5.7300000e+02   1.8000333e+01
   5.7325000e+02   1.8000331e+01
   5.7350000e+02   1.8000329e+01
   5.7375000e+02   1.8000327e+01
   5.7400000e+02   1.8000326e+01
   5.7425000e+02   1.8000324e+01
   5.7450000e+02   1.8000322e+01
   5.7475000e+02   1.8000321e+01
   5.7500000e+02   1.8000319e+01
   5.7525000e+02   1.8000317e+01
   5.7550000e+02   1.8000316e+01
   5.7575000e+02   1.8000314e+01
   5.7600000e+02   1.8000312e+01
   5.7625000e+02   1.8000311e+01
   5.7650000e+02   1.8000309e+01
   5.7675000e+02   1.8000308e+01
   5.7700000e+02   1.8000306e+01
   5.7725000e+02   1.8000304e+01
   5.7750000e+02   1.8000303e+01
   5.7775000e+02   1.8000301e+01
   5.7800000e+02   1.8000300e+01
   5.7825000e+02   1.8000298e+01
   5.7850000e+02   1.8000297e+01
   5.7875000e+02   1.8000295e+01
   5.7900000e+02   1.8000293e+01
   5.7925000e+02   1.8000292e+01
   5.7950000e+02   1.8000290e+01
   5.7975000e+02   1.8000289e+01
   5.8000000e+02   1.8000287e+01
   5.8025000e+02   1.8000286e+01
   5.8050000e+02   1.8000284e+01
   5.8075000e+02   1.8000283e+01
   5.8100000e+02   1.8000281e+01
   5.8125000e+02   1.8000280e+01
   5.8150000e+02   1.8000279e+01
   5.8175000e+02   1.8000277e+01
   5.8200000e+02   1.8000276e+01
   5.8225000e+02   1.8000274e+01
   5.8250000e+02   1.8000273e+01
   5.8275000e+02   1.8000271e+01
   5.8300000e+02   1.8000270e+01
   5.8325000e+02   1.8000269e+01
   5.8350000e+02   1.8000267e+01
   5.8375000e+02   1.8000266e+01
   5.8400000e+02   1.8000264e+01
   5.8425000e+02   1.8000263e+01
   5.8450000e+02   1.8000262e+01
   5.8475000e+02   1.8000260e+01
   5.8500000e+02   1.8000259e+01
   5.8525000e+02   1.8000258e+01
   5.8550000e+02   1.8000256e+01
   5.8575000e+02   1.8000255e+01
   5.8600000e+02   1.8000254e+01
   5.8625000e+02   1.8000252e+01
   5.8650000e+02   1.8000251e+01
   5.8675000e+02   1.8000250e+01
   5.8700000e+02   1.8000248e+01
   5.8725000e+02   1.8000247e+01
   5.8750000e+02   1.8000246e+01
   5.8775000e+02   1.8000244e+01
   5.8800000e+02   1.8000243e+01
   5.8825000e+02   1.8000242e+01
   5.8850000e+02   1.8000241e+01
   5.8875000e+02   1.8000239e+01
   5.8900000e+02   1.8000238e+01
   5.8925000e+02   1.8000237e+01
   5.8950000e+02   1.8000236e+01
   5.8975000e+02   1.8000234e+01
   5.9000000e+02   1.8000233e+01
   5.9025000e+02   1.8000232e+01
   5.9050000e+02   1.8000231e+01
   5.9075000e+02   1.8000230e+01
   5.9100000e+02   1.8000228e+01
   5.9125000e+02   1.8000227e+01
   5.9150000e+02   1.8000226e+01
   5.9175000e+02   1.8000225e+01
   5.9200000e+02   1.8000224e+01
   5.9225000e+02   1.8000223e+01
   5.9250000e+02   1.8000221e+01
   5.9275000e+02   1.8000220e+01
   5.9300000e+02   1.8000219e+01
   5.9325000e+02   1.8000218e+01
   5.9350000e+02   1.8000217e+01
   5.9375000e+02   1.8000216e+01
   5.9400000e+02   1.8000215e+01
   5.9425000e+02   1.8000213e+01
   5.9450000e+02   1.8000212e+01
   5.9475000e+02   1.8000211e+01
   5.9500000e+02   1.8000210e+01
   5.9525000e+02   1.8000209e+01
   5.9550000e+02   1.8000208e+01
   5.9575000e+02   1.8000207e+01
   5.9600000e+02   1.8000206e+01
   5.9625000e+02   1.8000205e+01
   5.9650000e+02   1.8000204e+01
   5.9675000e+02   1.8000203e+01
   5.9700000e+02   1.8000202e+01
   5.9725000e+02   1.8000200e+01
   5.9750000e+02   1.8000199e+01
   5.9775000e+02   1.8000198e+01
   5.9800000e+02   1.8000197e+01
   5.9825000e+02   1.8000196e+01
   5.9850000e+02   1.8000195e+01
   5.9875000e+02   1.8000194e+01
   5.9900000e+02   1.8000193e+01
   5.9925000e+02   1.8000192e+01
   5.9950000e+02   1.8000191e+01
   5.9975000e+02   1.8000190e+01
   6.0000000e+02   1.8000189e+01
