   0.0000000e+00   8.2842105e+01
   2.5000000e-01   8.2650895e+01
   5.0000000e-01   8.2460352e+01
   7.5000000e-01   8.2270473e+01
   1.0000000e+00   8.2081256e+01
   1.2500000e+00   8.1892699e+01
   1.5000000e+00   8.1704799e+01
   1.7500000e+00   8.1517554e+01
   2.0000000e+00   8.1330962e+01
   2.2500000e+00   8.1145021e+01
   2.5000000e+00   8.0959728e+01
   2.7500000e+00   8.0775081e+01
   3.0000000e+00   8.0591078e+01
   3.2500000e+00   8.0407716e+01
   3.5000000e+00   8.0224994e+01
   3.7500000e+00   8.0042908e+01
   4.0000000e+00   7.9861458e+01
   4.2500000e+00   7.9680640e+01
   4.5000000e+00   7.9500453e+01
   4.7500000e+00   7.9320893e+01
   5.0000000e+00   7.9141960e+01
   5.2500000e+00   7.8963651e+01
   5.5000000e+00   7.8785964e+01
   5.7500000e+00   7.8608895e+01
   6.0000000e+00   7.8432445e+01
   6.2500000e+00   7.8256609e+01
   6.5000000e+00   7.8081387e+01
   6.7500000e+00   7.7906775e+01
   7.0000000e+00   7.7732773e+01
   7.2500000e+00   7.7559377e+01
   7.5000000e+00   7.7386585e+01
   7.7500000e+00   7.7214396e+01
   8.0000000e+00   7.7042807e+01
   8.2500000e+00   7.6871817e+01
   8.5000000e+00   7.6701423e+01
   8.7500000e+00   7.6531623e+01
   9.0000000e+00   7.6362414e+01
   9.2500000e+00   7.6193796e+01
   9.5000000e+00   7.6025766e+01
   9.7500000e+00   7.5858321e+01
   1.0000000e+01   7.5691461e+01
   1.0250000e+01   7.5525182e+01
   1.0500000e+01   7.5359483e+01
   1.0750000e+01   7.5194361e+01
   1.1000000e+01   7.5029815e+01
   1.1250000e+01   7.4865843e+01
   1.1500000e+01   7.4702443e+01
   1.1750000e+01   7.4539612e+01
   1.2000000e+01   7.4377350e+01
   1.2250000e+01   7.4215652e+01
   1.2500000e+01   7.4054519e+01
   1.2750000e+01   7.3893947e+01
   1.3000000e+01   7.3733936e+01
   1.3250000e+01   7.3574482e+01
   1.3500000e+01   7.3415584e+01
   1.3750000e+01   7.3257240e+01
   1.4000000e+01   7.3099448e+01
   1.4250000e+01   7.2942206e+01
   1.4500000e+01   7.2785513e+01
   1.4750000e+01   7.2629366e+01
   1.5000000e+01   7.2473763e+01
   1.5250000e+01   7.2318703e+01
   1.5500000e+01   7.2164183e+01
   1.5750000e+01   7.2010202e+01
   1.6000000e+01   7.1856758e+01
   1.6250000e+01   7.1703849e+01
   1.6500000e+01   7.1551473e+01
   1.6750000e+01   7.1399629e+01
   1.7000000e+01   7.1248314e+01
   1.7250000e+01   7.1097526e+01
   1.7500000e+01   7.0947264e+01
   1.7750000e+01   7.0797526e+01
   1.8000000e+01   7.0648310e+01
   1.8250000e+01   7.0499615e+01
   1.8500000e+01   7.0351437e+01
   1.8750000e+01   7.0203777e+01
   1.9000000e+01   7.0056631e+01
   1.9250000e+01   6.9909998e+01
   1.9500000e+01   6.9763877e+01
   1.9750000e+01   6.9618265e+01
   2.0000000e+01   6.9473160e+01
   2.0250000e+01   6.9328562e+01
   2.0500000e+01   6.9184468e+01
   2.0750000e+01   6.9040876e+01
   2.1000000e+01   6.8897784e+01
   2.1250000e+01   6.8755192e+01
   2.1500000e+01   6.8613097e+01
   2.1750000e+01   6.8471497e+01
   2.2000000e+01   6.8330391e+01
   2.2250000e+01   6.8189777e+01
   2.2500000e+01   6.8049653e+01
   2.2750000e+01   6.7910018e+01
   2.3000000e+01   6.7770869e+01
   2.3250000e+01   6.7632206e+01
   2.3500000e+01   6.7494026e+01
   2.3750000e+01   6.7356328e+01
   2.4000000e+01   6.7219110e+01
   2.4250000e+01   6.7082370e+01
   2.4500000e+01   6.6946107e+01
   2.4750000e+01   6.6810320e+01
   2.5000000e+01   6.6675005e+01
   2.5250000e+01   6.6540163e+01
   2.5500000e+01   6.6405791e+01
   2.5750000e+01   6.6271887e+01
   2.6000000e+01   6.6138450e+01
   2.6250000e+01   6.6005478e+01
   2.6500000e+01   6.5872970e+01
   2.6750000e+01   6.5740923e+01
   2.7000000e+01   6.5609338e+01
   2.7250000e+01   6.5478211e+01
   2.7500000e+01   6.5347541e+01
   2.7750000e+01   6.5217327e+01
   2.8000000e+01   6.5087566e+01
   2.8250000e+01   6.4958258e+01
   2.8500000e+01   6.4829401e+01
   2.8750000e+01   6.4700994e+01
   2.9000000e+01   6.4573034e+01
   2.9250000e+01   6.4445520e+01
   2.9500000e+01   6.4318450e+01
   2.9750000e+01   6.4191824e+01
   3.0000000e+01   6.4065639e+01
   3.0250000e+01   6.3939895e+01
   3.0500000e+01   6.3814588e+01
   3.0750000e+01   6.3689719e+01
   3.1000000e+01   6.3565285e+01
   3.1250000e+01   6.3441284e+01
   3.1500000e+01   6.3317716e+01
   3.1750000e+01   6.3194579e+01
   3.2000000e+01   6.3071871e+01
   3.2250000e+01   6.2949591e+01
   3.2500000e+01   6.2827738e+01
   3.2750000e+01   6.2706309e+01
   3.3000000e+01   6.2585303e+01
   3.3250000e+01   6.2464720e+01
   3.3500000e+01   6.2344557e+01
   3.3750000e+01   6.2224812e+01
   3.4000000e+01   6.2105486e+01
   3.4250000e+01   6.1986575e+01
   3.4500000e+01   6.1868079e+01
   3.4750000e+01   6.1749996e+01
   3.5000000e+01   6.1632325e+01
   3.5250000e+01   6.1515064e+01
   3.5500000e+01   6.1398212e+01
   3.5750000e+01   6.1281767e+01
   3.6000000e+01   6.1165728e+01
   3.6250000e+01   6.1050094e+01
   3.6500000e+01   6.0934863e+01
   3.6750000e+01   6.0820034e+01
   3.7000000e+01   6.0705605e+01
   3.7250000e+01   6.0591575e+01
   3.7500000e+01   6.0477943e+01
   3.7750000e+01   6.0364707e+01
   3.8000000e+01   6.0251866e+01
   3.8250000e+01   6.0139418e+01
   3.8500000e+01   6.0027362e+01
   3.8750000e+01   5.9915697e+01
   3.9000000e+01   5.9804421e+01
   3.9250000e+01   5.9693533e+01
   3.9500000e+01   5.9583032e+01
   3.9750000e+01   5.9472916e+01
   4.0000000e+01   5.9363184e+01
   4.0250000e+01   5.9253834e+01
   4.0500000e+01   5.9144866e+01
   4.0750000e+01   5.9036278e+01
   4.1000000e+01   5.8928068e+01
   4.1250000e+01   5.8820236e+01
   4.1500000e+01   5.8712779e+01
   4.1750000e+01   5.8605697e+01
   4.2000000e+01   5.8498989e+01
   4.2250000e+01   5.8392653e+01
   4.2500000e+01   5.8286687e+01
   4.2750000e+01   5.8181091e+01
   4.3000000e+01   5.8075863e+01
   4.3250000e+01   5.7971002e+01
   4.3500000e+01   5.7866506e+01
   4.3750000e+01   5.7762375e+01
   4.4000000e+01   5.7658607e+01
   4.4250000e+01   5.7555200e+01
   4.4500000e+01   5.7452155e+01
   4.4750000e+01   5.7349468e+01
   4.5000000e+01   5.7247139e+01
   4.5250000e+01   5.7145168e+01
   4.5500000e+01   5.7043551e+01
   4.5750000e+01   5.6942290e+01
   4.6000000e+01   5.6841381e+01
   4.6250000e+01   5.6740824e+01
   4.6500000e+01   5.6640617e+01
   4.6750000e+01   5.6540760e+01
   4.7000000e+01   5.6441251e+01
   4.7250000e+01   5.6342089e+01
   4.7500000e+01   5.6243273e+01
   4.7750000e+01   5.6144801e+01
   4.8000000e+01   5.6046673e+01
   4.8250000e+01   5.5948887e+01
   4.8500000e+01   5.5851441e+01
   4.8750000e+01   5.5754336e+01
   4.9000000e+01   5.5657569e+01
   4.9250000e+01   5.5561139e+01
   4.9500000e+01   5.5465046e+01
   4.9750000e+01   5.5369287e+01
   5.0000000e+01   5.5273863e+01
   5.0250000e+01   5.5178771e+01
   5.0500000e+01   5.5084011e+01
   5.0750000e+01   5.4989581e+01
   5.1000000e+01   5.4895480e+01
   5.1250000e+01   5.4801707e+01
   5.1500000e+01   5.4708262e+01
   5.1750000e+01   5.4615142e+01
   5.2000000e+01   5.4522347e+01
   5.2250000e+01   5.4429875e+01
   5.2500000e+01   5.4337726e+01
   5.2750000e+01   5.4245898e+01
   5.3000000e+01   5.4154390e+01
   5.3250000e+01   5.4063202e+01
   5.3500000e+01   5.3972331e+01
   5.3750000e+01   5.3881777e+01
   5.4000000e+01   5.3791539e+01
   5.4250000e+01   5.3701615e+01
   5.4500000e+01   5.3612005e+01
   5.4750000e+01   5.3522707e+01
   5.5000000e+01   5.3433721e+01
   5.5250000e+01   5.3345045e+01
   5.5500000e+01   5.3256678e+01
   5.5750000e+01   5.3168619e+01
   5.6000000e+01   5.3080867e+01
   5.6250000e+01   5.2993422e+01
   5.6500000e+01   5.2906281e+01
   5.6750000e+01   5.2819444e+01
   5.7000000e+01   5.2732909e+01
   5.7250000e+01   5.2646677e+01
   5.7500000e+01   5.2560745e+01
   5.7750000e+01   5.2475112e+01
   5.8000000e+01   5.2389778e+01
   5.8250000e+01   5.2304742e+01
   5.8500000e+01   5.2220002e+01
   5.8750000e+01   5.2135558e+01
   5.9000000e+01   5.2051408e+01
   5.9250000e+01   5.1967551e+01
   5.9500000e+01   5.1883987e+01
   5.9750000e+01   5.1800714e+01
   6.0000000e+01   5.1717732e+01
   6.0250000e+01   5.1635039e+01
   6.0500000e+01   5.1552634e+01
   6.0750000e+01   5.1470516e+01
   6.1000000e+01   5.1388685e+01
   6.1250000e+01   5.1307139e+01
   6.1500000e+01   5.1225878e+01
   6.1750000e+01   5.1144899e+01
   6.2000000e+01   5.1064203e+01
   6.2250000e+01   5.0983789e+01
   6.2500000e+01   5.0903654e+01
   6.2750000e+01   5.0823800e+01
   6.3000000e+01   5.0744223e+01
   6.3250000e+01   5.0664924e+01
   6.3500000e+01   5.0585902e+01
   6.3750000e+01   5.0507155e+01
   6.4000000e+01   5.0428682e+01
   6.4250000e+01   5.0350483e+01
   6.4500000e+01   5.0272557e+01
   6.4750000e+01   5.0194903e+01
   6.5000000e+01   5.0117519e+01
   6.5250000e+01   5.0040405e+01
   6.5500000e+01   4.9963560e+01
   6.5750000e+01   4.9886983e+01
   6.6000000e+01   4.9810673e+01
   6.6250000e+01   4.9734629e+01
   6.6500000e+01   4.9658850e+01
   6.6750000e+01   4.9583335e+01
   6.7000000e+01   4.9508083e+01
   6.7250000e+01   4.9433094e+01
   6.7500000e+01   4.9358367e+01
   6.7750000e+01   4.9283899e+01
   6.8000000e+01   4.9209692e+01
   6.8250000e+01   4.9135743e+01
   6.8500000e+01   4.9062052e+01
   6.8750000e+01   4.8988618e+01
   6.9000000e+01   4.8915440e+01
   6.9250000e+01   4.8842517e+01
   6.9500000e+01   4.8769849e+01
   6.9750000e+01   4.8697434e+01
   7.0000000e+01   4.8625271e+01
   7.0250000e+01   4.8553360e+01
   7.0500000e+01   4.8481699e+01
   7.0750000e+01   4.8410289e+01
   7.1000000e+01   4.8339127e+01
   7.1250000e+01   4.8268214e+01
   7.1500000e+01   4.8197547e+01
   7.1750000e+01   4.8127128e+01
   7.2000000e+01   4.8056953e+01
   7.2250000e+01   4.7987024e+01
   7.2500000e+01   4.7917338e+01
   7.2750000e+01   4.7847895e+01
   7.3000000e+01   4.7778694e+01
   7.3250000e+01   4.7709735e+01
   7.3500000e+01   4.7641016e+01
   7.3750000e+01   4.7572536e+01
   7.4000000e+01   4.7504295e+01
   7.4250000e+01   4.7436293e+01
   7.4500000e+01   4.7368527e+01
   7.4750000e+01   4.7300997e+01
   7.5000000e+01   4.7233703e+01
   7.5250000e+01   4.7166644e+01
   7.5500000e+01   4.7099818e+01
   7.5750000e+01   4.7033226e+01
   7.6000000e+01   4.6966866e+01
   7.6250000e+01   4.6900737e+01
   7.6500000e+01   4.6834838e+01
   7.6750000e+01   4.6769169e+01
   7.7000000e+01   4.6703730e+01
   7.7250000e+01   4.6638518e+01
   7.7500000e+01   4.6573534e+01
   7.7750000e+01   4.6508776e+01
   7.8000000e+01   4.6444244e+01
   7.8250000e+01   4.6379937e+01
   7.8500000e+01   4.6315855e+01
   7.8750000e+01   4.6251996e+01
   7.9000000e+01   4.6188359e+01
   7.9250000e+01   4.6124944e+01
   7.9500000e+01   4.6061751e+01
   7.9750000e+01   4.5998777e+01
   8.0000000e+01   4.5936024e+01
   8.0250000e+01   4.5873489e+01
   8.0500000e+01   4.5811172e+01
   8.0750000e+01   4.5749072e+01
   8.1000000e+01   4.5687189e+01
   8.1250000e+01   4.5625522e+01
   8.1500000e+01   4.5564069e+01
   8.1750000e+01   4.5502831e+01
   8.2000000e+01   4.5441807e+01
   8.2250000e+01   4.5380995e+01
   8.2500000e+01   4.5320395e+01
   8.2750000e+01   4.5260007e+01
   8.3000000e+01   4.5199829e+01
   8.3250000e+01   4.5139860e+01
   8.3500000e+01   4.5080101e+01
   8.3750000e+01   4.5020551e+01
   8.4000000e+01   4.4961208e+01
   8.4250000e+01   4.4902071e+01
   8.4500000e+01   4.4843141e+01
   8.4750000e+01   4.4784417e+01
   8.5000000e+01   4.4725897e+01
   8.5250000e+01   4.4667581e+01
   8.5500000e+01   4.4609469e+01
   8.5750000e+01   4.4551559e+01
   8.6000000e+01   4.4493851e+01
   8.6250000e+01   4.4436344e+01
   8.6500000e+01   4.4379038e+01
   8.6750000e+01   4.4321932e+01
   8.7000000e+01   4.4265025e+01
   8.7250000e+01   4.4208316e+01
   8.7500000e+01   4.4151804e+01
   8.7750000e+01   4.4095490e+01
   8.8000000e+01   4.4039372e+01
   8.8250000e+01   4.3983450e+01
   8.8500000e+01   4.3927723e+01
   8.8750000e+01   4.3872190e+01
   8.9000000e+01   4.3816851e+01
   8.9250000e+01   4.3761705e+01
   8.9500000e+01   4.3706751e+01
   8.9750000e+01   4.3651988e+01
   9.0000000e+01   4.3597417e+01
   9.0250000e+01   4.3543035e+01
   9.0500000e+01   4.3488844e+01
   9.0750000e+01   4.3434841e+01
   9.1000000e+01   4.3381027e+01
   9.1250000e+01   4.3327400e+01
   9.1500000e+01   4.3273960e+01
   9.1750000e+01   4.3220707e+01
   9.2000000e+01   4.3167639e+01
   9.2250000e+01   4.3114756e+01
   9.2500000e+01   4.3062057e+01
   9.2750000e+01   4.3009543e+01
   9.3000000e+01   4.2957211e+01
   9.3250000e+01   4.2905062e+01
   9.3500000e+01   4.2853095e+01
   9.3750000e+01   4.2801309e+01
   9.4000000e+01   4.2749703e+01
   9.4250000e+01   4.2698277e+01
   9.4500000e+01   4.2647031e+01
   9.4750000e+01   4.2595963e+01
   9.5000000e+01   4.2545074e+01
   9.5250000e+01   4.2494362e+01
   9.5500000e+01   4.2443826e+01
   9.5750000e+01   4.2393467e+01
   9.6000000e+01   4.2343283e+01
   9.6250000e+01   4.2293275e+01
   9.6500000e+01   4.2243440e+01
   9.6750000e+01   4.2193780e+01
   9.7000000e+01   4.2144292e+01
   9.7250000e+01   4.2094978e+01
   9.7500000e+01   4.2045835e+01
   9.7750000e+01   4.1996863e+01
   9.8000000e+01   4.1948062e+01
   9.8250000e+01   4.1899432e+01
   9.8500000e+01   4.1850970e+01
   9.8750000e+01   4.1802678e+01
   9.9000000e+01   4.1754555e+01
   9.9250000e+01   4.1706599e+01
   9.9500000e+01   4.1658810e+01
   9.9750000e+01   4.1611188e+01
   1.0000000e+02   4.1563731e+01
   1.0025000e+02   4.1516441e+01
   1.0050000e+02   4.1469315e+01
   1.0075000e+02   4.1422353e+01
   1.0100000e+02   4.1375556e+01
   1.0125000e+02   4.1328921e+01
   1.0150000e+02   4.1282449e+01
   1.0175000e+02   4.1236139e+01
   1.0200000e+02   4.1189990e+01
   1.0225000e+02   4.1144003e+01
   1.0250000e+02   4.1098176e+01
   1.0275000e+02   4.1052508e+01
   1.0300000e+02   4.1007000e+01
   1.0325000e+02   4.0961650e+01
   1.0350000e+02   4.0916459e+01
   1.0375000e+02   4.0871425e+01
   1.0400000e+02   4.0826548e+01
   1.0425000e+02   4.0781827e+01
   1.0450000e+02   4.0737263e+01
   1.0475000e+02   4.0692854e+01
   1.0500000e+02   4.0648599e+01
   1.0525000e+02   4.0604499e+01
   1.0550000e+02   4.0560553e+01
   1.0575000e+02   4.0516760e+01
   1.0600000e+02   4.0473120e+01
   1.0625000e+02   4.0429631e+01
   1.0650000e+02   4.0386295e+01
   1.0675000e+02   4.0343109e+01
   1.0700000e+02   4.0300074e+01
   1.0725000e+02   4.0257189e+01
   1.0750000e+02   4.0214454e+01
   1.0775000e+02   4.0171868e+01
   1.0800000e+02   4.0129430e+01
   1.0825000e+02   4.0087140e+01
   1.0850000e+02   4.0044997e+01
   1.0875000e+02   4.0003002e+01
   1.0900000e+02   3.9961153e+01
   1.0925000e+02   3.9919450e+01
   1.0950000e+02   3.9877892e+01
   1.0975000e+02   3.9836479e+01
   1.1000000e+02   3.9795210e+01
   1.1025000e+02   3.9754086e+01
   1.1050000e+02   3.9713104e+01
   1.1075000e+02   3.9672266e+01
   1.1100000e+02   3.9631570e+01
   1.1125000e+02   3.9591016e+01
   1.1150000e+02   3.9550603e+01
   1.1175000e+02   3.9510331e+01
   1.1200000e+02   3.9470200e+01
   1.1225000e+02   3.9430208e+01
   1.1250000e+02   3.9390356e+01
   1.1275000e+02   3.9350643e+01
   1.1300000e+02   3.9311069e+01
   1.1325000e+02   3.9271632e+01
   1.1350000e+02   3.9232333e+01
   1.1375000e+02   3.9193171e+01
   1.1400000e+02   3.9154145e+01
   1.1425000e+02   3.9115256e+01
   1.1450000e+02   3.9076502e+01
   1.1475000e+02   3.9037883e+01
   1.1500000e+02   3.8999399e+01
   1.1525000e+02   3.8961049e+01
   1.1550000e+02   3.8922832e+01
   1.1575000e+02   3.8884749e+01
   1.1600000e+02   3.8846799e+01
   1.1625000e+02   3.8808981e+01
   1.1650000e+02   3.8771295e+01
   1.1675000e+02   3.8733740e+01
   1.1700000e+02   3.8696316e+01
   1.1725000e+02   3.8659023e+01
   1.1750000e+02   3.8621860e+01
   1.1775000e+02   3.8584826e+01
   1.1800000e+02   3.8547922e+01
   1.1825000e+02   3.8511146e+01
   1.1850000e+02   3.8474498e+01
   1.1875000e+02   3.8437978e+01
   1.1900000e+02   3.8401585e+01
   1.1925000e+02   3.8365320e+01
   1.1950000e+02   3.8329181e+01
   1.1975000e+02   3.8293167e+01
   1.2000000e+02   3.8257280e+01
   1.2025000e+02   3.8221517e+01
   1.2050000e+02   3.8185879e+01
   1.2075000e+02   3.8150365e+01
   1.2100000e+02   3.8114976e+01
   1.2125000e+02   3.8079709e+01
   1.2150000e+02   3.8044566e+01
   1.2175000e+02   3.8009545e+01
   1.2200000e+02   3.7974646e+01
   1.2225000e+02   3.7939869e+01
   1.2250000e+02   3.7905213e+01
   1.2275000e+02   3.7870678e+01
   1.2300000e+02   3.7836263e+01
   1.2325000e+02   3.7801969e+01
   1.2350000e+02   3.7767793e+01
   1.2375000e+02   3.7733738e+01
   1.2400000e+02   3.7699800e+01
   1.2425000e+02   3.7665981e+01
   1.2450000e+02   3.7632280e+01
   1.2475000e+02   3.7598697e+01
   1.2500000e+02   3.7565231e+01
   1.2525000e+02   3.7531881e+01
   1.2550000e+02   3.7498647e+01
   1.2575000e+02   3.7465530e+01
   1.2600000e+02   3.7432528e+01
   1.2625000e+02   3.7399641e+01
   1.2650000e+02   3.7366868e+01
   1.2675000e+02   3.7334210e+01
   1.2700000e+02   3.7301666e+01
   1.2725000e+02   3.7269235e+01
   1.2750000e+02   3.7236918e+01
   1.2775000e+02   3.7204713e+01
   1.2800000e+02   3.7172620e+01
   1.2825000e+02   3.7140639e+01
   1.2850000e+02   3.7108770e+01
   1.2875000e+02   3.7077011e+01
   1.2900000e+02   3.7045364e+01
   1.2925000e+02   3.7013827e+01
   1.2950000e+02   3.6982400e+01
   1.2975000e+02   3.6951082e+01
   1.3000000e+02   3.6919874e+01
   1.3025000e+02   3.6888774e+01
   1.3050000e+02   3.6857783e+01
   1.3075000e+02   3.6826900e+01
   1.3100000e+02   3.6796124e+01
   1.3125000e+02   3.6765456e+01
   1.3150000e+02   3.6734895e+01
   1.3175000e+02   3.6704440e+01
   1.3200000e+02   3.6674092e+01
   1.3225000e+02   3.6643849e+01
   1.3250000e+02   3.6613712e+01
   1.3275000e+02   3.6583679e+01
   1.3300000e+02   3.6553752e+01
   1.3325000e+02   3.6523929e+01
   1.3350000e+02   3.6494210e+01
   1.3375000e+02   3.6464594e+01
   1.3400000e+02   3.6435082e+01
   1.3425000e+02   3.6405672e+01
   1.3450000e+02   3.6376366e+01
   1.3475000e+02   3.6347161e+01
   1.3500000e+02   3.6318058e+01
   1.3525000e+02   3.6289057e+01
   1.3550000e+02   3.6260157e+01
   1.3575000e+02   3.6231357e+01
   1.3600000e+02   3.6202658e+01
   1.3625000e+02   3.6174059e+01
   1.3650000e+02   3.6145560e+01
   1.3675000e+02   3.6117160e+01
   1.3700000e+02   3.6088859e+01
   1.3725000e+02   3.6060657e+01
   1.3750000e+02   3.6032553e+01
   1.3775000e+02   3.6004547e+01
   1.3800000e+02   3.5976638e+01
   1.3825000e+02   3.5948827e+01
   1.3850000e+02   3.5921113e+01
   1.3875000e+02   3.5893496e+01
   1.3900000e+02   3.5865975e+01
   1.3925000e+02   3.5838550e+01
   1.3950000e+02   3.5811220e+01
   1.3975000e+02   3.5783986e+01
   1.4000000e+02   3.5756847e+01
   1.4025000e+02   3.5729802e+01
   1.4050000e+02   3.5702852e+01
   1.4075000e+02   3.5675995e+01
   1.4100000e+02   3.5649232e+01
   1.4125000e+02   3.5622563e+01
   1.4150000e+02   3.5595986e+01
   1.4175000e+02   3.5569503e+01
   1.4200000e+02   3.5543111e+01
   1.4225000e+02   3.5516812e+01
   1.4250000e+02   3.5490604e+01
   1.4275000e+02   3.5464487e+01
   1.4300000e+02   3.5438462e+01
   1.4325000e+02   3.5412528e+01
   1.4350000e+02   3.5386683e+01
   1.4375000e+02   3.5360929e+01
   1.4400000e+02   3.5335265e+01
   1.4425000e+02   3.5309690e+01
   1.4450000e+02   3.5284205e+01
   1.4475000e+02   3.5258808e+01
   1.4500000e+02   3.5233500e+01
   1.4525000e+02   3.5208280e+01
   1.4550000e+02   3.5183147e+01
   1.4575000e+02   3.5158103e+01
   1.4600000e+02   3.5133146e+01
   1.4625000e+02   3.5108276e+01
   1.4650000e+02   3.5083492e+01
   1.4675000e+02   3.5058795e+01
   1.4700000e+02   3.5034185e+01
   1.4725000e+02   3.5009659e+01
   1.4750000e+02   3.4985220e+01
   1.4775000e+02   3.4960866e+01
   1.4800000e+02   3.4936596e+01
   1.4825000e+02   3.4912411e+01
   1.4850000e+02   3.4888311e+01
   1.4875000e+02   3.4864294e+01
   1.4900000e+02   3.4840362e+01
   1.4925000e+02   3.4816512e+01
   1.4950000e+02   3.4792746e+01
   1.4975000e+02   3.4769063e+01
   1.5000000e+02   3.4745462e+01
   1.5025000e+02   3.4721944e+01
   1.5050000e+02   3.4698507e+01
   1.5075000e+02   3.4675153e+01
   1.5100000e+02   3.4651879e+01
   1.5125000e+02   3.4628687e+01
   1.5150000e+02   3.4605576e+01
   1.5175000e+02   3.4582545e+01
   1.5200000e+02   3.4559595e+01
   1.5225000e+02   3.4536724e+01
   1.5250000e+02   3.4513934e+01
   1.5275000e+02   3.4491223e+01
   1.5300000e+02   3.4468591e+01
   1.5325000e+02   3.4446037e+01
   1.5350000e+02   3.4423563e+01
   1.5375000e+02   3.4401167e+01
   1.5400000e+02   3.4378849e+01
   1.5425000e+02   3.4356609e+01
   1.5450000e+02   3.4334446e+01
   1.5475000e+02   3.4312361e+01
   1.5500000e+02   3.4290352e+01
   1.5525000e+02   3.4268421e+01
   1.5550000e+02   3.4246565e+01
   1.5575000e+02   3.4224786e+01
   1.5600000e+02   3.4203083e+01
   1.5625000e+02   3.4181456e+01
   1.5650000e+02   3.4159904e+01
   1.5675000e+02   3.4138427e+01
   1.5700000e+02   3.4117025e+01
   1.5725000e+02   3.4095698e+01
   1.5750000e+02   3.4074445e+01
   1.5775000e+02   3.4053266e+01
   1.5800000e+02   3.4032161e+01
   1.5825000e+02   3.4011129e+01
   1.5850000e+02   3.3990171e+01
   1.5875000e+02   3.3969286e+01
   1.5900000e+02   3.3948474e+01
   1.5925000e+02   3.3927734e+01
   1.5950000e+02   3.3907067e+01
   1.5975000e+02   3.3886472e+01
   1.6000000e+02   3.3865948e+01
   1.6025000e+02   3.3845496e+01
   1.6050000e+02   3.3825116e+01
   1.6075000e+02   3.3804806e+01
   1.6100000e+02   3.3784567e+01
   1.6125000e+02   3.3764399e+01
   1.6150000e+02   3.3744301e+01
   1.6175000e+02   3.3724273e+01
   1.6200000e+02   3.3704315e+01
   1.6225000e+02   3.3684427e+01
   1.6250000e+02   3.3664608e+01
   1.6275000e+02   3.3644858e+01
   1.6300000e+02   3.3625177e+01
   1.6325000e+02   3.3605564e+01
   1.6350000e+02   3.3586020e+01
   1.6375000e+02   3.3566544e+01
   1.6400000e+02   3.3547136e+01
   1.6425000e+02   3.3527796e+01
   1.6450000e+02   3.3508523e+01
   1.6475000e+02   3.3489317e+01
   1.6500000e+02   3.3470178e+01
   1.6525000e+02   3.3451106e+01
   1.6550000e+02   3.3432100e+01
   1.6575000e+02   3.3413161e+01
   1.6600000e+02   3.3394288e+01
   1.6625000e+02   3.3375480e+01
   1.6650000e+02   3.3356739e+01
   1.6675000e+02   3.3338062e+01
   1.6700000e+02   3.3319450e+01
   1.6725000e+02   3.3300904e+01
   1.6750000e+02   3.3282422e+01
   1.6775000e+02   3.3264005e+01
   1.6800000e+02   3.3245651e+01
   1.6825000e+02   3.3227362e+01
   1.6850000e+02   3.3209137e+01
   1.6875000e+02   3.3190975e+01
   1.6900000e+02   3.3172876e+01
   1.6925000e+02   3.3154841e+01
   1.6950000e+02   3.3136868e+01
   1.6975000e+02   3.3118958e+01
   1.7000000e+02   3.3101110e+01
   1.7025000e+02   3.3083325e+01
   1.7050000e+02   3.3065602e+01
   1.7075000e+02   3.3047940e+01
   1.7100000e+02   3.3030340e+01
   1.7125000e+02   3.3012802e+01
   1.7150000e+02   3.2995324e+01
   1.7175000e+02   3.2977908e+01
   1.7200000e+02   3.2960552e+01
   1.7225000e+02   3.2943257e+01
   1.7250000e+02   3.2926022e+01
   1.7275000e+02   3.2908847e+01
   1.7300000e+02   3.2891732e+01
   1.7325000e+02   3.2874677e+01
   1.7350000e+02   3.2857681e+01
   1.7375000e+02   3.2840745e+01
   1.7400000e+02   3.2823867e+01
   1.7425000e+02   3.2807048e+01
   1.7450000e+02   3.2790288e+01
   1.7475000e+02   3.2773587e+01
   1.7500000e+02   3.2756943e+01
   1.7525000e+02   3.2740358e+01
   1.7550000e+02   3.2723830e+01
   1.7575000e+02   3.2707361e+01
   1.7600000e+02   3.2690948e+01
   1.7625000e+02   3.2674593e+01
   1.7650000e+02   3.2658295e+01
   1.7675000e+02   3.2642053e+01
   1.7700000e+02   3.2625868e+01
   1.7725000e+02   3.2609740e+01
   1.7750000e+02   3.2593668e+01
   1.7775000e+02   3.2577652e+01
   1.7800000e+02   3.2561692e+01
   1.7825000e+02   3.2545787e+01
   1.7850000e+02   3.2529938e+01
   1.7875000e+02   3.2514144e+01
   1.7900000e+02   3.2498405e+01
   1.7925000e+02   3.2482721e+01
   1.7950000e+02   3.2467092e+01
   1.7975000e+02   3.2451517e+01
   1.8000000e+02   3.2435997e+01
   1.8025000e+02   3.2420531e+01
   1.8050000e+02   3.2405118e+01
   1.8075000e+02   3.2389759e+01
   1.8100000e+02   3.2374454e+01
   1.8125000e+02   3.2359202e+01
   1.8150000e+02   3.2344004e+01
   1.8175000e+02   3.2328858e+01
   1.8200000e+02   3.2313765e+01
   1.8225000e+02   3.2298725e+01
   1.8250000e+02   3.2283738e+01
   1.8275000e+02   3.2268802e+01
   1.8300000e+02   3.2253919e+01
   1.8325000e+02   3.2239087e+01
   1.8350000e+02   3.2224307e+01
   1.8375000e+02   3.2209579e+01
   1.8400000e+02   3.2194902e+01
   1.8425000e+02   3.2180276e+01
   1.8450000e+02   3.2165702e+01
   1.8475000e+02   3.2151178e+01
   1.8500000e+02   3.2136704e+01
   1.8525000e+02   3.2122282e+01
   1.8550000e+02   3.2107909e+01
   1.8575000e+02   3.2093586e+01
   1.8600000e+02   3.2079314e+01
   1.8625000e+02   3.2065091e+01
   1.8650000e+02   3.2050918e+01
   1.8675000e+02   3.2036794e+01
   1.8700000e+02   3.2022720e+01
   1.8725000e+02   3.2008694e+01
   1.8750000e+02   3.1994718e+01
   1.8775000e+02   3.1980790e+01
   1.8800000e+02   3.1966911e+01
   1.8825000e+02   3.1953080e+01
   1.8850000e+02   3.1939297e+01
   1.8875000e+02   3.1925563e+01
   1.8900000e+02   3.1911876e+01
   1.8925000e+02   3.1898237e+01
   1.8950000e+02   3.1884646e+01
   1.8975000e+02   3.1871102e+01
   1.9000000e+02   3.1857605e+01
   1.9025000e+02   3.1844155e+01
   1.9050000e+02   3.1830752e+01
   1.9075000e+02   3.1817396e+01
   1.9100000e+02   3.1804087e+01
   1.9125000e+02   3.1790823e+01
   1.9150000e+02   3.1777606e+01
   1.9175000e+02   3.1764436e+01
   1.9200000e+02   3.1751311e+01
   1.9225000e+02   3.1738232e+01
   1.9250000e+02   3.1725198e+01
   1.9275000e+02   3.1712210e+01
   1.9300000e+02   3.1699267e+01
   1.9325000e+02   3.1686369e+01
   1.9350000e+02   3.1673517e+01
   1.9375000e+02   3.1660709e+01
   1.9400000e+02   3.1647945e+01
   1.9425000e+02   3.1635227e+01
   1.9450000e+02   3.1622552e+01
   1.9475000e+02   3.1609922e+01
   1.9500000e+02   3.1597336e+01
   1.9525000e+02   3.1584794e+01
   1.9550000e+02   3.1572295e+01
   1.9575000e+02   3.1559840e+01
   1.9600000e+02   3.1547428e+01
   1.9625000e+02   3.1535060e+01
   1.9650000e+02   3.1522735e+01
   1.9675000e+02   3.1510453e+01
   1.9700000e+02   3.1498213e+01
   1.9725000e+02   3.1486017e+01
   1.9750000e+02   3.1473862e+01
   1.9775000e+02   3.1461751e+01
   1.9800000e+02   3.1449681e+01
   1.9825000e+02   3.1437654e+01
   1.9850000e+02   3.1425668e+01
   1.9875000e+02   3.1413724e+01
   1.9900000e+02   3.1401822e+01
   1.9925000e+02   3.1389961e+01
   1.9950000e+02   3.1378142e+01
   1.9975000e+02   3.1366364e+01
   2.0000000e+02   3.1354627e+01
   2.0025000e+02   3.1342931e+01
   2.0050000e+02   3.1331276e+01
   2.0075000e+02   3.1319661e+01
   2.0100000e+02   3.1308087e+01
   2.0125000e+02   3.1296553e+01
   2.0150000e+02   3.1285059e+01
   2.0175000e+02   3.1273606e+01
   2.0200000e+02   3.1262192e+01
   2.0225000e+02   3.1250818e+01
   2.0250000e+02   3.1239484e+01
   2.0275000e+02   3.1228190e+01
   2.0300000e+02   3.1216934e+01
   2.0325000e+02   3.1205718e+01
   2.0350000e+02   3.1194541e+01
   2.0375000e+02   3.1183403e+01
   2.0400000e+02   3.1172304e+01
   2.0425000e+02   3.1161244e+01
   2.0450000e+02   3.1150222e+01
   2.0475000e+02   3.1139239e+01
   2.0500000e+02   3.1128294e+01
   2.0525000e+02   3.1117387e+01
   2.0550000e+02   3.1106518e+01
   2.0575000e+02   3.1095687e+01
   2.0600000e+02   3.1084893e+01
   2.0625000e+02   3.1074138e+01
   2.0650000e+02   3.1063419e+01
   2.0675000e+02   3.1052739e+01
   2.0700000e+02   3.1042095e+01
   2.0725000e+02   3.1031489e+01
   2.0750000e+02   3.1020919e+01
   2.0775000e+02   3.1010387e+01
   2.0800000e+02   3.0999891e+01
   2.0825000e+02   3.0989432e+01
   2.0850000e+02   3.0979009e+01
   2.0875000e+02   3.0968622e+01
   2.0900000e+02   3.0958272e+01
   2.0925000e+02   3.0947958e+01
   2.0950000e+02   3.0937680e+01
   2.0975000e+02   3.0927437e+01
   2.1000000e+02   3.0917231e+01
   2.1025000e+02   3.0907059e+01
   2.1050000e+02   3.0896924e+01
   2.1075000e+02   3.0886824e+01
   2.1100000e+02   3.0876758e+01
   2.1125000e+02   3.0866728e+01
   2.1150000e+02   3.0856733e+01
   2.1175000e+02   3.0846773e+01
   2.1200000e+02   3.0836848e+01
   2.1225000e+02   3.0826957e+01
   2.1250000e+02   3.0817101e+01
   2.1275000e+02   3.0807279e+01
   2.1300000e+02   3.0797491e+01
   2.1325000e+02   3.0787737e+01
   2.1350000e+02   3.0778018e+01
   2.1375000e+02   3.0768332e+01
   2.1400000e+02   3.0758680e+01
   2.1425000e+02   3.0749062e+01
   2.1450000e+02   3.0739477e+01
   2.1475000e+02   3.0729926e+01
   2.1500000e+02   3.0720408e+01
   2.1525000e+02   3.0710923e+01
   2.1550000e+02   3.0701471e+01
   2.1575000e+02   3.0692052e+01
   2.1600000e+02   3.0682666e+01
   2.1625000e+02   3.0673313e+01
   2.1650000e+02   3.0663992e+01
   2.1675000e+02   3.0654704e+01
   2.1700000e+02   3.0645448e+01
   2.1725000e+02   3.0636225e+01
   2.1750000e+02   3.0627034e+01
   2.1775000e+02   3.0617874e+01
   2.1800000e+02   3.0608747e+01
   2.1825000e+02   3.0599651e+01
   2.1850000e+02   3.0590588e+01
   2.1875000e+02   3.0581555e+01
   2.1900000e+02   3.0572555e+01
   2.1925000e+02   3.0563585e+01
   2.1950000e+02   3.0554647e+01
   2.1975000e+02   3.0545740e+01
   2.2000000e+02   3.0536864e+01
   2.2025000e+02   3.0528019e+01
   2.2050000e+02   3.0519205e+01
   2.2075000e+02   3.0510422e+01
   2.2100000e+02   3.0501669e+01
   2.2125000e+02   3.0492947e+01
   2.2150000e+02   3.0484255e+01
   2.2175000e+02   3.0475594e+01
   2.2200000e+02   3.0466963e+01
   2.2225000e+02   3.0458361e+01
   2.2250000e+02   3.0449790e+01
   2.2275000e+02   3.0441249e+01
   2.2300000e+02   3.0432737e+01
   2.2325000e+02   3.0424255e+01
   2.2350000e+02   3.0415803e+01
   2.2375000e+02   3.0407380e+01
   2.2400000e+02   3.0398987e+01
   2.2425000e+02   3.0390623e+01
   2.2450000e+02   3.0382288e+01
   2.2475000e+02   3.0373982e+01
   2.2500000e+02   3.0365705e+01
   2.2525000e+02   3.0357456e+01
   2.2550000e+02   3.0349237e+01
   2.2575000e+02   3.0341046e+01
   2.2600000e+02   3.0332884e+01
   2.2625000e+02   3.0324750e+01
   2.2650000e+02   3.0316645e+01
   2.2675000e+02   3.0308568e+01
   2.2700000e+02   3.0300519e+01
   2.2725000e+02   3.0292498e+01
   2.2750000e+02   3.0284505e+01
   2.2775000e+02   3.0276540e+01
   2.2800000e+02   3.0268603e+01
   2.2825000e+02   3.0260693e+01
   2.2850000e+02   3.0252811e+01
   2.2875000e+02   3.0244957e+01
   2.2900000e+02   3.0237129e+01
   2.2925000e+02   3.0229330e+01
   2.2950000e+02   3.0221557e+01
   2.2975000e+02   3.0213811e+01
   2.3000000e+02   3.0206093e+01
   2.3025000e+02   3.0198401e+01
   2.3050000e+02   3.0190736e+01
   2.3075000e+02   3.0183098e+01
   2.3100000e+02   3.0175487e+01
   2.3125000e+02   3.0167902e+01
   2.3150000e+02   3.0160343e+01
   2.3175000e+02   3.0152811e+01
   2.3200000e+02   3.0145305e+01
   2.3225000e+02   3.0137825e+01
   2.3250000e+02   3.0130372e+01
   2.3275000e+02   3.0122944e+01
   2.3300000e+02   3.0115542e+01
   2.3325000e+02   3.0108166e+01
   2.3350000e+02   3.0100816e+01
   2.3375000e+02   3.0093491e+01
   2.3400000e+02   3.0086192e+01
   2.3425000e+02   3.0078919e+01
   2.3450000e+02   3.0071671e+01
   2.3475000e+02   3.0064448e+01
   2.3500000e+02   3.0057250e+01
   2.3525000e+02   3.0050077e+01
   2.3550000e+02   3.0042929e+01
   2.3575000e+02   3.0035807e+01
   2.3600000e+02   3.0028709e+01
   2.3625000e+02   3.0021635e+01
   2.3650000e+02   3.0014587e+01
   2.3675000e+02   3.0007563e+01
   2.3700000e+02   3.0000563e+01
   2.3725000e+02   2.9993588e+01
   2.3750000e+02   2.9986638e+01
   2.3775000e+02   2.9979711e+01
   2.3800000e+02   2.9972809e+01
   2.3825000e+02   2.9965930e+01
   2.3850000e+02   2.9959076e+01
   2.3875000e+02   2.9952246e+01
   2.3900000e+02   2.9945439e+01
   2.3925000e+02   2.9938656e+01
   2.3950000e+02   2.9931897e+01
   2.3975000e+02   2.9925161e+01
   2.4000000e+02   2.9918449e+01
   2.4025000e+02   2.9911760e+01
   2.4050000e+02   2.9905095e+01
   2.4075000e+02   2.9898453e+01
   2.4100000e+02   2.9891834e+01
   2.4125000e+02   2.9885238e+01
   2.4150000e+02   2.9878665e+01
   2.4175000e+02   2.9872114e+01
   2.4200000e+02   2.9865587e+01
   2.4225000e+02   2.9859083e+01
   2.4250000e+02   2.9852601e+01
   2.4275000e+02   2.9846142e+01
   2.4300000e+02   2.9839705e+01
   2.4325000e+02   2.9833291e+01
   2.4350000e+02   2.9826899e+01
   2.4375000e+02   2.9820529e+01
   2.4400000e+02   2.9814182e+01
   2.4425000e+02   2.9807857e+01
   2.4450000e+02   2.9801554e+01
   2.4475000e+02   2.9795272e+01
   2.4500000e+02   2.9789013e+01
   2.4525000e+02   2.9782776e+01
   2.4550000e+02   2.9776560e+01
   2.4575000e+02   2.9770366e+01
   2.4600000e+02   2.9764193e+01
   2.4625000e+02   2.9758042e+01
   2.4650000e+02   2.9751913e+01
   2.4675000e+02   2.9745805e+01
   2.4700000e+02   2.9739718e+01
   2.4725000e+02   2.9733652e+01
   2.4750000e+02   2.9727608e+01
   2.4775000e+02   2.9721584e+01
   2.4800000e+02   2.9715582e+01
   2.4825000e+02   2.9709600e+01
   2.4850000e+02   2.9703640e+01
   2.4875000e+02   2.9697700e+01
   2.4900000e+02   2.9691781e+01
   2.4925000e+02   2.9685882e+01
   2.4950000e+02   2.9680005e+01
   2.4975000e+02   2.9674147e+01
   2.5000000e+02   2.9668310e+01
   2.5025000e+02   2.9662493e+01
   2.5050000e+02   2.9656697e+01
   2.5075000e+02   2.9650921e+01
   2.5100000e+02   2.9645165e+01
   2.5125000e+02   2.9639429e+01
   2.5150000e+02   2.9633713e+01
   2.5175000e+02   2.9628017e+01
   2.5200000e+02   2.9622341e+01
   2.5225000e+02   2.9616684e+01
   2.5250000e+02   2.9611048e+01
   2.5275000e+02   2.9605431e+01
   2.5300000e+02   2.9599833e+01
   2.5325000e+02   2.9594255e+01
   2.5350000e+02   2.9588697e+01
   2.5375000e+02   2.9583158e+01
   2.5400000e+02   2.9577638e+01
   2.5425000e+02   2.9572138e+01
   2.5450000e+02   2.9566656e+01
   2.5475000e+02   2.9561194e+01
   2.5500000e+02   2.9555751e+01
   2.5525000e+02   2.9550327e+01
   2.5550000e+02   2.9544921e+01
   2.5575000e+02   2.9539535e+01
   2.5600000e+02   2.9534167e+01
   2.5625000e+02   2.9528818e+01
   2.5650000e+02   2.9523488e+01
   2.5675000e+02   2.9518176e+01
   2.5700000e+02   2.9512883e+01
   2.5725000e+02   2.9507608e+01
   2.5750000e+02   2.9502352e+01
   2.5775000e+02   2.9497114e+01
   2.5800000e+02   2.9491894e+01
   2.5825000e+02   2.9486692e+01
   2.5850000e+02   2.9481509e+01
   2.5875000e+02   2.9476344e+01
   2.5900000e+02   2.9471196e+01
   2.5925000e+02   2.9466067e+01
   2.5950000e+02   2.9460955e+01
   2.5975000e+02   2.9455862e+01
   2.6000000e+02   2.9450786e+01
   2.6025000e+02   2.9445727e+01
   2.6050000e+02   2.9440687e+01
   2.6075000e+02   2.9435664e+01
   2.6100000e+02   2.9430658e+01
   2.6125000e+02   2.9425670e+01
   2.6150000e+02   2.9420700e+01
   2.6175000e+02   2.9415746e+01
   2.6200000e+02   2.9410810e+01
   2.6225000e+02   2.9405891e+01
   2.6250000e+02   2.9400990e+01
   2.6275000e+02   2.9396105e+01
   2.6300000e+02   2.9391237e+01
   2.6325000e+02   2.9386387e+01
   2.6350000e+02   2.9381553e+01
   2.6375000e+02   2.9376736e+01
   2.6400000e+02   2.9371936e+01
   2.6425000e+02   2.9367153e+01
   2.6450000e+02   2.9362386e+01
   2.6475000e+02   2.9357636e+01
   2.6500000e+02   2.9352903e+01
   2.6525000e+02   2.9348186e+01
   2.6550000e+02   2.9343485e+01
   2.6575000e+02   2.9338801e+01
   2.6600000e+02   2.9334133e+01
   2.6625000e+02   2.9329482e+01
   2.6650000e+02   2.9324846e+01
   2.6675000e+02   2.9320227e+01
   2.6700000e+02   2.9315624e+01
   2.6725000e+02   2.9311037e+01
   2.6750000e+02   2.9306466e+01
   2.6775000e+02   2.9301911e+01
   2.6800000e+02   2.9297372e+01
   2.6825000e+02   2.9292849e+01
   2.6850000e+02   2.9288341e+01
   2.6875000e+02   2.9283849e+01
   2.6900000e+02   2.9279373e+01
   2.6925000e+02   2.9274912e+01
   2.6950000e+02   2.9270467e+01
   2.6975000e+02   2.9266038e+01
   2.7000000e+02   2.9261624e+01
   2.7025000e+02   2.9257225e+01
   2.7050000e+02   2.9252841e+01
   2.7075000e+02   2.9248473e+01
   2.7100000e+02   2.9244120e+01
   2.7125000e+02   2.9239783e+01
   2.7150000e+02   2.9235460e+01
   2.7175000e+02   2.9231153e+01
   2.7200000e+02   2.9226860e+01
   2.7225000e+02   2.9222583e+01
   2.7250000e+02   2.9218320e+01
   2.7275000e+02   2.9214072e+01
   2.7300000e+02   2.9209839e+01
   2.7325000e+02   2.9205621e+01
   2.7350000e+02   2.9201418e+01
   2.7375000e+02   2.9197229e+01
   2.7400000e+02   2.9193055e+01
   2.7425000e+02   2.9188895e+01
   2.7450000e+02   2.9184750e+01
   2.7475000e+02   2.9180619e+01
   2.7500000e+02   2.9176503e+01
   2.7525000e+02   2.9172401e+01
   2.7550000e+02   2.9168313e+01
   2.7575000e+02   2.9164240e+01
   2.7600000e+02   2.9160181e+01
   2.7625000e+02   2.9156136e+01
   2.7650000e+02   2.9152105e+01
   2.7675000e+02   2.9148088e+01
   2.7700000e+02   2.9144085e+01
   2.7725000e+02   2.9140096e+01
   2.7750000e+02   2.9136121e+01
   2.7775000e+02   2.9132160e+01
   2.7800000e+02   2.9128213e+01
   2.7825000e+02   2.9124279e+01
   2.7850000e+02   2.9120359e+01
   2.7875000e+02   2.9116453e+01
   2.7900000e+02   2.9112561e+01
   2.7925000e+02   2.9108682e+01
   2.7950000e+02   2.9104816e+01
   2.7975000e+02   2.9100964e+01
   2.8000000e+02   2.9097125e+01
   2.8025000e+02   2.9093300e+01
   2.8050000e+02   2.9089488e+01
   2.8075000e+02   2.9085690e+01
   2.8100000e+02   2.9081905e+01
   2.8125000e+02   2.9078132e+01
   2.8150000e+02   2.9074373e+01
   2.8175000e+02   2.9070628e+01
   2.8200000e+02   2.9066895e+01
   2.8225000e+02   2.9063175e+01
   2.8250000e+02   2.9059468e+01
   2.8275000e+02   2.9055774e+01
   2.8300000e+02   2.9052093e+01
   2.8325000e+02   2.9048425e+01
   2.8350000e+02   2.9044770e+01
   2.8375000e+02   2.9041127e+01
   2.8400000e+02   2.9037497e+01
   2.8425000e+02   2.9033880e+01
   2.8450000e+02   2.9030275e+01
   2.8475000e+02   2.9026683e+01
   2.8500000e+02   2.9023103e+01
   2.8525000e+02   2.9019536e+01
   2.8550000e+02   2.9015982e+01
   2.8575000e+02   2.9012439e+01
   2.8600000e+02   2.9008909e+01
   2.8625000e+02   2.9005392e+01
   2.8650000e+02   2.9001886e+01
   2.8675000e+02   2.8998393e+01
   2.8700000e+02   2.8994912e+01
   2.8725000e+02   2.8991444e+01
   2.8750000e+02   2.8987987e+01
   2.8775000e+02   2.8984542e+01
   2.8800000e+02   2.8981110e+01
   2.8825000e+02   2.8977689e+01
   2.8850000e+02   2.8974280e+01
   2.8875000e+02   2.8970883e+01
   2.8900000e+02   2.8967498e+01
   2.8925000e+02   2.8964125e+01
   2.8950000e+02   2.8960763e+01
   2.8975000e+02   2.8957414e+01
   2.9000000e+02   2.8954076e+01
   2.9025000e+02   2.8950749e+01
   2.9050000e+02   2.8947434e+01
   2.9075000e+02   2.8944131e+01
   2.9100000e+02   2.8940839e+01
   2.9125000e+02   2.8937559e+01
   2.9150000e+02   2.8934290e+01
   2.9175000e+02   2.8931033e+01
   2.9200000e+02   2.8927787e+01
   2.9225000e+02   2.8924552e+01
   2.9250000e+02   2.8921328e+01
   2.9275000e+02   2.8918116e+01
   2.9300000e+02   2.8914915e+01
   2.9325000e+02   2.8911725e+01
   2.9350000e+02   2.8908546e+01
   2.9375000e+02   2.8905379e+01
   2.9400000e+02   2.8902222e+01
   2.9425000e+02   2.8899076e+01
   2.9450000e+02   2.8895942e+01
   2.9475000e+02   2.8892818e+01
   2.9500000e+02   2.8889705e+01
   2.9525000e+02   2.8886603e+01
   2.9550000e+02   2.8883512e+01
   2.9575000e+02   2.8880431e+01
   2.9600000e+02   2.8877362e+01
   2.9625000e+02   2.8874303e+01
   2.9650000e+02   2.8871254e+01
   2.9675000e+02   2.8868217e+01
   2.9700000e+02   2.8865190e+01
   2.9725000e+02   2.8862173e+01
   2.9750000e+02   2.8859167e+01
   2.9775000e+02   2.8856172e+01
   2.9800000e+02   2.8853187e+01
   2.9825000e+02   2.8850212e+01
   2.9850000e+02   2.8847248e+01
   2.9875000e+02   2.8844294e+01
   2.9900000e+02   2.8841350e+01
   2.9925000e+02   2.8838416e+01
   2.9950000e+02   2.8835493e+01
   2.9975000e+02   2.8832580e+01
   3.0000000e+02   2.8829677e+01
   3.0025000e+02   2.8826785e+01
   3.0050000e+02   2.8823902e+01
   3.0075000e+02   2.8821030e+01
   3.0100000e+02   2.8818167e+01
   3.0125000e+02   2.8815314e+01
   3.0150000e+02   2.8812472e+01
   3.0175000e+02   2.8809639e+01
   3.0200000e+02   2.8806816e+01
   3.0225000e+02   2.8804003e+01
   3.0250000e+02   2.8801200e+01
   3.0275000e+02   2.8798407e+01
   3.0300000e+02   2.8795623e+01
   3.0325000e+02   2.8792849e+01
   3.0350000e+02   2.8790085e+01
   3.0375000e+02   2.8787330e+01
   3.0400000e+02   2.8784585e+01
   3.0425000e+02   2.8781849e+01
   3.0450000e+02   2.8779123e+01
   3.0475000e+02   2.8776407e+01
   3.0500000e+02   2.8773700e+01
   3.0525000e+02   2.8771002e+01
   3.0550000e+02   2.8768314e+01
   3.0575000e+02   2.8765635e+01
   3.0600000e+02   2.8762966e+01
   3.0625000e+02   2.8760306e+01
   3.0650000e+02   2.8757655e+01
   3.0675000e+02   2.8755013e+01
   3.0700000e+02   2.8752381e+01
   3.0725000e+02   2.8749758e+01
   3.0750000e+02   2.8747144e+01
   3.0775000e+02   2.8744539e+01
   3.0800000e+02   2.8741943e+01
   3.0825000e+02   2.8739356e+01
   3.0850000e+02   2.8736778e+01
   3.0875000e+02   2.8734209e+01
   3.0900000e+02   2.8731650e+01
   3.0925000e+02   2.8729099e+01
   3.0950000e+02   2.8726557e+01
   3.0975000e+02   2.8724023e+01
   3.1000000e+02   2.8721499e+01
   3.1025000e+02   2.8718984e+01
   3.1050000e+02   2.8716477e+01
   3.1075000e+02   2.8713979e+01
   3.1100000e+02   2.8711489e+01
   3.1125000e+02   2.8709009e+01
   3.1150000e+02   2.8706537e+01
   3.1175000e+02   2.8704073e+01
   3.1200000e+02   2.8701619e+01
   3.1225000e+02   2.8699172e+01
   3.1250000e+02   2.8696735e+01
   3.1275000e+02   2.8694305e+01
   3.1300000e+02   2.8691885e+01
   3.1325000e+02   2.8689472e+01
   3.1350000e+02   2.8687069e+01
   3.1375000e+02   2.8684673e+01
   3.1400000e+02   2.8682286e+01
   3.1425000e+02   2.8679907e+01
   3.1450000e+02   2.8677537e+01
   3.1475000e+02   2.8675174e+01
   3.1500000e+02   2.8672820e+01
   3.1525000e+02   2.8670474e+01
   3.1550000e+02   2.8668137e+01
   3.1575000e+02   2.8665807e+01
   3.1600000e+02   2.8663486e+01
   3.1625000e+02   2.8661173e+01
   3.1650000e+02   2.8658867e+01
   3.1675000e+02   2.8656570e+01
   3.1700000e+02   2.8654281e+01
   3.1725000e+02   2.8652000e+01
   3.1750000e+02   2.8649727e+01
   3.1775000e+02   2.8647461e+01
   3.1800000e+02   2.8645204e+01
   3.1825000e+02   2.8642954e+01
   3.1850000e+02   2.8640713e+01
   3.1875000e+02   2.8638479e+01
   3.1900000e+02   2.8636253e+01
   3.1925000e+02   2.8634034e+01
   3.1950000e+02   2.8631824e+01
   3.1975000e+02   2.8629621e+01
   3.2000000e+02   2.8627426e+01
   3.2025000e+02   2.8625238e+01
   3.2050000e+02   2.8623058e+01
   3.2075000e+02   2.8620886e+01
   3.2100000e+02   2.8618721e+01
   3.2125000e+02   2.8616564e+01
   3.2150000e+02   2.8614414e+01
   3.2175000e+02   2.8612272e+01
   3.2200000e+02   2.8610137e+01
   3.2225000e+02   2.8608010e+01
   3.2250000e+02   2.8605890e+01
   3.2275000e+02   2.8603778e+01
   3.2300000e+02   2.8601673e+01
   3.2325000e+02   2.8599575e+01
   3.2350000e+02   2.8597484e+01
   3.2375000e+02   2.8595401e+01
   3.2400000e+02   2.8593325e+01
   3.2425000e+02   2.8591257e+01
   3.2450000e+02   2.8589195e+01
   3.2475000e+02   2.8587141e+01
   3.2500000e+02   2.8585094e+01
   3.2525000e+02   2.8583054e+01
   3.2550000e+02   2.8581021e+01
   3.2575000e+02   2.8578995e+01
   3.2600000e+02   2.8576977e+01
   3.2625000e+02   2.8574965e+01
   3.2650000e+02   2.8572960e+01
   3.2675000e+02   2.8570963e+01
   3.2700000e+02   2.8568972e+01
   3.2725000e+02   2.8566988e+01
   3.2750000e+02   2.8565011e+01
   3.2775000e+02   2.8563041e+01
   3.2800000e+02   2.8561078e+01
   3.2825000e+02   2.8559122e+01
   3.2850000e+02   2.8557173e+01
   3.2875000e+02   2.8555230e+01
   3.2900000e+02   2.8553294e+01
   3.2925000e+02   2.8551365e+01
   3.2950000e+02   2.8549443e+01
   3.2975000e+02   2.8547527e+01
   3.3000000e+02   2.8545618e+01
   3.3025000e+02   2.8543716e+01
   3.3050000e+02   2.8541820e+01
   3.3075000e+02   2.8539931e+01
   3.3100000e+02   2.8538049e+01
   3.3125000e+02   2.8536173e+01
   3.3150000e+02   2.8534303e+01
   3.3175000e+02   2.8532440e+01
   3.3200000e+02   2.8530584e+01
   3.3225000e+02   2.8528734e+01
   3.3250000e+02   2.8526891e+01
   3.3275000e+02   2.8525054e+01
   3.3300000e+02   2.8523223e+01
   3.3325000e+02   2.8521399e+01
   3.3350000e+02   2.8519581e+01
   3.3375000e+02   2.8517769e+01
   3.3400000e+02   2.8515964e+01
   3.3425000e+02   2.8514165e+01
   3.3450000e+02   2.8512372e+01
   3.3475000e+02   2.8510586e+01
   3.3500000e+02   2.8508806e+01
   3.3525000e+02   2.8507032e+01
   3.3550000e+02   2.8505264e+01
   3.3575000e+02   2.8503502e+01
   3.3600000e+02   2.8501747e+01
   3.3625000e+02   2.8499998e+01
   3.3650000e+02   2.8498254e+01
   3.3675000e+02   2.8496517e+01
   3.3700000e+02   2.8494786e+01
   3.3725000e+02   2.8493061e+01
   3.3750000e+02   2.8491342e+01
   3.3775000e+02   2.8489629e+01
   3.3800000e+02   2.8487922e+01
   3.3825000e+02   2.8486220e+01
   3.3850000e+02   2.8484525e+01
   3.3875000e+02   2.8482836e+01
   3.3900000e+02   2.8481152e+01
   3.3925000e+02   2.8479475e+01
   3.3950000e+02   2.8477803e+01
   3.3975000e+02   2.8476137e+01
   3.4000000e+02   2.8474477e+01
   3.4025000e+02   2.8472823e+01
   3.4050000e+02   2.8471174e+01
   3.4075000e+02   2.8469532e+01
   3.4100000e+02   2.8467895e+01
   3.4125000e+02   2.8466263e+01
   3.4150000e+02   2.8464638e+01
   3.4175000e+02   2.8463018e+01
   3.4200000e+02   2.8461403e+01
   3.4225000e+02   2.8459795e+01
   3.4250000e+02   2.8458191e+01
   3.4275000e+02   2.8456594e+01
   3.4300000e+02   2.8455002e+01
   3.4325000e+02   2.8453416e+01
   3.4350000e+02   2.8451835e+01
   3.4375000e+02   2.8450259e+01
   3.4400000e+02   2.8448690e+01
   3.4425000e+02   2.8447125e+01
   3.4450000e+02   2.8445566e+01
   3.4475000e+02   2.8444013e+01
   3.4500000e+02   2.8442465e+01
   3.4525000e+02   2.8440922e+01
   3.4550000e+02   2.8439385e+01
   3.4575000e+02   2.8437853e+01
   3.4600000e+02   2.8436326e+01
   3.4625000e+02   2.8434805e+01
   3.4650000e+02   2.8433289e+01
   3.4675000e+02   2.8431778e+01
   3.4700000e+02   2.8430273e+01
   3.4725000e+02   2.8428773e+01
   3.4750000e+02   2.8427278e+01
   3.4775000e+02   2.8425788e+01
   3.4800000e+02   2.8424303e+01
   3.4825000e+02   2.8422824e+01
   3.4850000e+02   2.8421350e+01
   3.4875000e+02   2.8419881e+01
   3.4900000e+02   2.8418417e+01
   3.4925000e+02   2.8416958e+01
   3.4950000e+02   2.8415504e+01
   3.4975000e+02   2.8414056e+01
   3.5000000e+02   2.8412612e+01
   3.5025000e+02   2.8411173e+01
   3.5050000e+02   2.8409740e+01
   3.5075000e+02   2.8408311e+01
   3.5100000e+02   2.8406888e+01
   3.5125000e+02   2.8405469e+01
   3.5150000e+02   2.8404055e+01
   3.5175000e+02   2.8402647e+01
   3.5200000e+02   2.8401243e+01
   3.5225000e+02   2.8399844e+01
   3.5250000e+02   2.8398450e+01
   3.5275000e+02   2.8397060e+01
   3.5300000e+02   2.8395676e+01
   3.5325000e+02   2.8394297e+01
   3.5350000e+02   2.8392922e+01
   3.5375000e+02   2.8391552e+01
   3.5400000e+02   2.8390187e+01
   3.5425000e+02   2.8388826e+01
   3.5450000e+02   2.8387471e+01
   3.5475000e+02   2.8386120e+01
   3.5500000e+02   2.8384773e+01
   3.5525000e+02   2.8383432e+01
   3.5550000e+02   2.8382095e+01
   3.5575000e+02   2.8380763e+01
   3.5600000e+02   2.8379435e+01
   3.5625000e+02   2.8378112e+01
   3.5650000e+02   2.8376794e+01
   3.5675000e+02   2.8375480e+01
   3.5700000e+02   2.8374171e+01
   3.5725000e+02   2.8372867e+01
   3.5750000e+02   2.8371567e+01
   3.5775000e+02   2.8370271e+01
   3.5800000e+02   2.8368980e+01
   3.5825000e+02   2.8367694e+01
   3.5850000e+02   2.8366412e+01
   3.5875000e+02   2.8365134e+01
   3.5900000e+02   2.8363861e+01
   3.5925000e+02   2.8362593e+01
   3.5950000e+02   2.8361328e+01
   3.5975000e+02   2.8360069e+01
   3.6000000e+02   2.8358813e+01
   3.6025000e+02   2.8357562e+01
   3.6050000e+02   2.8356315e+01
   3.6075000e+02   2.8355073e+01
   3.6100000e+02   2.8353835e+01
   3.6125000e+02   2.8352601e+01
   3.6150000e+02   2.8351372e+01
   3.6175000e+02   2.8350147e+01
   3.6200000e+02   2.8348926e+01
   3.6225000e+02   2.8347710e+01
   3.6250000e+02   2.8346497e+01
   3.6275000e+02   2.8345289e+01
   3.6300000e+02   2.8344085e+01
   3.6325000e+02   2.8342886e+01
   3.6350000e+02   2.8341690e+01
   3.6375000e+02   2.8340499e+01
   3.6400000e+02   2.8339312e+01
   3.6425000e+02   2.8338129e+01
   3.6450000e+02   2.8336950e+01
   3.6475000e+02   2.8335775e+01
   3.6500000e+02   2.8334604e+01
   3.6525000e+02   2.8333438e+01
   3.6550000e+02   2.8332275e+01
   3.6575000e+02   2.8331117e+01
   3.6600000e+02   2.8329962e+01
   3.6625000e+02   2.8328812e+01
   3.6650000e+02   2.8327665e+01
   3.6675000e+02   2.8326523e+01
   3.6700000e+02   2.8325385e+01
   3.6725000e+02   2.8324250e+01
   3.6750000e+02   2.8323120e+01
   3.6775000e+02   2.8321993e+01
   3.6800000e+02   2.8320870e+01
   3.6825000e+02   2.8319752e+01
   3.6850000e+02   2.8318637e+01
   3.6875000e+02   2.8317526e+01
   3.6900000e+02   2.8316419e+01
   3.6925000e+02   2.8315316e+01
   3.6950000e+02   2.8314216e+01
   3.6975000e+02   2.8313121e+01
   3.7000000e+02   2.8312029e+01
   3.7025000e+02   2.8310941e+01
   3.7050000e+02   2.8309857e+01
   3.7075000e+02   2.8308777e+01
   3.7100000e+02   2.8307700e+01
   3.7125000e+02   2.8306627e+01
   3.7150000e+02   2.8305558e+01
   3.7175000e+02   2.8304493e+01
   3.7200000e+02   2.8303431e+01
   3.7225000e+02   2.8302373e+01
   3.7250000e+02   2.8301319e+01
   3.7275000e+02   2.8300268e+01
   3.7300000e+02   2.8299222e+01
   3.7325000e+02   2.8298178e+01
   3.7350000e+02   2.8297139e+01
   3.7375000e+02   2.8296103e+01
   3.7400000e+02   2.8295070e+01
   3.7425000e+02   2.8294041e+01
   3.7450000e+02   2.8293016e+01
   3.7475000e+02   2.8291995e+01
   3.7500000e+02   2.8290977e+01
   3.7525000e+02   2.8289962e+01
   3.7550000e+02   2.8288951e+01
   3.7575000e+02   2.8287944e+01
   3.7600000e+02   2.8286940e+01
   3.7625000e+02   2.8285939e+01
   3.7650000e+02   2.8284942e+01
   3.7675000e+02   2.8283949e+01
   3.7700000e+02   2.8282959e+01
   3.7725000e+02   2.8281972e+01
   3.7750000e+02   2.8280989e+01
   3.7775000e+02   2.8280010e+01
   3.7800000e+02   2.8279033e+01
   3.7825000e+02   2.8278060e+01
   3.7850000e+02   2.8277091e+01
   3.7875000e+02   2.8276125e+01
   3.7900000e+02   2.8275162e+01
   3.7925000e+02   2.8274203e+01
   3.7950000e+02   2.8273247e+01
   3.7975000e+02   2.8272294e+01
   3.8000000e+02   2.8271345e+01
   3.8025000e+02   2.8270399e+01
   3.8050000e+02   2.8269456e+01
   3.8075000e+02   2.8268516e+01
   3.8100000e+02   2.8267580e+01
   3.8125000e+02   2.8266647e+01
   3.8150000e+02   2.8265718e+01
   3.8175000e+02   2.8264791e+01
   3.8200000e+02   2.8263868e+01
   3.8225000e+02   2.8262948e+01
   3.8250000e+02   2.8262031e+01
   3.8275000e+02   2.8261118e+01
   3.8300000e+02   2.8260207e+01
   3.8325000e+02   2.8259300e+01
   3.8350000e+02   2.8258396e+01
   3.8375000e+02   2.8257495e+01
   3.8400000e+02   2.8256597e+01
   3.8425000e+02   2.8255703e+01
   3.8450000e+02   2.8254811e+01
   3.8475000e+02   2.8253923e+01
   3.8500000e+02   2.8253037e+01
   3.8525000e+02   2.8252155e+01
   3.8550000e+02   2.8251276e+01
   3.8575000e+02   2.8250400e+01
   3.8600000e+02   2.8249527e+01
   3.8625000e+02   2.8248657e+01
   3.8650000e+02   2.8247790e+01
   3.8675000e+02   2.8246926e+01
   3.8700000e+02   2.8246065e+01
   3.8725000e+02   2.8245207e+01
   3.8750000e+02   2.8244352e+01
   3.8775000e+02   2.8243500e+01
   3.8800000e+02   2.8242651e+01
   3.8825000e+02   2.8241805e+01
   3.8850000e+02   2.8240962e+01
   3.8875000e+02   2.8240122e+01
   3.8900000e+02   2.8239285e+01
   3.8925000e+02   2.8238451e+01
   3.8950000e+02   2.8237619e+01
   3.8975000e+02   2.8236791e+01
   3.9000000e+02   2.8235965e+01
   3.9025000e+02   2.8235142e+01
   3.9050000e+02   2.8234323e+01
   3.9075000e+02   2.8233506e+01
   3.9100000e+02   2.8232691e+01
   3.9125000e+02   2.8231880e+01
   3.9150000e+02   2.8231072e+01
   3.9175000e+02   2.8230266e+01
   3.9200000e+02   2.8229463e+01
   3.9225000e+02   2.8228663e+01
   3.9250000e+02   2.8227866e+01
   3.9275000e+02   2.8227072e+01
   3.9300000e+02   2.8226280e+01
   3.9325000e+02   2.8225491e+01
   3.9350000e+02   2.8224705e+01
   3.9375000e+02   2.8223921e+01
   3.9400000e+02   2.8223141e+01
   3.9425000e+02   2.8222363e+01
   3.9450000e+02   2.8221587e+01
   3.9475000e+02   2.8220815e+01
   3.9500000e+02   2.8220045e+01
   3.9525000e+02   2.8219278e+01
   3.9550000e+02   2.8218513e+01
   3.9575000e+02   2.8217751e+01
   3.9600000e+02   2.8216992e+01
   3.9625000e+02   2.8216235e+01
   3.9650000e+02   2.8215482e+01
   3.9675000e+02   2.8214730e+01
   3.9700000e+02   2.8213982e+01
   3.9725000e+02   2.8213236e+01
   3.9750000e+02   2.8212492e+01
   3.9775000e+02   2.8211751e+01
   3.9800000e+02   2.8211013e+01
   3.9825000e+02   2.8210277e+01
   3.9850000e+02   2.8209544e+01
   3.9875000e+02   2.8208813e+01
   3.9900000e+02   2.8208085e+01
   3.9925000e+02   2.8207360e+01
   3.9950000e+02   2.8206637e+01
   3.9975000e+02   2.8205917e+01
   4.0000000e+02   2.8205199e+01
   4.0025000e+02   2.8204483e+01
   4.0050000e+02   2.8203770e+01
   4.0075000e+02   2.8203060e+01
   4.0100000e+02   2.8202352e+01
   4.0125000e+02   2.8201646e+01
   4.0150000e+02   2.8200943e+01
   4.0175000e+02   2.8200243e+01
   4.0200000e+02   2.8199544e+01
   4.0225000e+02   2.8198849e+01
   4.0250000e+02   2.8198155e+01
   4.0275000e+02   2.8197465e+01
   4.0300000e+02   2.8196776e+01
   4.0325000e+02   2.8196090e+01
   4.0350000e+02   2.8195406e+01
   4.0375000e+02   2.8194725e+01
   4.0400000e+02   2.8194046e+01
   4.0425000e+02   2.8193370e+01
   4.0450000e+02   2.8192695e+01
   4.0475000e+02   2.8192024e+01
   4.0500000e+02   2.8191354e+01
   4.0525000e+02   2.8190687e+01
   4.0550000e+02   2.8190022e+01
   4.0575000e+02   2.8189360e+01
   4.0600000e+02   2.8188699e+01
   4.0625000e+02   2.8188041e+01
   4.0650000e+02   2.8187386e+01
   4.0675000e+02   2.8186732e+01
   4.0700000e+02   2.8186081e+01
   4.0725000e+02   2.8185433e+01
   4.0750000e+02   2.8184786e+01
   4.0775000e+02   2.8184142e+01
   4.0800000e+02   2.8183500e+01
   4.0825000e+02   2.8182860e+01
   4.0850000e+02   2.8182222e+01
   4.0875000e+02   2.8181587e+01
   4.0900000e+02   2.8180954e+01
   4.0925000e+02   2.8180323e+01
   4.0950000e+02   2.8179694e+01
   4.0975000e+02   2.8179068e+01
   4.1000000e+02   2.8178444e+01
   4.1025000e+02   2.8177821e+01
   4.1050000e+02   2.8177201e+01
   4.1075000e+02   2.8176584e+01
   4.1100000e+02   2.8175968e+01
   4.1125000e+02   2.8175354e+01
   4.1150000e+02   2.8174743e+01
   4.1175000e+02   2.8174134e+01
   4.1200000e+02   2.8173527e+01
   4.1225000e+02   2.8172922e+01
   4.1250000e+02   2.8172319e+01
   4.1275000e+02   2.8171718e+01
   4.1300000e+02   2.8171119e+01
   4.1325000e+02   2.8170523e+01
   4.1350000e+02   2.8169928e+01
   4.1375000e+02   2.8169336e+01
   4.1400000e+02   2.8168745e+01
   4.1425000e+02   2.8168157e+01
   4.1450000e+02   2.8167571e+01
   4.1475000e+02   2.8166986e+01
   4.1500000e+02   2.8166404e+01
   4.1525000e+02   2.8165824e+01
   4.1550000e+02   2.8165246e+01
   4.1575000e+02   2.8164670e+01
   4.1600000e+02   2.8164096e+01
   4.1625000e+02   2.8163523e+01
   4.1650000e+02   2.8162953e+01
   4.1675000e+02   2.8162385e+01
   4.1700000e+02   2.8161819e+01
   4.1725000e+02   2.8161255e+01
   4.1750000e+02   2.8160693e+01
   4.1775000e+02   2.8160132e+01
   4.1800000e+02   2.8159574e+01
   4.1825000e+02   2.8159018e+01
   4.1850000e+02   2.8158463e+01
   4.1875000e+02   2.8157911e+01
   4.1900000e+02   2.8157360e+01
   4.1925000e+02   2.8156811e+01
   4.1950000e+02   2.8156265e+01
   4.1975000e+02   2.8155720e+01
   4.2000000e+02   2.8155177e+01
   4.2025000e+02   2.8154636e+01
   4.2050000e+02   2.8154097e+01
   4.2075000e+02   2.8153560e+01
   4.2100000e+02   2.8153024e+01
   4.2125000e+02   2.8152491e+01
   4.2150000e+02   2.8151959e+01
   4.2175000e+02   2.8151429e+01
   4.2200000e+02   2.8150901e+01
   4.2225000e+02   2.8150375e+01
   4.2250000e+02   2.8149851e+01
   4.2275000e+02   2.8149328e+01
   4.2300000e+02   2.8148808e+01
   4.2325000e+02   2.8148289e+01
   4.2350000e+02   2.8147772e+01
   4.2375000e+02   2.8147257e+01
   4.2400000e+02   2.8146743e+01
   4.2425000e+02   2.8146232e+01
   4.2450000e+02   2.8145722e+01
   4.2475000e+02   2.8145214e+01
   4.2500000e+02   2.8144707e+01
   4.2525000e+02   2.8144203e+01
   4.2550000e+02   2.8143700e+01
   4.2575000e+02   2.8143199e+01
   4.2600000e+02   2.8142700e+01
   4.2625000e+02   2.8142202e+01
   4.2650000e+02   2.8141706e+01
   4.2675000e+02   2.8141212e+01
   4.2700000e+02   2.8140720e+01
   4.2725000e+02   2.8140229e+01
   4.2750000e+02   2.8139740e+01
   4.2775000e+02   2.8139253e+01
   4.2800000e+02   2.8138768e+01
   4.2825000e+02   2.8138284e+01
   4.2850000e+02   2.8137802e+01
   4.2875000e+02   2.8137321e+01
   4.2900000e+02   2.8136843e+01
   4.2925000e+02   2.8136365e+01
   4.2950000e+02   2.8135890e+01
   4.2975000e+02   2.8135416e+01
   4.3000000e+02   2.8134944e+01
   4.3025000e+02   2.8134474e+01
   4.3050000e+02   2.8134005e+01
   4.3075000e+02   2.8133538e+01
   4.3100000e+02   2.8133072e+01
   4.3125000e+02   2.8132608e+01
   4.3150000e+02   2.8132146e+01
   4.3175000e+02   2.8131685e+01
   4.3200000e+02   2.8131226e+01
   4.3225000e+02   2.8130768e+01
   4.3250000e+02   2.8130312e+01
   4.3275000e+02   2.8129858e+01
   4.3300000e+02   2.8129405e+01
   4.3325000e+02   2.8128954e+01
   4.3350000e+02   2.8128504e+01
   4.3375000e+02   2.8128056e+01
   4.3400000e+02   2.8127610e+01
   4.3425000e+02   2.8127165e+01
   4.3450000e+02   2.8126722e+01
   4.3475000e+02   2.8126280e+01
   4.3500000e+02   2.8125840e+01
   4.3525000e+02   2.8125401e+01
   4.3550000e+02   2.8124964e+01
   4.3575000e+02   2.8124528e+01
   4.3600000e+02   2.8124094e+01
   4.3625000e+02   2.8123661e+01
   4.3650000e+02   2.8123230e+01
   4.3675000e+02   2.8122800e+01
   4.3700000e+02   2.8122372e+01
   4.3725000e+02   2.8121945e+01
   4.3750000e+02   2.8121520e+01
   4.3775000e+02   2.8121097e+01
   4.3800000e+02   2.8120674e+01
   4.3825000e+02   2.8120254e+01
   4.3850000e+02   2.8119834e+01
   4.3875000e+02   2.8119417e+01
   4.3900000e+02   2.8119000e+01
   4.3925000e+02   2.8118585e+01
   4.3950000e+02   2.8118172e+01
   4.3975000e+02   2.8117760e+01
   4.4000000e+02   2.8117349e+01
   4.4025000e+02   2.8116940e+01
   4.4050000e+02   2.8116532e+01
   4.4075000e+02   2.8116126e+01
   4.4100000e+02   2.8115721e+01
   4.4125000e+02   2.8115318e+01
   4.4150000e+02   2.8114916e+01
   4.4175000e+02   2.8114515e+01
   4.4200000e+02   2.8114116e+01
   4.4225000e+02   2.8113718e+01
   4.4250000e+02   2.8113321e+01
   4.4275000e+02   2.8112926e+01
   4.4300000e+02   2.8112533e+01
   4.4325000e+02   2.8112140e+01
   4.4350000e+02   2.8111749e+01
   4.4375000e+02   2.8111360e+01
   4.4400000e+02   2.8110971e+01
   4.4425000e+02   2.8110584e+01
   4.4450000e+02   2.8110199e+01
   4.4475000e+02   2.8109815e+01
   4.4500000e+02   2.8109432e+01
   4.4525000e+02   2.8109050e+01
   4.4550000e+02   2.8108670e+01
   4.4575000e+02   2.8108291e+01
   4.4600000e+02   2.8107914e+01
   4.4625000e+02   2.8107537e+01
   4.4650000e+02   2.8107162e+01
   4.4675000e+02   2.8106789e+01
   4.4700000e+02   2.8106416e+01
   4.4725000e+02   2.8106045e+01
   4.4750000e+02   2.8105676e+01
   4.4775000e+02   2.8105307e+01
   4.4800000e+02   2.8104940e+01
   4.4825000e+02   2.8104574e+01
   4.4850000e+02   2.8104210e+01
   4.4875000e+02   2.8103846e+01
   4.4900000e+02   2.8103484e+01
   4.4925000e+02   2.8103123e+01
   4.4950000e+02   2.8102764e+01
   4.4975000e+02   2.8102406e+01
   4.5000000e+02   2.8102049e+01
   4.5025000e+02   2.8101693e+01
   4.5050000e+02   2.8101338e+01
   4.5075000e+02   2.8100985e+01
   4.5100000e+02   2.8100633e+01
   4.5125000e+02   2.8100282e+01
   4.5150000e+02   2.8099932e+01
   4.5175000e+02   2.8099584e+01
   4.5200000e+02   2.8099237e+01
   4.5225000e+02   2.8098891e+01
   4.5250000e+02   2.8098546e+01
   4.5275000e+02   2.8098202e+01
   4.5300000e+02   2.8097860e+01
   4.5325000e+02   2.8097519e+01
   4.5350000e+02   2.8097179e+01
   4.5375000e+02   2.8096840e+01
   4.5400000e+02   2.8096502e+01
   4.5425000e+02   2.8096166e+01
   4.5450000e+02   2.8095831e+01
   4.5475000e+02   2.8095496e+01
   4.5500000e+02   2.8095163e+01
   4.5525000e+02   2.8094832e+01
   4.5550000e+02   2.8094501e+01
   4.5575000e+02   2.8094172e+01
   4.5600000e+02   2.8093843e+01
   4.5625000e+02   2.8093516e+01
   4.5650000e+02   2.8093190e+01
   4.5675000e+02   2.8092865e+01
   4.5700000e+02   2.8092541e+01
   4.5725000e+02   2.8092219e+01
   4.5750000e+02   2.8091897e+01
   4.5775000e+02   2.8091577e+01
   4.5800000e+02   2.8091257e+01
   4.5825000e+02   2.8090939e+01
   4.5850000e+02   2.8090622e+01
   4.5875000e+02   2.8090306e+01
   4.5900000e+02   2.8089991e+01
   4.5925000e+02   2.8089678e+01
   4.5950000e+02   2.8089365e+01
   4.5975000e+02   2.8089053e+01
   4.6000000e+02   2.8088743e+01
   4.6025000e+02   2.8088433e+01
   4.6050000e+02   2.8088125e+01
   4.6075000e+02   2.8087818e+01
   4.6100000e+02   2.8087512e+01
   4.6125000e+02   2.8087207e+01
   4.6150000e+02   2.8086903e+01
   4.6175000e+02   2.8086600e+01
   4.6200000e+02   2.8086298e+01
   4.6225000e+02   2.8085997e+01
   4.6250000e+02   2.8085697e+01
   4.6275000e+02   2.8085398e+01
   4.6300000e+02   2.8085100e+01
   4.6325000e+02   2.8084804e+01
   4.6350000e+02   2.8084508e+01
   4.6375000e+02   2.8084213e+01
   4.6400000e+02   2.8083920e+01
   4.6425000e+02   2.8083627e+01
   4.6450000e+02   2.8083336e+01
   4.6475000e+02   2.8083045e+01
   4.6500000e+02   2.8082755e+01
   4.6525000e+02   2.8082467e+01
   4.6550000e+02   2.8082179e+01
   4.6575000e+02   2.8081893e+01
   4.6600000e+02   2.8081607e+01
   4.6625000e+02   2.8081323e+01
   4.6650000e+02   2.8081039e+01
   4.6675000e+02   2.8080757e+01
   4.6700000e+02   2.8080475e+01
   4.6725000e+02   2.8080195e+01
   4.6750000e+02   2.8079915e+01
   4.6775000e+02   2.8079636e+01
   4.6800000e+02   2.8079359e+01
   4.6825000e+02   2.8079082e+01
   4.6850000e+02   2.8078806e+01
   4.6875000e+02   2.8078532e+01
   4.6900000e+02   2.8078258e+01
   4.6925000e+02   2.8077985e+01
   4.6950000e+02   2.8077713e+01
   4.6975000e+02   2.8077442e+01
   4.7000000e+02   2.8077172e+01
   4.7025000e+02   2.8076903e+01
   4.7050000e+02   2.8076635e+01
   4.7075000e+02   2.8076368e+01
   4.7100000e+02   2.8076101e+01
   4.7125000e+02   2.8075836e+01
   4.7150000e+02   2.8075572e+01
   4.7175000e+02   2.8075308e+01
   4.7200000e+02   2.8075046e+01
   4.7225000e+02   2.8074784e+01
   4.7250000e+02   2.8074523e+01
   4.7275000e+02   2.8074263e+01
   4.7300000e+02   2.8074004e+01
   4.7325000e+02   2.8073746e+01
   4.7350000e+02   2.8073489e+01
   4.7375000e+02   2.8073233e+01
   4.7400000e+02   2.8072978e+01
   4.7425000e+02   2.8072723e+01
   4.7450000e+02   2.8072470e+01
   4.7475000e+02   2.8072217e+01
   4.7500000e+02   2.8071965e+01
   4.7525000e+02   2.8071714e+01
   4.7550000e+02   2.8071464e+01
   4.7575000e+02   2.8071215e+01
   4.7600000e+02   2.8070967e+01
   4.7625000e+02   2.8070719e+01
   4.7650000e+02   2.8070473e+01
   4.7675000e+02   2.8070227e+01
   4.7700000e+02   2.8069982e+01
   4.7725000e+02   2.8069738e+01
   4.7750000e+02   2.8069495e+01
   4.7775000e+02   2.8069253e+01
   4.7800000e+02   2.8069011e+01
   4.7825000e+02   2.8068771e+01
   4.7850000e+02   2.8068531e+01
   4.7875000e+02   2.8068292e+01
   4.7900000e+02   2.8068054e+01
   4.7925000e+02   2.8067817e+01
   4.7950000e+02   2.8067580e+01
   4.7975000e+02   2.8067345e+01
   4.8000000e+02   2.8067110e+01
   4.8025000e+02   2.8066876e+01
   4.8050000e+02   2.8066643e+01
   4.8075000e+02   2.8066410e+01
   4.8100000e+02   2.8066179e+01
   4.8125000e+02   2.8065948e+01
   4.8150000e+02   2.8065718e+01
   4.8175000e+02   2.8065489e+01
   4.8200000e+02   2.8065261e+01
   4.8225000e+02   2.8065033e+01
   4.8250000e+02   2.8064806e+01
   4.8275000e+02   2.8064580e+01
   4.8300000e+02   2.8064355e+01
   4.8325000e+02   2.8064131e+01
   4.8350000e+02   2.8063907e+01
   4.8375000e+02   2.8063685e+01
   4.8400000e+02   2.8063462e+01
   4.8425000e+02   2.8063241e+01
   4.8450000e+02   2.8063021e+01
   4.8475000e+02   2.8062801e+01
   4.8500000e+02   2.8062582e+01
   4.8525000e+02   2.8062364e+01
   4.8550000e+02   2.8062146e+01
   4.8575000e+02   2.8061930e+01
   4.8600000e+02   2.8061714e+01
   4.8625000e+02   2.8061499e+01
   4.8650000e+02   2.8061284e+01
   4.8675000e+02   2.8061071e+01
   4.8700000e+02   2.8060858e+01
   4.8725000e+02   2.8060645e+01
   4.8750000e+02   2.8060434e+01
   4.8775000e+02   2.8060223e+01
   4.8800000e+02   2.8060013e+01
   4.8825000e+02   2.8059804e+01
   4.8850000e+02   2.8059596e+01
   4.8875000e+02   2.8059388e+01
   4.8900000e+02   2.8059181e+01
   4.8925000e+02   2.8058974e+01
   4.8950000e+02   2.8058769e+01
   4.8975000e+02   2.8058564e+01
   4.9000000e+02   2.8058360e+01
   4.9025000e+02   2.8058156e+01
   4.9050000e+02   2.8057953e+01
   4.9075000e+02   2.8057751e+01
   4.9100000e+02   2.8057550e+01
   4.9125000e+02   2.8057349e+01
   4.9150000e+02   2.8057149e+01
   4.9175000e+02   2.8056950e+01
   4.9200000e+02   2.8056752e+01
   4.9225000e+02   2.8056554e+01
   4.9250000e+02   2.8056357e+01
   4.9275000e+02   2.8056160e+01
   4.9300000e+02   2.8055964e+01
   4.9325000e+02   2.8055769e+01
   4.9350000e+02   2.8055575e+01
   4.9375000e+02   2.8055381e+01
   4.9400000e+02   2.8055188e+01
   4.9425000e+02   2.8054995e+01
   4.9450000e+02   2.8054804e+01
   4.9475000e+02   2.8054613e+01
   4.9500000e+02   2.8054422e+01
   4.9525000e+02   2.8054232e+01
   4.9550000e+02   2.8054043e+01
   4.9575000e+02   2.8053855e+01
   4.9600000e+02   2.8053667e+01
   4.9625000e+02   2.8053480e+01
   4.9650000e+02   2.8053294e+01
   4.9675000e+02   2.8053108e+01
   4.9700000e+02   2.8052923e+01
   4.9725000e+02   2.8052738e+01
   4.9750000e+02   2.8052554e+01
   4.9775000e+02   2.8052371e+01
   4.9800000e+02   2.8052188e+01
   4.9825000e+02   2.8052006e+01
   4.9850000e+02   2.8051825e+01
   4.9875000e+02   2.8051644e+01
   4.9900000e+02   2.8051464e+01
   4.9925000e+02   2.8051285e+01
   4.9950000e+02   2.8051106e+01
   4.9975000e+02   2.8050928e+01
   5.0000000e+02   2.8050750e+01
   5.0025000e+02   2.8050573e+01
   5.0050000e+02   2.8050397e+01
   5.0075000e+02   2.8050221e+01
   5.0100000e+02   2.8050046e+01
   5.0125000e+02   2.8049872e+01
   5.0150000e+02   2.8049698e+01
   5.0175000e+02   2.8049525e+01
   5.0200000e+02   2.8049352e+01
   5.0225000e+02   2.8049180e+01
   5.0250000e+02   2.8049008e+01
   5.0275000e+02   2.8048838e+01
   5.0300000e+02   2.8048667e+01
   5.0325000e+02   2.8048498e+01
   5.0350000e+02   2.8048329e+01
   5.0375000e+02   2.8048160e+01
   5.0400000e+02   2.8047992e+01
   5.0425000e+02   2.8047825e+01
   5.0450000e+02   2.8047658e+01
   5.0475000e+02   2.8047492e+01
   5.0500000e+02   2.8047326e+01
   5.0525000e+02   2.8047161e+01
   5.0550000e+02   2.8046997e+01
   5.0575000e+02   2.8046833e+01
   5.0600000e+02   2.8046670e+01
   5.0625000e+02   2.8046507e+01
   5.0650000e+02   2.8046345e+01
   5.0675000e+02   2.8046183e+01
   5.0700000e+02   2.8046022e+01
   5.0725000e+02   2.8045862e+01
   5.0750000e+02   2.8045702e+01
   5.0775000e+02   2.8045543e+01
   5.0800000e+02   2.8045384e+01
   5.0825000e+02   2.8045226e+01
   5.0850000e+02   2.8045068e+01
   5.0875000e+02   2.8044911e+01
   5.0900000e+02   2.8044754e+01
   5.0925000e+02   2.8044598e+01
   5.0950000e+02   2.8044443e+01
   5.0975000e+02   2.8044288e+01
   5.1000000e+02   2.8044133e+01
   5.1025000e+02   2.8043979e+01
   5.1050000e+02   2.8043826e+01
   5.1075000e+02   2.8043673e+01
   5.1100000e+02   2.8043521e+01
   5.1125000e+02   2.8043369e+01
   5.1150000e+02   2.8043218e+01
   5.1175000e+02   2.8043067e+01
   5.1200000e+02   2.8042917e+01
   5.1225000e+02   2.8042768e+01
   5.1250000e+02   2.8042618e+01
   5.1275000e+02   2.8042470e+01
   5.1300000e+02   2.8042322e+01
   5.1325000e+02   2.8042174e+01
   5.1350000e+02   2.8042027e+01
   5.1375000e+02   2.8041881e+01
   5.1400000e+02   2.8041735e+01
   5.1425000e+02   2.8041589e+01
   5.1450000e+02   2.8041444e+01
   5.1475000e+02   2.8041300e+01
   5.1500000e+02   2.8041156e+01
   5.1525000e+02   2.8041012e+01
   5.1550000e+02   2.8040869e+01
   5.1575000e+02   2.8040727e+01
   5.1600000e+02   2.8040585e+01
   5.1625000e+02   2.8040443e+01
   5.1650000e+02   2.8040302e+01
   5.1675000e+02   2.8040162e+01
   5.1700000e+02   2.8040022e+01
   5.1725000e+02   2.8039882e+01
   5.1750000e+02   2.8039743e+01
   5.1775000e+02   2.8039604e+01
   5.1800000e+02   2.8039466e+01
   5.1825000e+02   2.8039329e+01
   5.1850000e+02   2.8039192e+01
   5.1875000e+02   2.8039055e+01
   5.1900000e+02   2.8038919e+01
   5.1925000e+02   2.8038783e+01
   5.1950000e+02   2.8038648e+01
   5.1975000e+02   2.8038513e+01
   5.2000000e+02   2.8038379e+01
   5.2025000e+02   2.8038245e+01
   5.2050000e+02   2.8038112e+01
   5.2075000e+02   2.8037979e+01
   5.2100000e+02   2.8037846e+01
   5.2125000e+02   2.8037714e+01
   5.2150000e+02   2.8037583e+01
   5.2175000e+02   2.8037452e+01
   5.2200000e+02   2.8037321e+01
   5.2225000e+02   2.8037191e+01
   5.2250000e+02   2.8037062e+01
   5.2275000e+02   2.8036932e+01
   5.2300000e+02   2.8036804e+01
   5.2325000e+02   2.8036675e+01
   5.2350000e+02   2.8036547e+01
   5.2375000e+02   2.8036420e+01
   5.2400000e+02   2.8036293e+01
   5.2425000e+02   2.8036166e+01
   5.2450000e+02   2.8036040e+01
   5.2475000e+02   2.8035915e+01
   5.2500000e+02   2.8035790e+01
   5.2525000e+02   2.8035665e+01
   5.2550000e+02   2.8035540e+01
   5.2575000e+02   2.8035416e+01
   5.2600000e+02   2.8035293e+01
   5.2625000e+02   2.8035170e+01
   5.2650000e+02   2.8035047e+01
   5.2675000e+02   2.8034925e+01
   5.2700000e+02   2.8034803e+01
   5.2725000e+02   2.8034682e+01
   5.2750000e+02   2.8034561e+01
   5.2775000e+02   2.8034441e+01
   5.2800000e+02   2.8034321e+01
   5.2825000e+02   2.8034201e+01
   5.2850000e+02   2.8034082e+01
   5.2875000e+02   2.8033963e+01
   5.2900000e+02   2.8033844e+01
   5.2925000e+02   2.8033726e+01
   5.2950000e+02   2.8033609e+01
   5.2975000e+02   2.8033492e+01
   5.3000000e+02   2.8033375e+01
   5.3025000e+02   2.8033258e+01
   5.3050000e+02   2.8033143e+01
   5.3075000e+02   2.8033027e+01
   5.3100000e+02   2.8032912e+01
   5.3125000e+02   2.8032797e+01
   5.3150000e+02   2.8032683e+01
   5.3175000e+02   2.8032569e+01
   5.3200000e+02   2.8032455e+01
   5.3225000e+02   2.8032342e+01
   5.3250000e+02   2.8032229e+01
   5.3275000e+02   2.8032117e+01
   5.3300000e+02   2.8032005e+01
   5.3325000e+02   2.8031893e+01
   5.3350000e+02   2.8031782e+01
   5.3375000e+02   2.8031671e+01
   5.3400000e+02   2.8031561e+01
   5.3425000e+02   2.8031451e+01
   5.3450000e+02   2.8031341e+01
   5.3475000e+02   2.8031232e+01
   5.3500000e+02   2.8031123e+01
   5.3525000e+02   2.8031015e+01
   5.3550000e+02   2.8030906e+01
   5.3575000e+02   2.8030799e+01
   5.3600000e+02   2.8030691e+01
   5.3625000e+02   2.8030584e+01
   5.3650000e+02   2.8030478e+01
   5.3675000e+02   2.8030371e+01
   5.3700000e+02   2.8030265e+01
   5.3725000e+02   2.8030160e+01
   5.3750000e+02   2.8030055e+01
   5.3775000e+02   2.8029950e+01
   5.3800000e+02   2.8029846e+01
   5.3825000e+02   2.8029742e+01
   5.3850000e+02   2.8029638e+01
   5.3875000e+02   2.8029535e+01
   5.3900000e+02   2.8029432e+01
   5.3925000e+02   2.8029329e+01
   5.3950000e+02   2.8029227e+01
   5.3975000e+02   2.8029125e+01
   5.4000000e+02   2.8029023e+01
   5.4025000e+02   2.8028922e+01
   5.4050000e+02   2.8028821e+01
   5.4075000e+02   2.8028721e+01
   5.4100000e+02   2.8028621e+01
   5.4125000e+02   2.8028521e+01
   5.4150000e+02   2.8028421e+01
   5.4175000e+02   2.8028322e+01
   5.4200000e+02   2.8028223e+01
   5.4225000e+02   2.8028125e+01
   5.4250000e+02   2.8028027e+01
   5.4275000e+02   2.8027929e+01
   5.4300000e+02   2.8027832e+01
   5.4325000e+02   2.8027735e+01
   5.4350000e+02   2.8027638e+01
   5.4375000e+02   2.8027542e+01
   5.4400000e+02   2.8027446e+01
   5.4425000e+02   2.8027350e+01
   5.4450000e+02   2.8027255e+01
   5.4475000e+02   2.8027160e+01
   5.4500000e+02   2.8027065e+01
   5.4525000e+02   2.8026971e+01
   5.4550000e+02   2.8026877e+01
   5.4575000e+02   2.8026783e+01
   5.4600000e+02   2.8026690e+01
   5.4625000e+02   2.8026597e+01
   5.4650000e+02   2.8026504e+01
   5.4675000e+02   2.8026411e+01
   5.4700000e+02   2.8026319e+01
   5.4725000e+02   2.8026228e+01
   5.4750000e+02   2.8026136e+01
   5.4775000e+02   2.8026045e+01
   5.4800000e+02   2.8025954e+01
   5.4825000e+02   2.8025864e+01
   5.4850000e+02   2.8025773e+01
   5.4875000e+02   2.8025684e+01
   5.4900000e+02   2.8025594e+01
   5.4925000e+02   2.8025505e+01
   5.4950000e+02   2.8025416e+01
   5.4975000e+02   2.8025327e+01
   5.5000000e+02   2.8025239e+01
   5.5025000e+02   2.8025151e+01
   5.5050000e+02   2.8025063e+01
   5.5075000e+02   2.8024976e+01
   5.5100000e+02   2.8024889e+01
   5.5125000e+02   2.8024802e+01
   5.5150000e+02   2.8024716e+01
   5.5175000e+02   2.8024629e+01
   5.5200000e+02   2.8024544e+01
   5.5225000e+02   2.8024458e+01
   5.5250000e+02   2.8024373e+01
   5.5275000e+02   2.8024288e+01
   5.5300000e+02   2.8024203e+01
   5.5325000e+02   2.8024119e+01
   5.5350000e+02   2.8024035e+01
   5.5375000e+02   2.8023951e+01
   5.5400000e+02   2.8023867e+01
   5.5425000e+02   2.8023784e+01
   5.5450000e+02   2.8023701e+01
   5.5475000e+02   2.8023618e+01
   5.5500000e+02   2.8023536e+01
   5.5525000e+02   2.8023454e+01
   5.5550000e+02   2.8023372e+01
   5.5575000e+02   2.8023291e+01
   5.5600000e+02   2.8023210e+01
   5.5625000e+02   2.8023129e+01
   5.5650000e+02   2.8023048e+01
   5.5675000e+02   2.8022968e+01
   5.5700000e+02   2.8022888e+01
   5.5725000e+02   2.8022808e+01
   5.5750000e+02   2.8022728e+01
   5.5775000e+02   2.8022649e+01
   5.5800000e+02   2.8022570e+01
   5.5825000e+02   2.8022491e+01
   5.5850000e+02   2.8022413e+01
   5.5875000e+02   2.8022335e+01
   5.5900000e+02   2.8022257e+01
   5.5925000e+02   2.8022179e+01
   5.5950000e+02   2.8022102e+01
   5.5975000e+02   2.8022025e+01
   5.6000000e+02   2.8021948e+01
   5.6025000e+02   2.8021872e+01
   5.6050000e+02   2.8021795e+01
   5.6075000e+02   2.8021719e+01
   5.6100000e+02   2.8021644e+01
   5.6125000e+02   2.8021568e+01
   5.6150000e+02   2.8021493e+01
   5.6175000e+02   2.8021418e+01
   5.6200000e+02   2.8021343e+01
   5.6225000e+02   2.8021269e+01
   5.6250000e+02   2.8021195e+01
   5.6275000e+02   2.8021121e+01
   5.6300000e+02   2.8021047e+01
   5.6325000e+02   2.8020974e+01
   5.6350000e+02   2.8020901e+01
   5.6375000e+02   2.8020828e+01
   5.6400000e+02   2.8020755e+01
   5.6425000e+02   2.8020683e+01
   5.6450000e+02   2.8020611e+01
   5.6475000e+02   2.8020539e+01
   5.6500000e+02   2.8020467e+01
   5.6525000e+02   2.8020396e+01
   5.6550000e+02   2.8020325e+01
   5.6575000e+02   2.8020254e+01
   5.6600000e+02   2.8020183e+01
   5.6625000e+02   2.8020113e+01
   5.6650000e+02   2.8020043e+01
   5.6675000e+02   2.8019973e+01
   5.6700000e+02   2.8019903e+01
   5.6725000e+02   2.8019834e+01
   5.6750000e+02   2.8019765e+01
   5.6775000e+02   2.8019696e+01
   5.6800000e+02   2.8019627e+01
   5.6825000e+02   2.8019559e+01
   5.6850000e+02   2.8019491e+01
   5.6875000e+02   2.8019423e+01
   5.6900000e+02   2.8019355e+01
   5.6925000e+02   2.8019287e+01
   5.6950000e+02   2.8019220e+01
   5.6975000e+02   2.8019153e+01
   5.7000000e+02   2.8019086e+01
   5.7025000e+02   2.8019020e+01
   5.7050000e+02   2.8018954e+01
   5.7075000e+02   2.8018887e+01
   5.7100000e+02   2.8018822e+01
   5.7125000e+02   2.8018756e+01
   5.7150000e+02   2.8018691e+01
   5.7175000e+02   2.8018625e+01
   5.7200000e+02   2.8018561e+01
   5.7225000e+02   2.8018496e+01
   5.7250000e+02   2.8018431e+01
   5.7275000e+02   2.8018367e+01
   5.7300000e+02   2.8018303e+01
   5.7325000e+02   2.8018239e+01
   5.7350000e+02   2.8018176e+01
   5.7375000e+02   2.8018112e+01
   5.7400000e+02   2.8018049e+01
   5.7425000e+02   2.8017986e+01
   5.7450000e+02   2.8017923e+01
   5.7475000e+02   2.8017861e+01
   5.7500000e+02   2.8017799e+01
   5.7525000e+02   2.8017737e+01
   5.7550000e+02   2.8017675e+01
   5.7575000e+02   2.8017613e+01
   5.7600000e+02   2.8017552e+01
   5.7625000e+02   2.8017491e+01
   5.7650000e+02   2.8017430e+01
   5.7675000e+02   2.8017369e+01
   5.7700000e+02   2.8017308e+01
   5.7725000e+02   2.8017248e+01
   5.7750000e+02   2.8017188e+01
   5.7775000e+02   2.8017128e+01
   5.7800000e+02   2.8017068e+01
   5.7825000e+02   2.8017009e+01
   5.7850000e+02   2.8016949e+01
   5.7875000e+02   2.8016890e+01
   5.7900000e+02   2.8016831e+01
   5.7925000e+02   2.8016773e+01
   5.7950000e+02   2.8016714e+01
   5.7975000e+02   2.8016656e+01
   5.8000000e+02   2.8016598e+01
   5.8025000e+02   2.8016540e+01
   5.8050000e+02   2.8016482e+01
   5.8075000e+02   2.8016425e+01
   5.8100000e+02   2.8016368e+01
   5.8125000e+02   2.8016311e+01
   5.8150000e+02   2.8016254e+01
   5.8175000e+02   2.8016197e+01
   5.8200000e+02   2.8016140e+01
   5.8225000e+02   2.8016084e+01
   5.8250000e+02   2.8016028e+01
   5.8275000e+02   2.8015972e+01
   5.8300000e+02   2.8015917e+01
   5.8325000e+02   2.8015861e+01
   5.8350000e+02   2.8015806e+01
   5.8375000e+02   2.8015751e+01
   5.8400000e+02   2.8015696e+01
   5.8425000e+02   2.8015641e+01
   5.8450000e+02   2.8015586e+01
   5.8475000e+02   2.8015532e+01
   5.8500000e+02   2.8015478e+01
   5.8525000e+02   2.8015424e+01
   5.8550000e+02   2.8015370e+01
   5.8575000e+02   2.8015317e+01
   5.8600000e+02   2.8015263e+01
   5.8625000e+02   2.8015210e+01
   5.8650000e+02   2.8015157e+01
   5.8675000e+02   2.8015104e+01
   5.8700000e+02   2.8015052e+01
   5.8725000e+02   2.8014999e+01
   5.8750000e+02   2.8014947e+01
   5.8775000e+02   2.8014895e+01
   5.8800000e+02   2.8014843e+01
   5.8825000e+02   2.8014791e+01
   5.8850000e+02   2.8014739e+01
   5.8875000e+02   2.8014688e+01
   5.8900000e+02   2.8014637e+01
   5.8925000e+02   2.8014586e+01
   5.8950000e+02   2.8014535e+01
   5.8975000e+02   2.8014484e+01
   5.9000000e+02   2.8014434e+01
   5.9025000e+02   2.8014383e+01
   5.9050000e+02   2.8014333e+01
   5.9075000e+02   2.8014283e+01
   5.9100000e+02   2.8014233e+01
   5.9125000e+02   2.8014184e+01
   5.9150000e+02   2.8014134e+01
   5.9175000e+02   2.8014085e+01
   5.9200000e+02   2.8014036e+01
   5.9225000e+02   2.8013987e+01
   5.9250000e+02   2.8013938e+01
   5.9275000e+02   2.8013890e+01
   5.9300000e+02   2.8013841e+01
   5.9325000e+02   2.8013793e+01
   5.9350000e+02   2.8013745e+01
   5.9375000e+02   2.8013697e+01
   5.9400000e+02   2.8013649e+01
   5.9425000e+02   2.8013602e+01
   5.9450000e+02   2.8013554e+01
   5.9475000e+02   2.8013507e+01
   5.9500000e+02   2.8013460e+01
   5.9525000e+02   2.8013413e+01
   5.9550000e+02   2.8013366e+01
   5.9575000e+02   2.8013320e+01
   5.9600000e+02   2.8013273e+01
   5.9625000e+02   2.8013227e+01
   5.9650000e+02   2.8013181e+01
   5.9675000e+02   2.8013135e+01
   5.9700000e+02   2.8013089e+01
   5.9725000e+02   2.8013043e+01
   5.9750000e+02   2.8012998e+01
   5.9775000e+02   2.8012953e+01
   5.9800000e+02   2.8012907e+01
   5.9825000e+02   2.8012862e+01
   5.9850000e+02   2.8012818e+01
   5.9875000e+02   2.8012773e+01
   5.9900000e+02   2.8012728e+01
   5.9925000e+02   2.8012684e+01
   5.9950000e+02   2.8012640e+01
   5.9975000e+02   2.8012596e+01
   6.0000000e+02   2.8012552e+01
