   0.0000000e+00   9.5473684e+01
   2.5000000e-01   9.5323053e+01
   5.0000000e-01   9.5172817e+01
   7.5000000e-01   9.5022975e+01
   1.0000000e+00   9.4873525e+01
   1.2500000e+00   9.4724467e+01
   1.5000000e+00   9.4575799e+01
   1.7500000e+00   9.4427522e+01
   2.0000000e+00   9.4279632e+01
   2.2500000e+00   9.4132131e+01
   2.5000000e+00   9.3985016e+01
   2.7500000e+00   9.3838287e+01
   3.0000000e+00   9.3691942e+01
   3.2500000e+00   9.3545980e+01
   3.5000000e+00   9.3400402e+01
   3.7500000e+00   9.3255205e+01
   4.0000000e+00   9.3110388e+01
   4.2500000e+00   9.2965951e+01
   4.5000000e+00   9.2821892e+01
   4.7500000e+00   9.2678211e+01
   5.0000000e+00   9.2534907e+01
   5.2500000e+00   9.2391978e+01
   5.5000000e+00   9.2249424e+01
   5.7500000e+00   9.2107243e+01
   6.0000000e+00   9.1965435e+01
   6.2500000e+00   9.1823999e+01
   6.5000000e+00   9.1682933e+01
   6.7500000e+00   9.1542237e+01
   7.0000000e+00   9.1401910e+01
   7.2500000e+00   9.1261951e+01
   7.5000000e+00   9.1122358e+01
   7.7500000e+00   9.0983131e+01
   8.0000000e+00   9.0844269e+01
   8.2500000e+00   9.0705772e+01
   8.5000000e+00   9.0567637e+01
   8.7500000e+00   9.0429864e+01
   9.0000000e+00   9.0292452e+01
   9.2500000e+00   9.0155400e+01
   9.5000000e+00   9.0018708e+01
   9.7500000e+00   8.9882374e+01
   1.0000000e+01   8.9746397e+01
   1.0250000e+01   8.9610776e+01
   1.0500000e+01   8.9475511e+01
   1.0750000e+01   8.9340601e+01
   1.1000000e+01   8.9206044e+01
   1.1250000e+01   8.9071839e+01
   1.1500000e+01   8.8937987e+01
   1.1750000e+01   8.8804485e+01
   1.2000000e+01   8.8671333e+01
   1.2250000e+01   8.8538530e+01
   1.2500000e+01   8.8406075e+01
   1.2750000e+01   8.8273967e+01
   1.3000000e+01   8.8142206e+01
   1.3250000e+01   8.8010790e+01
   1.3500000e+01   8.7879718e+01
   1.3750000e+01   8.7748990e+01
   1.4000000e+01   8.7618604e+01
   1.4250000e+01   8.7488560e+01
   1.4500000e+01   8.7358857e+01
   1.4750000e+01   8.7229494e+01
   1.5000000e+01   8.7100470e+01
   1.5250000e+01   8.6971784e+01
   1.5500000e+01   8.6843436e+01
   1.5750000e+01   8.6715424e+01
   1.6000000e+01   8.6587747e+01
   1.6250000e+01   8.6460405e+01
   1.6500000e+01   8.6333396e+01
   1.6750000e+01   8.6206721e+01
   1.7000000e+01   8.6080377e+01
   1.7250000e+01   8.5954365e+01
   1.7500000e+01   8.5828683e+01
   1.7750000e+01   8.5703330e+01
   1.8000000e+01   8.5578306e+01
   1.8250000e+01   8.5453609e+01
   1.8500000e+01   8.5329240e+01
   1.8750000e+01   8.5205196e+01
   1.9000000e+01   8.5081477e+01
   1.9250000e+01   8.4958083e+01
   1.9500000e+01   8.4835012e+01
   1.9750000e+01   8.4712264e+01
   2.0000000e+01   8.4589837e+01
   2.0250000e+01   8.4467731e+01
   2.0500000e+01   8.4345945e+01
   2.0750000e+01   8.4224479e+01
   2.1000000e+01   8.4103330e+01
   2.1250000e+01   8.3982500e+01
   2.1500000e+01   8.3861985e+01
   2.1750000e+01   8.3741787e+01
   2.2000000e+01   8.3621904e+01
   2.2250000e+01   8.3502335e+01
   2.2500000e+01   8.3383079e+01
   2.2750000e+01   8.3264136e+01
   2.3000000e+01   8.3145505e+01
   2.3250000e+01   8.3027184e+01
   2.3500000e+01   8.2909174e+01
   2.3750000e+01   8.2791473e+01
   2.4000000e+01   8.2674080e+01
   2.4250000e+01   8.2556995e+01
   2.4500000e+01   8.2440217e+01
   2.4750000e+01   8.2323745e+01
   2.5000000e+01   8.2207579e+01
   2.5250000e+01   8.2091716e+01
   2.5500000e+01   8.1976158e+01
   2.5750000e+01   8.1860902e+01
   2.6000000e+01   8.1745948e+01
   2.6250000e+01   8.1631296e+01
   2.6500000e+01   8.1516944e+01
   2.6750000e+01   8.1402892e+01
   2.7000000e+01   8.1289139e+01
   2.7250000e+01   8.1175683e+01
   2.7500000e+01   8.1062526e+01
   2.7750000e+01   8.0949664e+01
   2.8000000e+01   8.0837099e+01
   2.8250000e+01   8.0724829e+01
   2.8500000e+01   8.0612852e+01
   2.8750000e+01   8.0501170e+01
   2.9000000e+01   8.0389780e+01
   2.9250000e+01   8.0278682e+01
   2.9500000e+01   8.0167875e+01
   2.9750000e+01   8.0057358e+01
   3.0000000e+01   7.9947131e+01
   3.0250000e+01   7.9837194e+01
   3.0500000e+01   7.9727544e+01
   3.0750000e+01   7.9618181e+01
   3.1000000e+01   7.9509105e+01
   3.1250000e+01   7.9400316e+01
   3.1500000e+01   7.9291811e+01
   3.1750000e+01   7.9183590e+01
   3.2000000e+01   7.9075654e+01
   3.2250000e+01   7.8968000e+01
   3.2500000e+01   7.8860628e+01
   3.2750000e+01   7.8753538e+01
   3.3000000e+01   7.8646728e+01
   3.3250000e+01   7.8540198e+01
   3.3500000e+01   7.8433948e+01
   3.3750000e+01   7.8327975e+01
   3.4000000e+01   7.8222281e+01
   3.4250000e+01   7.8116864e+01
   3.4500000e+01   7.8011723e+01
   3.4750000e+01   7.7906857e+01
   3.5000000e+01   7.7802267e+01
   3.5250000e+01   7.7697950e+01
   3.5500000e+01   7.7593907e+01
   3.5750000e+01   7.7490137e+01
   3.6000000e+01   7.7386638e+01
   3.6250000e+01   7.7283411e+01
   3.6500000e+01   7.7180454e+01
   3.6750000e+01   7.7077767e+01
   3.7000000e+01   7.6975350e+01
   3.7250000e+01   7.6873200e+01
   3.7500000e+01   7.6771319e+01
   3.7750000e+01   7.6669704e+01
   3.8000000e+01   7.6568356e+01
   3.8250000e+01   7.6467273e+01
   3.8500000e+01   7.6366456e+01
   3.8750000e+01   7.6265902e+01
   3.9000000e+01   7.6165612e+01
   3.9250000e+01   7.6065585e+01
   3.9500000e+01   7.5965820e+01
   3.9750000e+01   7.5866317e+01
   4.0000000e+01   7.5767074e+01
   4.0250000e+01   7.5668092e+01
   4.0500000e+01   7.5569369e+01
   4.0750000e+01   7.5470904e+01
   4.1000000e+01   7.5372698e+01
   4.1250000e+01   7.5274749e+01
   4.1500000e+01   7.5177057e+01
   4.1750000e+01   7.5079621e+01
   4.2000000e+01   7.4982440e+01
   4.2250000e+01   7.4885514e+01
   4.2500000e+01   7.4788842e+01
   4.2750000e+01   7.4692423e+01
   4.3000000e+01   7.4596257e+01
   4.3250000e+01   7.4500343e+01
   4.3500000e+01   7.4404680e+01
   4.3750000e+01   7.4309268e+01
   4.4000000e+01   7.4214106e+01
   4.4250000e+01   7.4119194e+01
   4.4500000e+01   7.4024530e+01
   4.4750000e+01   7.3930115e+01
   4.5000000e+01   7.3835947e+01
   4.5250000e+01   7.3742025e+01
   4.5500000e+01   7.3648350e+01
   4.5750000e+01   7.3554921e+01
   4.6000000e+01   7.3461736e+01
   4.6250000e+01   7.3368795e+01
   4.6500000e+01   7.3276098e+01
   4.6750000e+01   7.3183644e+01
   4.7000000e+01   7.3091432e+01
   4.7250000e+01   7.2999462e+01
   4.7500000e+01   7.2907733e+01
   4.7750000e+01   7.2816245e+01
   4.8000000e+01   7.2724996e+01
   4.8250000e+01   7.2633986e+01
   4.8500000e+01   7.2543215e+01
   4.8750000e+01   7.2452682e+01
   4.9000000e+01   7.2362386e+01
   4.9250000e+01   7.2272327e+01
   4.9500000e+01   7.2182503e+01
   4.9750000e+01   7.2092916e+01
   5.0000000e+01   7.2003563e+01
   5.0250000e+01   7.1914444e+01
   5.0500000e+01   7.1825558e+01
   5.0750000e+01   7.1736906e+01
   5.1000000e+01   7.1648486e+01
   5.1250000e+01   7.1560298e+01
   5.1500000e+01   7.1472341e+01
   5.1750000e+01   7.1384614e+01
   5.2000000e+01   7.1297117e+01
   5.2250000e+01   7.1209850e+01
   5.2500000e+01   7.1122811e+01
   5.2750000e+01   7.1036001e+01
   5.3000000e+01   7.0949418e+01
   5.3250000e+01   7.0863062e+01
   5.3500000e+01   7.0776932e+01
   5.3750000e+01   7.0691028e+01
   5.4000000e+01   7.0605349e+01
   5.4250000e+01   7.0519894e+01
   5.4500000e+01   7.0434664e+01
   5.4750000e+01   7.0349657e+01
   5.5000000e+01   7.0264873e+01
   5.5250000e+01   7.0180311e+01
   5.5500000e+01   7.0095970e+01
   5.5750000e+01   7.0011851e+01
   5.6000000e+01   6.9927952e+01
   5.6250000e+01   6.9844273e+01
   5.6500000e+01   6.9760814e+01
   5.6750000e+01   6.9677573e+01
   5.7000000e+01   6.9594550e+01
   5.7250000e+01   6.9511745e+01
   5.7500000e+01   6.9429157e+01
   5.7750000e+01   6.9346785e+01
   5.8000000e+01   6.9264629e+01
   5.8250000e+01   6.9182689e+01
   5.8500000e+01   6.9100963e+01
   5.8750000e+01   6.9019451e+01
   5.9000000e+01   6.8938153e+01
   5.9250000e+01   6.8857069e+01
   5.9500000e+01   6.8776196e+01
   5.9750000e+01   6.8695536e+01
   6.0000000e+01   6.8615087e+01
   6.0250000e+01   6.8534849e+01
   6.0500000e+01   6.8454821e+01
   6.0750000e+01   6.8375003e+01
   6.1000000e+01   6.8295394e+01
   6.1250000e+01   6.8215994e+01
   6.1500000e+01   6.8136802e+01
   6.1750000e+01   6.8057817e+01
   6.2000000e+01   6.7979039e+01
   6.2250000e+01   6.7900468e+01
   6.2500000e+01   6.7822103e+01
   6.2750000e+01   6.7743943e+01
   6.3000000e+01   6.7665988e+01
   6.3250000e+01   6.7588238e+01
   6.3500000e+01   6.7510691e+01
   6.3750000e+01   6.7433347e+01
   6.4000000e+01   6.7356206e+01
   6.4250000e+01   6.7279267e+01
   6.4500000e+01   6.7202530e+01
   6.4750000e+01   6.7125994e+01
   6.5000000e+01   6.7049659e+01
   6.5250000e+01   6.6973523e+01
   6.5500000e+01   6.6897588e+01
   6.5750000e+01   6.6821851e+01
   6.6000000e+01   6.6746312e+01
   6.6250000e+01   6.6670972e+01
   6.6500000e+01   6.6595829e+01
   6.6750000e+01   6.6520883e+01
   6.7000000e+01   6.6446134e+01
   6.7250000e+01   6.6371580e+01
   6.7500000e+01   6.6297222e+01
   6.7750000e+01   6.6223059e+01
   6.8000000e+01   6.6149090e+01
   6.8250000e+01   6.6075315e+01
   6.8500000e+01   6.6001733e+01
   6.8750000e+01   6.5928344e+01
   6.9000000e+01   6.5855148e+01
   6.9250000e+01   6.5782143e+01
   6.9500000e+01   6.5709330e+01
   6.9750000e+01   6.5636707e+01
   7.0000000e+01   6.5564275e+01
   7.0250000e+01   6.5492033e+01
   7.0500000e+01   6.5419980e+01
   7.0750000e+01   6.5348115e+01
   7.1000000e+01   6.5276440e+01
   7.1250000e+01   6.5204952e+01
   7.1500000e+01   6.5133651e+01
   7.1750000e+01   6.5062537e+01
   7.2000000e+01   6.4991610e+01
   7.2250000e+01   6.4920868e+01
   7.2500000e+01   6.4850312e+01
   7.2750000e+01   6.4779941e+01
   7.3000000e+01   6.4709754e+01
   7.3250000e+01   6.4639752e+01
   7.3500000e+01   6.4569932e+01
   7.3750000e+01   6.4500296e+01
   7.4000000e+01   6.4430842e+01
   7.4250000e+01   6.4361571e+01
   7.4500000e+01   6.4292480e+01
   7.4750000e+01   6.4223571e+01
   7.5000000e+01   6.4154843e+01
   7.5250000e+01   6.4086294e+01
   7.5500000e+01   6.4017925e+01
   7.5750000e+01   6.3949736e+01
   7.6000000e+01   6.3881725e+01
   7.6250000e+01   6.3813892e+01
   7.6500000e+01   6.3746238e+01
   7.6750000e+01   6.3678760e+01
   7.7000000e+01   6.3611459e+01
   7.7250000e+01   6.3544335e+01
   7.7500000e+01   6.3477387e+01
   7.7750000e+01   6.3410614e+01
   7.8000000e+01   6.3344016e+01
   7.8250000e+01   6.3277593e+01
   7.8500000e+01   6.3211343e+01
   7.8750000e+01   6.3145268e+01
   7.9000000e+01   6.3079365e+01
   7.9250000e+01   6.3013636e+01
   7.9500000e+01   6.2948078e+01
   7.9750000e+01   6.2882692e+01
   8.0000000e+01   6.2817478e+01
   8.0250000e+01   6.2752435e+01
   8.0500000e+01   6.2687562e+01
   8.0750000e+01   6.2622859e+01
   8.1000000e+01   6.2558326e+01
   8.1250000e+01   6.2493962e+01
   8.1500000e+01   6.2429766e+01
   8.1750000e+01   6.2365739e+01
   8.2000000e+01   6.2301880e+01
   8.2250000e+01   6.2238188e+01
   8.2500000e+01   6.2174662e+01
   8.2750000e+01   6.2111304e+01
   8.3000000e+01   6.2048111e+01
   8.3250000e+01   6.1985084e+01
   8.3500000e+01   6.1922223e+01
   8.3750000e+01   6.1859526e+01
   8.4000000e+01   6.1796993e+01
   8.4250000e+01   6.1734624e+01
   8.4500000e+01   6.1672419e+01
   8.4750000e+01   6.1610376e+01
   8.5000000e+01   6.1548497e+01
   8.5250000e+01   6.1486779e+01
   8.5500000e+01   6.1425223e+01
   8.5750000e+01   6.1363829e+01
   8.6000000e+01   6.1302595e+01
   8.6250000e+01   6.1241522e+01
   8.6500000e+01   6.1180609e+01
   8.6750000e+01   6.1119856e+01
   8.7000000e+01   6.1059262e+01
   8.7250000e+01   6.0998827e+01
   8.7500000e+01   6.0938550e+01
   8.7750000e+01   6.0878431e+01
   8.8000000e+01   6.0818469e+01
   8.8250000e+01   6.0758665e+01
   8.8500000e+01   6.0699018e+01
   8.8750000e+01   6.0639527e+01
   8.9000000e+01   6.0580191e+01
   8.9250000e+01   6.0521012e+01
   8.9500000e+01   6.0461987e+01
   8.9750000e+01   6.0403117e+01
   9.0000000e+01   6.0344401e+01
   9.0250000e+01   6.0285840e+01
   9.0500000e+01   6.0227431e+01
   9.0750000e+01   6.0169176e+01
   9.1000000e+01   6.0111074e+01
   9.1250000e+01   6.0053124e+01
   9.1500000e+01   5.9995325e+01
   9.1750000e+01   5.9937678e+01
   9.2000000e+01   5.9880183e+01
   9.2250000e+01   5.9822837e+01
   9.2500000e+01   5.9765643e+01
   9.2750000e+01   5.9708598e+01
   9.3000000e+01   5.9651702e+01
   9.3250000e+01   5.9594956e+01
   9.3500000e+01   5.9538359e+01
   9.3750000e+01   5.9481909e+01
   9.4000000e+01   5.9425608e+01
   9.4250000e+01   5.9369454e+01
   9.4500000e+01   5.9313448e+01
   9.4750000e+01   5.9257588e+01
   9.5000000e+01   5.9201875e+01
   9.5250000e+01   5.9146307e+01
   9.5500000e+01   5.9090886e+01
   9.5750000e+01   5.9035609e+01
   9.6000000e+01   5.8980478e+01
   9.6250000e+01   5.8925491e+01
   9.6500000e+01   5.8870648e+01
   9.6750000e+01   5.8815948e+01
   9.7000000e+01   5.8761393e+01
   9.7250000e+01   5.8706980e+01
   9.7500000e+01   5.8652709e+01
   9.7750000e+01   5.8598581e+01
   9.8000000e+01   5.8544595e+01
   9.8250000e+01   5.8490750e+01
   9.8500000e+01   5.8437047e+01
   9.8750000e+01   5.8383484e+01
   9.9000000e+01   5.8330062e+01
   9.9250000e+01   5.8276779e+01
   9.9500000e+01   5.8223636e+01
   9.9750000e+01   5.8170633e+01
   1.0000000e+02   5.8117768e+01
   1.0025000e+02   5.8065042e+01
   1.0050000e+02   5.8012454e+01
   1.0075000e+02   5.7960004e+01
   1.0100000e+02   5.7907692e+01
   1.0125000e+02   5.7855516e+01
   1.0150000e+02   5.7803478e+01
   1.0175000e+02   5.7751575e+01
   1.0200000e+02   5.7699809e+01
   1.0225000e+02   5.7648178e+01
   1.0250000e+02   5.7596683e+01
   1.0275000e+02   5.7545323e+01
   1.0300000e+02   5.7494097e+01
   1.0325000e+02   5.7443006e+01
   1.0350000e+02   5.7392048e+01
   1.0375000e+02   5.7341224e+01
   1.0400000e+02   5.7290533e+01
   1.0425000e+02   5.7239975e+01
   1.0450000e+02   5.7189550e+01
   1.0475000e+02   5.7139257e+01
   1.0500000e+02   5.7089095e+01
   1.0525000e+02   5.7039065e+01
   1.0550000e+02   5.6989166e+01
   1.0575000e+02   5.6939398e+01
   1.0600000e+02   5.6889760e+01
   1.0625000e+02   5.6840253e+01
   1.0650000e+02   5.6790875e+01
   1.0675000e+02   5.6741627e+01
   1.0700000e+02   5.6692507e+01
   1.0725000e+02   5.6643517e+01
   1.0750000e+02   5.6594654e+01
   1.0775000e+02   5.6545920e+01
   1.0800000e+02   5.6497314e+01
   1.0825000e+02   5.6448835e+01
   1.0850000e+02   5.6400483e+01
   1.0875000e+02   5.6352258e+01
   1.0900000e+02   5.6304159e+01
   1.0925000e+02   5.6256186e+01
   1.0950000e+02   5.6208339e+01
   1.0975000e+02   5.6160617e+01
   1.1000000e+02   5.6113021e+01
   1.1025000e+02   5.6065549e+01
   1.1050000e+02   5.6018201e+01
   1.1075000e+02   5.5970978e+01
   1.1100000e+02   5.5923878e+01
   1.1125000e+02   5.5876902e+01
   1.1150000e+02   5.5830049e+01
   1.1175000e+02   5.5783319e+01
   1.1200000e+02   5.5736711e+01
   1.1225000e+02   5.5690226e+01
   1.1250000e+02   5.5643862e+01
   1.1275000e+02   5.5597620e+01
   1.1300000e+02   5.5551499e+01
   1.1325000e+02   5.5505498e+01
   1.1350000e+02   5.5459619e+01
   1.1375000e+02   5.5413859e+01
   1.1400000e+02   5.5368220e+01
   1.1425000e+02   5.5322700e+01
   1.1450000e+02   5.5277300e+01
   1.1475000e+02   5.5232018e+01
   1.1500000e+02   5.5186855e+01
   1.1525000e+02   5.5141811e+01
   1.1550000e+02   5.5096884e+01
   1.1575000e+02   5.5052076e+01
   1.1600000e+02   5.5007384e+01
   1.1625000e+02   5.4962810e+01
   1.1650000e+02   5.4918353e+01
   1.1675000e+02   5.4874012e+01
   1.1700000e+02   5.4829787e+01
   1.1725000e+02   5.4785679e+01
   1.1750000e+02   5.4741686e+01
   1.1775000e+02   5.4697808e+01
   1.1800000e+02   5.4654045e+01
   1.1825000e+02   5.4610397e+01
   1.1850000e+02   5.4566863e+01
   1.1875000e+02   5.4523444e+01
   1.1900000e+02   5.4480138e+01
   1.1925000e+02   5.4436946e+01
   1.1950000e+02   5.4393867e+01
   1.1975000e+02   5.4350901e+01
   1.2000000e+02   5.4308047e+01
   1.2025000e+02   5.4265306e+01
   1.2050000e+02   5.4222677e+01
   1.2075000e+02   5.4180159e+01
   1.2100000e+02   5.4137753e+01
   1.2125000e+02   5.4095458e+01
   1.2150000e+02   5.4053274e+01
   1.2175000e+02   5.4011200e+01
   1.2200000e+02   5.3969237e+01
   1.2225000e+02   5.3927384e+01
   1.2250000e+02   5.3885640e+01
   1.2275000e+02   5.3844006e+01
   1.2300000e+02   5.3802481e+01
   1.2325000e+02   5.3761065e+01
   1.2350000e+02   5.3719757e+01
   1.2375000e+02   5.3678558e+01
   1.2400000e+02   5.3637466e+01
   1.2425000e+02   5.3596483e+01
   1.2450000e+02   5.3555606e+01
   1.2475000e+02   5.3514837e+01
   1.2500000e+02   5.3474175e+01
   1.2525000e+02   5.3433619e+01
   1.2550000e+02   5.3393169e+01
   1.2575000e+02   5.3352826e+01
   1.2600000e+02   5.3312588e+01
   1.2625000e+02   5.3272456e+01
   1.2650000e+02   5.3232429e+01
   1.2675000e+02   5.3192507e+01
   1.2700000e+02   5.3152689e+01
   1.2725000e+02   5.3112976e+01
   1.2750000e+02   5.3073367e+01
   1.2775000e+02   5.3033861e+01
   1.2800000e+02   5.2994460e+01
   1.2825000e+02   5.2955161e+01
   1.2850000e+02   5.2915966e+01
   1.2875000e+02   5.2876873e+01
   1.2900000e+02   5.2837882e+01
   1.2925000e+02   5.2798994e+01
   1.2950000e+02   5.2760208e+01
   1.2975000e+02   5.2721523e+01
   1.3000000e+02   5.2682940e+01
   1.3025000e+02   5.2644458e+01
   1.3050000e+02   5.2606077e+01
   1.3075000e+02   5.2567796e+01
   1.3100000e+02   5.2529616e+01
   1.3125000e+02   5.2491536e+01
   1.3150000e+02   5.2453555e+01
   1.3175000e+02   5.2415675e+01
   1.3200000e+02   5.2377893e+01
   1.3225000e+02   5.2340210e+01
   1.3250000e+02   5.2302627e+01
   1.3275000e+02   5.2265141e+01
   1.3300000e+02   5.2227754e+01
   1.3325000e+02   5.2190465e+01
   1.3350000e+02   5.2153274e+01
   1.3375000e+02   5.2116180e+01
   1.3400000e+02   5.2079183e+01
   1.3425000e+02   5.2042284e+01
   1.3450000e+02   5.2005481e+01
   1.3475000e+02   5.1968774e+01
   1.3500000e+02   5.1932164e+01
   1.3525000e+02   5.1895649e+01
   1.3550000e+02   5.1859231e+01
   1.3575000e+02   5.1822907e+01
   1.3600000e+02   5.1786679e+01
   1.3625000e+02   5.1750546e+01
   1.3650000e+02   5.1714508e+01
   1.3675000e+02   5.1678564e+01
   1.3700000e+02   5.1642714e+01
   1.3725000e+02   5.1606959e+01
   1.3750000e+02   5.1571297e+01
   1.3775000e+02   5.1535728e+01
   1.3800000e+02   5.1500253e+01
   1.3825000e+02   5.1464870e+01
   1.3850000e+02   5.1429580e+01
   1.3875000e+02   5.1394383e+01
   1.3900000e+02   5.1359278e+01
   1.3925000e+02   5.1324265e+01
   1.3950000e+02   5.1289344e+01
   1.3975000e+02   5.1254515e+01
   1.4000000e+02   5.1219776e+01
   1.4025000e+02   5.1185129e+01
   1.4050000e+02   5.1150573e+01
   1.4075000e+02   5.1116107e+01
   1.4100000e+02   5.1081731e+01
   1.4125000e+02   5.1047446e+01
   1.4150000e+02   5.1013250e+01
   1.4175000e+02   5.0979144e+01
   1.4200000e+02   5.0945127e+01
   1.4225000e+02   5.0911200e+01
   1.4250000e+02   5.0877361e+01
   1.4275000e+02   5.0843611e+01
   1.4300000e+02   5.0809950e+01
   1.4325000e+02   5.0776377e+01
   1.4350000e+02   5.0742891e+01
   1.4375000e+02   5.0709494e+01
   1.4400000e+02   5.0676184e+01
   1.4425000e+02   5.0642962e+01
   1.4450000e+02   5.0609826e+01
   1.4475000e+02   5.0576777e+01
   1.4500000e+02   5.0543815e+01
   1.4525000e+02   5.0510939e+01
   1.4550000e+02   5.0478150e+01
   1.4575000e+02   5.0445446e+01
   1.4600000e+02   5.0412828e+01
   1.4625000e+02   5.0380296e+01
   1.4650000e+02   5.0347849e+01
   1.4675000e+02   5.0315487e+01
   1.4700000e+02   5.0283210e+01
   1.4725000e+02   5.0251017e+01
   1.4750000e+02   5.0218909e+01
   1.4775000e+02   5.0186884e+01
   1.4800000e+02   5.0154944e+01
   1.4825000e+02   5.0123088e+01
   1.4850000e+02   5.0091315e+01
   1.4875000e+02   5.0059625e+01
   1.4900000e+02   5.0028018e+01
   1.4925000e+02   4.9996494e+01
   1.4950000e+02   4.9965053e+01
   1.4975000e+02   4.9933694e+01
   1.5000000e+02   4.9902418e+01
   1.5025000e+02   4.9871223e+01
   1.5050000e+02   4.9840110e+01
   1.5075000e+02   4.9809079e+01
   1.5100000e+02   4.9778129e+01
   1.5125000e+02   4.9747260e+01
   1.5150000e+02   4.9716472e+01
   1.5175000e+02   4.9685764e+01
   1.5200000e+02   4.9655137e+01
   1.5225000e+02   4.9624591e+01
   1.5250000e+02   4.9594124e+01
   1.5275000e+02   4.9563738e+01
   1.5300000e+02   4.9533431e+01
   1.5325000e+02   4.9503203e+01
   1.5350000e+02   4.9473055e+01
   1.5375000e+02   4.9442985e+01
   1.5400000e+02   4.9412995e+01
   1.5425000e+02   4.9383083e+01
   1.5450000e+02   4.9353249e+01
   1.5475000e+02   4.9323494e+01
   1.5500000e+02   4.9293816e+01
   1.5525000e+02   4.9264217e+01
   1.5550000e+02   4.9234695e+01
   1.5575000e+02   4.9205250e+01
   1.5600000e+02   4.9175883e+01
   1.5625000e+02   4.9146592e+01
   1.5650000e+02   4.9117378e+01
   1.5675000e+02   4.9088241e+01
   1.5700000e+02   4.9059180e+01
   1.5725000e+02   4.9030196e+01
   1.5750000e+02   4.9001287e+01
   1.5775000e+02   4.8972454e+01
   1.5800000e+02   4.8943697e+01
   1.5825000e+02   4.8915015e+01
   1.5850000e+02   4.8886408e+01
   1.5875000e+02   4.8857876e+01
   1.5900000e+02   4.8829419e+01
   1.5925000e+02   4.8801036e+01
   1.5950000e+02   4.8772728e+01
   1.5975000e+02   4.8744494e+01
   1.6000000e+02   4.8716334e+01
   1.6025000e+02   4.8688248e+01
   1.6050000e+02   4.8660236e+01
   1.6075000e+02   4.8632297e+01
   1.6100000e+02   4.8604431e+01
   1.6125000e+02   4.8576638e+01
   1.6150000e+02   4.8548918e+01
   1.6175000e+02   4.8521271e+01
   1.6200000e+02   4.8493696e+01
   1.6225000e+02   4.8466193e+01
   1.6250000e+02   4.8438763e+01
   1.6275000e+02   4.8411404e+01
   1.6300000e+02   4.8384117e+01
   1.6325000e+02   4.8356902e+01
   1.6350000e+02   4.8329758e+01
   1.6375000e+02   4.8302685e+01
   1.6400000e+02   4.8275683e+01
   1.6425000e+02   4.8248752e+01
   1.6450000e+02   4.8221891e+01
   1.6475000e+02   4.8195101e+01
   1.6500000e+02   4.8168381e+01
   1.6525000e+02   4.8141731e+01
   1.6550000e+02   4.8115151e+01
   1.6575000e+02   4.8088640e+01
   1.6600000e+02   4.8062199e+01
   1.6625000e+02   4.8035827e+01
   1.6650000e+02   4.8009525e+01
   1.6675000e+02   4.7983291e+01
   1.6700000e+02   4.7957126e+01
   1.6725000e+02   4.7931030e+01
   1.6750000e+02   4.7905002e+01
   1.6775000e+02   4.7879042e+01
   1.6800000e+02   4.7853151e+01
   1.6825000e+02   4.7827327e+01
   1.6850000e+02   4.7801571e+01
   1.6875000e+02   4.7775882e+01
   1.6900000e+02   4.7750261e+01
   1.6925000e+02   4.7724707e+01
   1.6950000e+02   4.7699219e+01
   1.6975000e+02   4.7673799e+01
   1.7000000e+02   4.7648445e+01
   1.7025000e+02   4.7623158e+01
   1.7050000e+02   4.7597937e+01
   1.7075000e+02   4.7572782e+01
   1.7100000e+02   4.7547693e+01
   1.7125000e+02   4.7522670e+01
   1.7150000e+02   4.7497712e+01
   1.7175000e+02   4.7472820e+01
   1.7200000e+02   4.7447993e+01
   1.7225000e+02   4.7423231e+01
   1.7250000e+02   4.7398534e+01
   1.7275000e+02   4.7373901e+01
   1.7300000e+02   4.7349334e+01
   1.7325000e+02   4.7324830e+01
   1.7350000e+02   4.7300391e+01
   1.7375000e+02   4.7276016e+01
   1.7400000e+02   4.7251705e+01
   1.7425000e+02   4.7227457e+01
   1.7450000e+02   4.7203273e+01
   1.7475000e+02   4.7179153e+01
   1.7500000e+02   4.7155095e+01
   1.7525000e+02   4.7131101e+01
   1.7550000e+02   4.7107170e+01
   1.7575000e+02   4.7083301e+01
   1.7600000e+02   4.7059495e+01
   1.7625000e+02   4.7035751e+01
   1.7650000e+02   4.7012070e+01
   1.7675000e+02   4.6988450e+01
   1.7700000e+02   4.6964893e+01
   1.7725000e+02   4.6941397e+01
   1.7750000e+02   4.6917963e+01
   1.7775000e+02   4.6894590e+01
   1.7800000e+02   4.6871278e+01
   1.7825000e+02   4.6848028e+01
   1.7850000e+02   4.6824838e+01
   1.7875000e+02   4.6801709e+01
   1.7900000e+02   4.6778641e+01
   1.7925000e+02   4.6755634e+01
   1.7950000e+02   4.6732686e+01
   1.7975000e+02   4.6709799e+01
   1.8000000e+02   4.6686972e+01
   1.8025000e+02   4.6664204e+01
   1.8050000e+02   4.6641497e+01
   1.8075000e+02   4.6618848e+01
   1.8100000e+02   4.6596260e+01
   1.8125000e+02   4.6573730e+01
   1.8150000e+02   4.6551259e+01
   1.8175000e+02   4.6528848e+01
   1.8200000e+02   4.6506495e+01
   1.8225000e+02   4.6484200e+01
   1.8250000e+02   4.6461964e+01
   1.8275000e+02   4.6439786e+01
   1.8300000e+02   4.6417667e+01
   1.8325000e+02   4.6395605e+01
   1.8350000e+02   4.6373602e+01
   1.8375000e+02   4.6351655e+01
   1.8400000e+02   4.6329767e+01
   1.8425000e+02   4.6307936e+01
   1.8450000e+02   4.6286162e+01
   1.8475000e+02   4.6264445e+01
   1.8500000e+02   4.6242785e+01
   1.8525000e+02   4.6221181e+01
   1.8550000e+02   4.6199635e+01
   1.8575000e+02   4.6178145e+01
   1.8600000e+02   4.6156711e+01
   1.8625000e+02   4.6135333e+01
   1.8650000e+02   4.6114011e+01
   1.8675000e+02   4.6092746e+01
   1.8700000e+02   4.6071536e+01
   1.8725000e+02   4.6050381e+01
   1.8750000e+02   4.6029282e+01
   1.8775000e+02   4.6008238e+01
   1.8800000e+02   4.5987250e+01
   1.8825000e+02   4.5966316e+01
   1.8850000e+02   4.5945438e+01
   1.8875000e+02   4.5924614e+01
   1.8900000e+02   4.5903844e+01
   1.8925000e+02   4.5883129e+01
   1.8950000e+02   4.5862469e+01
   1.8975000e+02   4.5841862e+01
   1.9000000e+02   4.5821310e+01
   1.9025000e+02   4.5800811e+01
   1.9050000e+02   4.5780366e+01
   1.9075000e+02   4.5759975e+01
   1.9100000e+02   4.5739637e+01
   1.9125000e+02   4.5719353e+01
   1.9150000e+02   4.5699121e+01
   1.9175000e+02   4.5678943e+01
   1.9200000e+02   4.5658817e+01
   1.9225000e+02   4.5638744e+01
   1.9250000e+02   4.5618724e+01
   1.9275000e+02   4.5598757e+01
   1.9300000e+02   4.5578841e+01
   1.9325000e+02   4.5558978e+01
   1.9350000e+02   4.5539167e+01
   1.9375000e+02   4.5519408e+01
   1.9400000e+02   4.5499701e+01
   1.9425000e+02   4.5480045e+01
   1.9450000e+02   4.5460441e+01
   1.9475000e+02   4.5440888e+01
   1.9500000e+02   4.5421386e+01
   1.9525000e+02   4.5401936e+01
   1.9550000e+02   4.5382536e+01
   1.9575000e+02   4.5363187e+01
   1.9600000e+02   4.5343890e+01
   1.9625000e+02   4.5324642e+01
   1.9650000e+02   4.5305445e+01
   1.9675000e+02   4.5286299e+01
   1.9700000e+02   4.5267202e+01
   1.9725000e+02   4.5248156e+01
   1.9750000e+02   4.5229159e+01
   1.9775000e+02   4.5210213e+01
   1.9800000e+02   4.5191316e+01
   1.9825000e+02   4.5172468e+01
   1.9850000e+02   4.5153670e+01
   1.9875000e+02   4.5134921e+01
   1.9900000e+02   4.5116222e+01
   1.9925000e+02   4.5097571e+01
   1.9950000e+02   4.5078969e+01
   1.9975000e+02   4.5060416e+01
   2.0000000e+02   4.5041912e+01
   2.0025000e+02   4.5023456e+01
   2.0050000e+02   4.5005048e+01
   2.0075000e+02   4.4986689e+01
   2.0100000e+02   4.4968378e+01
   2.0125000e+02   4.4950114e+01
   2.0150000e+02   4.4931899e+01
   2.0175000e+02   4.4913731e+01
   2.0200000e+02   4.4895611e+01
   2.0225000e+02   4.4877539e+01
   2.0250000e+02   4.4859514e+01
   2.0275000e+02   4.4841536e+01
   2.0300000e+02   4.4823605e+01
   2.0325000e+02   4.4805721e+01
   2.0350000e+02   4.4787884e+01
   2.0375000e+02   4.4770094e+01
   2.0400000e+02   4.4752351e+01
   2.0425000e+02   4.4734654e+01
   2.0450000e+02   4.4717003e+01
   2.0475000e+02   4.4699399e+01
   2.0500000e+02   4.4681841e+01
   2.0525000e+02   4.4664328e+01
   2.0550000e+02   4.4646862e+01
   2.0575000e+02   4.4629441e+01
   2.0600000e+02   4.4612067e+01
   2.0625000e+02   4.4594737e+01
   2.0650000e+02   4.4577453e+01
   2.0675000e+02   4.4560215e+01
   2.0700000e+02   4.4543021e+01
   2.0725000e+02   4.4525873e+01
   2.0750000e+02   4.4508769e+01
   2.0775000e+02   4.4491711e+01
   2.0800000e+02   4.4474697e+01
   2.0825000e+02   4.4457727e+01
   2.0850000e+02   4.4440802e+01
   2.0875000e+02   4.4423922e+01
   2.0900000e+02   4.4407086e+01
   2.0925000e+02   4.4390294e+01
   2.0950000e+02   4.4373545e+01
   2.0975000e+02   4.4356841e+01
   2.1000000e+02   4.4340181e+01
   2.1025000e+02   4.4323564e+01
   2.1050000e+02   4.4306991e+01
   2.1075000e+02   4.4290461e+01
   2.1100000e+02   4.4273975e+01
   2.1125000e+02   4.4257531e+01
   2.1150000e+02   4.4241131e+01
   2.1175000e+02   4.4224774e+01
   2.1200000e+02   4.4208460e+01
   2.1225000e+02   4.4192188e+01
   2.1250000e+02   4.4175959e+01
   2.1275000e+02   4.4159773e+01
   2.1300000e+02   4.4143629e+01
   2.1325000e+02   4.4127527e+01
   2.1350000e+02   4.4111468e+01
   2.1375000e+02   4.4095450e+01
   2.1400000e+02   4.4079475e+01
   2.1425000e+02   4.4063541e+01
   2.1450000e+02   4.4047650e+01
   2.1475000e+02   4.4031800e+01
   2.1500000e+02   4.4015991e+01
   2.1525000e+02   4.4000224e+01
   2.1550000e+02   4.3984498e+01
   2.1575000e+02   4.3968814e+01
   2.1600000e+02   4.3953170e+01
   2.1625000e+02   4.3937568e+01
   2.1650000e+02   4.3922006e+01
   2.1675000e+02   4.3906485e+01
   2.1700000e+02   4.3891005e+01
   2.1725000e+02   4.3875566e+01
   2.1750000e+02   4.3860166e+01
   2.1775000e+02   4.3844808e+01
   2.1800000e+02   4.3829489e+01
   2.1825000e+02   4.3814211e+01
   2.1850000e+02   4.3798973e+01
   2.1875000e+02   4.3783774e+01
   2.1900000e+02   4.3768616e+01
   2.1925000e+02   4.3753497e+01
   2.1950000e+02   4.3738418e+01
   2.1975000e+02   4.3723378e+01
   2.2000000e+02   4.3708378e+01
   2.2025000e+02   4.3693417e+01
   2.2050000e+02   4.3678495e+01
   2.2075000e+02   4.3663613e+01
   2.2100000e+02   4.3648769e+01
   2.2125000e+02   4.3633964e+01
   2.2150000e+02   4.3619199e+01
   2.2175000e+02   4.3604471e+01
   2.2200000e+02   4.3589783e+01
   2.2225000e+02   4.3575133e+01
   2.2250000e+02   4.3560521e+01
   2.2275000e+02   4.3545948e+01
   2.2300000e+02   4.3531412e+01
   2.2325000e+02   4.3516915e+01
   2.2350000e+02   4.3502456e+01
   2.2375000e+02   4.3488035e+01
   2.2400000e+02   4.3473652e+01
   2.2425000e+02   4.3459306e+01
   2.2450000e+02   4.3444998e+01
   2.2475000e+02   4.3430727e+01
   2.2500000e+02   4.3416494e+01
   2.2525000e+02   4.3402298e+01
   2.2550000e+02   4.3388139e+01
   2.2575000e+02   4.3374018e+01
   2.2600000e+02   4.3359933e+01
   2.2625000e+02   4.3345885e+01
   2.2650000e+02   4.3331875e+01
   2.2675000e+02   4.3317900e+01
   2.2700000e+02   4.3303963e+01
   2.2725000e+02   4.3290062e+01
   2.2750000e+02   4.3276197e+01
   2.2775000e+02   4.3262369e+01
   2.2800000e+02   4.3248577e+01
   2.2825000e+02   4.3234821e+01
   2.2850000e+02   4.3221101e+01
   2.2875000e+02   4.3207418e+01
   2.2900000e+02   4.3193770e+01
   2.2925000e+02   4.3180158e+01
   2.2950000e+02   4.3166581e+01
   2.2975000e+02   4.3153040e+01
   2.3000000e+02   4.3139535e+01
   2.3025000e+02   4.3126065e+01
   2.3050000e+02   4.3112630e+01
   2.3075000e+02   4.3099230e+01
   2.3100000e+02   4.3085866e+01
   2.3125000e+02   4.3072537e+01
   2.3150000e+02   4.3059242e+01
   2.3175000e+02   4.3045982e+01
   2.3200000e+02   4.3032758e+01
   2.3225000e+02   4.3019567e+01
   2.3250000e+02   4.3006412e+01
   2.3275000e+02   4.2993291e+01
   2.3300000e+02   4.2980204e+01
   2.3325000e+02   4.2967151e+01
   2.3350000e+02   4.2954133e+01
   2.3375000e+02   4.2941149e+01
   2.3400000e+02   4.2928199e+01
   2.3425000e+02   4.2915283e+01
   2.3450000e+02   4.2902400e+01
   2.3475000e+02   4.2889552e+01
   2.3500000e+02   4.2876737e+01
   2.3525000e+02   4.2863956e+01
   2.3550000e+02   4.2851208e+01
   2.3575000e+02   4.2838494e+01
   2.3600000e+02   4.2825812e+01
   2.3625000e+02   4.2813165e+01
   2.3650000e+02   4.2800550e+01
   2.3675000e+02   4.2787968e+01
   2.3700000e+02   4.2775420e+01
   2.3725000e+02   4.2762904e+01
   2.3750000e+02   4.2750421e+01
   2.3775000e+02   4.2737971e+01
   2.3800000e+02   4.2725553e+01
   2.3825000e+02   4.2713168e+01
   2.3850000e+02   4.2700816e+01
   2.3875000e+02   4.2688495e+01
   2.3900000e+02   4.2676207e+01
   2.3925000e+02   4.2663952e+01
   2.3950000e+02   4.2651728e+01
   2.3975000e+02   4.2639537e+01
   2.4000000e+02   4.2627377e+01
   2.4025000e+02   4.2615249e+01
   2.4050000e+02   4.2603153e+01
   2.4075000e+02   4.2591089e+01
   2.4100000e+02   4.2579056e+01
   2.4125000e+02   4.2567055e+01
   2.4150000e+02   4.2555086e+01
   2.4175000e+02   4.2543147e+01
   2.4200000e+02   4.2531240e+01
   2.4225000e+02   4.2519364e+01
   2.4250000e+02   4.2507520e+01
   2.4275000e+02   4.2495706e+01
   2.4300000e+02   4.2483924e+01
   2.4325000e+02   4.2472172e+01
   2.4350000e+02   4.2460451e+01
   2.4375000e+02   4.2448761e+01
   2.4400000e+02   4.2437101e+01
   2.4425000e+02   4.2425472e+01
   2.4450000e+02   4.2413873e+01
   2.4475000e+02   4.2402305e+01
   2.4500000e+02   4.2390767e+01
   2.4525000e+02   4.2379260e+01
   2.4550000e+02   4.2367782e+01
   2.4575000e+02   4.2356335e+01
   2.4600000e+02   4.2344917e+01
   2.4625000e+02   4.2333530e+01
   2.4650000e+02   4.2322172e+01
   2.4675000e+02   4.2310844e+01
   2.4700000e+02   4.2299546e+01
   2.4725000e+02   4.2288278e+01
   2.4750000e+02   4.2277039e+01
   2.4775000e+02   4.2265829e+01
   2.4800000e+02   4.2254649e+01
   2.4825000e+02   4.2243498e+01
   2.4850000e+02   4.2232376e+01
   2.4875000e+02   4.2221284e+01
   2.4900000e+02   4.2210221e+01
   2.4925000e+02   4.2199186e+01
   2.4950000e+02   4.2188181e+01
   2.4975000e+02   4.2177204e+01
   2.5000000e+02   4.2166256e+01
   2.5025000e+02   4.2155337e+01
   2.5050000e+02   4.2144446e+01
   2.5075000e+02   4.2133584e+01
   2.5100000e+02   4.2122751e+01
   2.5125000e+02   4.2111945e+01
   2.5150000e+02   4.2101168e+01
   2.5175000e+02   4.2090420e+01
   2.5200000e+02   4.2079699e+01
   2.5225000e+02   4.2069007e+01
   2.5250000e+02   4.2058343e+01
   2.5275000e+02   4.2047706e+01
   2.5300000e+02   4.2037098e+01
   2.5325000e+02   4.2026517e+01
   2.5350000e+02   4.2015964e+01
   2.5375000e+02   4.2005439e+01
   2.5400000e+02   4.1994941e+01
   2.5425000e+02   4.1984471e+01
   2.5450000e+02   4.1974028e+01
   2.5475000e+02   4.1963613e+01
   2.5500000e+02   4.1953225e+01
   2.5525000e+02   4.1942864e+01
   2.5550000e+02   4.1932530e+01
   2.5575000e+02   4.1922223e+01
   2.5600000e+02   4.1911944e+01
   2.5625000e+02   4.1901691e+01
   2.5650000e+02   4.1891465e+01
   2.5675000e+02   4.1881266e+01
   2.5700000e+02   4.1871094e+01
   2.5725000e+02   4.1860948e+01
   2.5750000e+02   4.1850829e+01
   2.5775000e+02   4.1840737e+01
   2.5800000e+02   4.1830671e+01
   2.5825000e+02   4.1820631e+01
   2.5850000e+02   4.1810618e+01
   2.5875000e+02   4.1800630e+01
   2.5900000e+02   4.1790669e+01
   2.5925000e+02   4.1780735e+01
   2.5950000e+02   4.1770826e+01
   2.5975000e+02   4.1760943e+01
   2.6000000e+02   4.1751086e+01
   2.6025000e+02   4.1741255e+01
   2.6050000e+02   4.1731450e+01
   2.6075000e+02   4.1721670e+01
   2.6100000e+02   4.1711916e+01
   2.6125000e+02   4.1702188e+01
   2.6150000e+02   4.1692485e+01
   2.6175000e+02   4.1682807e+01
   2.6200000e+02   4.1673155e+01
   2.6225000e+02   4.1663528e+01
   2.6250000e+02   4.1653926e+01
   2.6275000e+02   4.1644350e+01
   2.6300000e+02   4.1634799e+01
   2.6325000e+02   4.1625272e+01
   2.6350000e+02   4.1615771e+01
   2.6375000e+02   4.1606294e+01
   2.6400000e+02   4.1596843e+01
   2.6425000e+02   4.1587416e+01
   2.6450000e+02   4.1578014e+01
   2.6475000e+02   4.1568636e+01
   2.6500000e+02   4.1559283e+01
   2.6525000e+02   4.1549955e+01
   2.6550000e+02   4.1540651e+01
   2.6575000e+02   4.1531371e+01
   2.6600000e+02   4.1522116e+01
   2.6625000e+02   4.1512885e+01
   2.6650000e+02   4.1503678e+01
   2.6675000e+02   4.1494496e+01
   2.6700000e+02   4.1485337e+01
   2.6725000e+02   4.1476202e+01
   2.6750000e+02   4.1467092e+01
   2.6775000e+02   4.1458005e+01
   2.6800000e+02   4.1448942e+01
   2.6825000e+02   4.1439903e+01
   2.6850000e+02   4.1430887e+01
   2.6875000e+02   4.1421895e+01
   2.6900000e+02   4.1412927e+01
   2.6925000e+02   4.1403982e+01
   2.6950000e+02   4.1395061e+01
   2.6975000e+02   4.1386163e+01
   2.7000000e+02   4.1377288e+01
   2.7025000e+02   4.1368437e+01
   2.7050000e+02   4.1359608e+01
   2.7075000e+02   4.1350803e+01
   2.7100000e+02   4.1342021e+01
   2.7125000e+02   4.1333262e+01
   2.7150000e+02   4.1324526e+01
   2.7175000e+02   4.1315813e+01
   2.7200000e+02   4.1307123e+01
   2.7225000e+02   4.1298455e+01
   2.7250000e+02   4.1289810e+01
   2.7275000e+02   4.1281188e+01
   2.7300000e+02   4.1272589e+01
   2.7325000e+02   4.1264012e+01
   2.7350000e+02   4.1255457e+01
   2.7375000e+02   4.1246925e+01
   2.7400000e+02   4.1238415e+01
   2.7425000e+02   4.1229928e+01
   2.7450000e+02   4.1221463e+01
   2.7475000e+02   4.1213020e+01
   2.7500000e+02   4.1204599e+01
   2.7525000e+02   4.1196200e+01
   2.7550000e+02   4.1187823e+01
   2.7575000e+02   4.1179468e+01
   2.7600000e+02   4.1171135e+01
   2.7625000e+02   4.1162824e+01
   2.7650000e+02   4.1154535e+01
   2.7675000e+02   4.1146267e+01
   2.7700000e+02   4.1138021e+01
   2.7725000e+02   4.1129797e+01
   2.7750000e+02   4.1121594e+01
   2.7775000e+02   4.1113413e+01
   2.7800000e+02   4.1105253e+01
   2.7825000e+02   4.1097114e+01
   2.7850000e+02   4.1088997e+01
   2.7875000e+02   4.1080901e+01
   2.7900000e+02   4.1072827e+01
   2.7925000e+02   4.1064773e+01
   2.7950000e+02   4.1056741e+01
   2.7975000e+02   4.1048730e+01
   2.8000000e+02   4.1040739e+01
   2.8025000e+02   4.1032770e+01
   2.8050000e+02   4.1024821e+01
   2.8075000e+02   4.1016894e+01
   2.8100000e+02   4.1008987e+01
   2.8125000e+02   4.1001101e+01
   2.8150000e+02   4.0993235e+01
   2.8175000e+02   4.0985390e+01
   2.8200000e+02   4.0977566e+01
   2.8225000e+02   4.0969762e+01
   2.8250000e+02   4.0961979e+01
   2.8275000e+02   4.0954216e+01
   2.8300000e+02   4.0946473e+01
   2.8325000e+02   4.0938751e+01
   2.8350000e+02   4.0931049e+01
   2.8375000e+02   4.0923367e+01
   2.8400000e+02   4.0915705e+01
   2.8425000e+02   4.0908064e+01
   2.8450000e+02   4.0900442e+01
   2.8475000e+02   4.0892840e+01
   2.8500000e+02   4.0885258e+01
   2.8525000e+02   4.0877697e+01
   2.8550000e+02   4.0870154e+01
   2.8575000e+02   4.0862632e+01
   2.8600000e+02   4.0855130e+01
   2.8625000e+02   4.0847647e+01
   2.8650000e+02   4.0840183e+01
   2.8675000e+02   4.0832740e+01
   2.8700000e+02   4.0825315e+01
   2.8725000e+02   4.0817911e+01
   2.8750000e+02   4.0810525e+01
   2.8775000e+02   4.0803159e+01
   2.8800000e+02   4.0795812e+01
   2.8825000e+02   4.0788485e+01
   2.8850000e+02   4.0781177e+01
   2.8875000e+02   4.0773888e+01
   2.8900000e+02   4.0766618e+01
   2.8925000e+02   4.0759367e+01
   2.8950000e+02   4.0752135e+01
   2.8975000e+02   4.0744922e+01
   2.9000000e+02   4.0737728e+01
   2.9025000e+02   4.0730553e+01
   2.9050000e+02   4.0723396e+01
   2.9075000e+02   4.0716258e+01
   2.9100000e+02   4.0709139e+01
   2.9125000e+02   4.0702039e+01
   2.9150000e+02   4.0694957e+01
   2.9175000e+02   4.0687894e+01
   2.9200000e+02   4.0680850e+01
   2.9225000e+02   4.0673824e+01
   2.9250000e+02   4.0666816e+01
   2.9275000e+02   4.0659826e+01
   2.9300000e+02   4.0652855e+01
   2.9325000e+02   4.0645903e+01
   2.9350000e+02   4.0638968e+01
   2.9375000e+02   4.0632052e+01
   2.9400000e+02   4.0625153e+01
   2.9425000e+02   4.0618273e+01
   2.9450000e+02   4.0611411e+01
   2.9475000e+02   4.0604567e+01
   2.9500000e+02   4.0597741e+01
   2.9525000e+02   4.0590932e+01
   2.9550000e+02   4.0584142e+01
   2.9575000e+02   4.0577369e+01
   2.9600000e+02   4.0570614e+01
   2.9625000e+02   4.0563877e+01
   2.9650000e+02   4.0557157e+01
   2.9675000e+02   4.0550455e+01
   2.9700000e+02   4.0543771e+01
   2.9725000e+02   4.0537104e+01
   2.9750000e+02   4.0530455e+01
   2.9775000e+02   4.0523823e+01
   2.9800000e+02   4.0517208e+01
   2.9825000e+02   4.0510611e+01
   2.9850000e+02   4.0504031e+01
   2.9875000e+02   4.0497468e+01
   2.9900000e+02   4.0490923e+01
   2.9925000e+02   4.0484394e+01
   2.9950000e+02   4.0477883e+01
   2.9975000e+02   4.0471389e+01
   3.0000000e+02   4.0464912e+01
   3.0025000e+02   4.0458451e+01
   3.0050000e+02   4.0452008e+01
   3.0075000e+02   4.0445582e+01
   3.0100000e+02   4.0439172e+01
   3.0125000e+02   4.0432779e+01
   3.0150000e+02   4.0426403e+01
   3.0175000e+02   4.0420044e+01
   3.0200000e+02   4.0413701e+01
   3.0225000e+02   4.0407375e+01
   3.0250000e+02   4.0401066e+01
   3.0275000e+02   4.0394773e+01
   3.0300000e+02   4.0388497e+01
   3.0325000e+02   4.0382237e+01
   3.0350000e+02   4.0375993e+01
   3.0375000e+02   4.0369766e+01
   3.0400000e+02   4.0363555e+01
   3.0425000e+02   4.0357361e+01
   3.0450000e+02   4.0351182e+01
   3.0475000e+02   4.0345020e+01
   3.0500000e+02   4.0338874e+01
   3.0525000e+02   4.0332744e+01
   3.0550000e+02   4.0326631e+01
   3.0575000e+02   4.0320533e+01
   3.0600000e+02   4.0314451e+01
   3.0625000e+02   4.0308385e+01
   3.0650000e+02   4.0302335e+01
   3.0675000e+02   4.0296301e+01
   3.0700000e+02   4.0290283e+01
   3.0725000e+02   4.0284280e+01
   3.0750000e+02   4.0278293e+01
   3.0775000e+02   4.0272322e+01
   3.0800000e+02   4.0266367e+01
   3.0825000e+02   4.0260427e+01
   3.0850000e+02   4.0254503e+01
   3.0875000e+02   4.0248594e+01
   3.0900000e+02   4.0242701e+01
   3.0925000e+02   4.0236823e+01
   3.0950000e+02   4.0230960e+01
   3.0975000e+02   4.0225113e+01
   3.1000000e+02   4.0219282e+01
   3.1025000e+02   4.0213465e+01
   3.1050000e+02   4.0207664e+01
   3.1075000e+02   4.0201878e+01
   3.1100000e+02   4.0196107e+01
   3.1125000e+02   4.0190351e+01
   3.1150000e+02   4.0184611e+01
   3.1175000e+02   4.0178885e+01
   3.1200000e+02   4.0173175e+01
   3.1225000e+02   4.0167479e+01
   3.1250000e+02   4.0161798e+01
   3.1275000e+02   4.0156133e+01
   3.1300000e+02   4.0150482e+01
   3.1325000e+02   4.0144845e+01
   3.1350000e+02   4.0139224e+01
   3.1375000e+02   4.0133617e+01
   3.1400000e+02   4.0128026e+01
   3.1425000e+02   4.0122448e+01
   3.1450000e+02   4.0116886e+01
   3.1475000e+02   4.0111338e+01
   3.1500000e+02   4.0105804e+01
   3.1525000e+02   4.0100285e+01
   3.1550000e+02   4.0094780e+01
   3.1575000e+02   4.0089290e+01
   3.1600000e+02   4.0083814e+01
   3.1625000e+02   4.0078353e+01
   3.1650000e+02   4.0072906e+01
   3.1675000e+02   4.0067473e+01
   3.1700000e+02   4.0062055e+01
   3.1725000e+02   4.0056650e+01
   3.1750000e+02   4.0051260e+01
   3.1775000e+02   4.0045884e+01
   3.1800000e+02   4.0040522e+01
   3.1825000e+02   4.0035174e+01
   3.1850000e+02   4.0029840e+01
   3.1875000e+02   4.0024520e+01
   3.1900000e+02   4.0019214e+01
   3.1925000e+02   4.0013922e+01
   3.1950000e+02   4.0008644e+01
   3.1975000e+02   4.0003379e+01
   3.2000000e+02   3.9998129e+01
   3.2025000e+02   3.9992892e+01
   3.2050000e+02   3.9987669e+01
   3.2075000e+02   3.9982459e+01
   3.2100000e+02   3.9977264e+01
   3.2125000e+02   3.9972082e+01
   3.2150000e+02   3.9966913e+01
   3.2175000e+02   3.9961758e+01
   3.2200000e+02   3.9956616e+01
   3.2225000e+02   3.9951488e+01
   3.2250000e+02   3.9946374e+01
   3.2275000e+02   3.9941273e+01
   3.2300000e+02   3.9936185e+01
   3.2325000e+02   3.9931110e+01
   3.2350000e+02   3.9926049e+01
   3.2375000e+02   3.9921001e+01
   3.2400000e+02   3.9915967e+01
   3.2425000e+02   3.9910945e+01
   3.2450000e+02   3.9905937e+01
   3.2475000e+02   3.9900941e+01
   3.2500000e+02   3.9895959e+01
   3.2525000e+02   3.9890990e+01
   3.2550000e+02   3.9886034e+01
   3.2575000e+02   3.9881091e+01
   3.2600000e+02   3.9876161e+01
   3.2625000e+02   3.9871244e+01
   3.2650000e+02   3.9866340e+01
   3.2675000e+02   3.9861448e+01
   3.2700000e+02   3.9856570e+01
   3.2725000e+02   3.9851704e+01
   3.2750000e+02   3.9846851e+01
   3.2775000e+02   3.9842010e+01
   3.2800000e+02   3.9837183e+01
   3.2825000e+02   3.9832368e+01
   3.2850000e+02   3.9827565e+01
   3.2875000e+02   3.9822775e+01
   3.2900000e+02   3.9817998e+01
   3.2925000e+02   3.9813233e+01
   3.2950000e+02   3.9808481e+01
   3.2975000e+02   3.9803741e+01
   3.3000000e+02   3.9799014e+01
   3.3025000e+02   3.9794299e+01
   3.3050000e+02   3.9789596e+01
   3.3075000e+02   3.9784906e+01
   3.3100000e+02   3.9780228e+01
   3.3125000e+02   3.9775562e+01
   3.3150000e+02   3.9770909e+01
   3.3175000e+02   3.9766268e+01
   3.3200000e+02   3.9761638e+01
   3.3225000e+02   3.9757021e+01
   3.3250000e+02   3.9752416e+01
   3.3275000e+02   3.9747824e+01
   3.3300000e+02   3.9743243e+01
   3.3325000e+02   3.9738674e+01
   3.3350000e+02   3.9734117e+01
   3.3375000e+02   3.9729572e+01
   3.3400000e+02   3.9725039e+01
   3.3425000e+02   3.9720518e+01
   3.3450000e+02   3.9716009e+01
   3.3475000e+02   3.9711512e+01
   3.3500000e+02   3.9707026e+01
   3.3525000e+02   3.9702552e+01
   3.3550000e+02   3.9698090e+01
   3.3575000e+02   3.9693639e+01
   3.3600000e+02   3.9689201e+01
   3.3625000e+02   3.9684773e+01
   3.3650000e+02   3.9680358e+01
   3.3675000e+02   3.9675954e+01
   3.3700000e+02   3.9671561e+01
   3.3725000e+02   3.9667180e+01
   3.3750000e+02   3.9662811e+01
   3.3775000e+02   3.9658453e+01
   3.3800000e+02   3.9654106e+01
   3.3825000e+02   3.9649771e+01
   3.3850000e+02   3.9645447e+01
   3.3875000e+02   3.9641135e+01
   3.3900000e+02   3.9636834e+01
   3.3925000e+02   3.9632544e+01
   3.3950000e+02   3.9628265e+01
   3.3975000e+02   3.9623998e+01
   3.4000000e+02   3.9619741e+01
   3.4025000e+02   3.9615496e+01
   3.4050000e+02   3.9611262e+01
   3.4075000e+02   3.9607039e+01
   3.4100000e+02   3.9602827e+01
   3.4125000e+02   3.9598627e+01
   3.4150000e+02   3.9594437e+01
   3.4175000e+02   3.9590258e+01
   3.4200000e+02   3.9586090e+01
   3.4225000e+02   3.9581933e+01
   3.4250000e+02   3.9577787e+01
   3.4275000e+02   3.9573652e+01
   3.4300000e+02   3.9569528e+01
   3.4325000e+02   3.9565414e+01
   3.4350000e+02   3.9561311e+01
   3.4375000e+02   3.9557219e+01
   3.4400000e+02   3.9553138e+01
   3.4425000e+02   3.9549068e+01
   3.4450000e+02   3.9545008e+01
   3.4475000e+02   3.9540958e+01
   3.4500000e+02   3.9536920e+01
   3.4525000e+02   3.9532892e+01
   3.4550000e+02   3.9528874e+01
   3.4575000e+02   3.9524867e+01
   3.4600000e+02   3.9520871e+01
   3.4625000e+02   3.9516885e+01
   3.4650000e+02   3.9512909e+01
   3.4675000e+02   3.9508944e+01
   3.4700000e+02   3.9504989e+01
   3.4725000e+02   3.9501045e+01
   3.4750000e+02   3.9497111e+01
   3.4775000e+02   3.9493187e+01
   3.4800000e+02   3.9489274e+01
   3.4825000e+02   3.9485370e+01
   3.4850000e+02   3.9481477e+01
   3.4875000e+02   3.9477595e+01
   3.4900000e+02   3.9473722e+01
   3.4925000e+02   3.9469860e+01
   3.4950000e+02   3.9466007e+01
   3.4975000e+02   3.9462165e+01
   3.5000000e+02   3.9458333e+01
   3.5025000e+02   3.9454511e+01
   3.5050000e+02   3.9450699e+01
   3.5075000e+02   3.9446897e+01
   3.5100000e+02   3.9443105e+01
   3.5125000e+02   3.9439322e+01
   3.5150000e+02   3.9435550e+01
   3.5175000e+02   3.9431788e+01
   3.5200000e+02   3.9428035e+01
   3.5225000e+02   3.9424293e+01
   3.5250000e+02   3.9420560e+01
   3.5275000e+02   3.9416837e+01
   3.5300000e+02   3.9413123e+01
   3.5325000e+02   3.9409420e+01
   3.5350000e+02   3.9405726e+01
   3.5375000e+02   3.9402041e+01
   3.5400000e+02   3.9398367e+01
   3.5425000e+02   3.9394702e+01
   3.5450000e+02   3.9391047e+01
   3.5475000e+02   3.9387401e+01
   3.5500000e+02   3.9383765e+01
   3.5525000e+02   3.9380138e+01
   3.5550000e+02   3.9376521e+01
   3.5575000e+02   3.9372913e+01
   3.5600000e+02   3.9369315e+01
   3.5625000e+02   3.9365726e+01
   3.5650000e+02   3.9362147e+01
   3.5675000e+02   3.9358577e+01
   3.5700000e+02   3.9355016e+01
   3.5725000e+02   3.9351465e+01
   3.5750000e+02   3.9347923e+01
   3.5775000e+02   3.9344390e+01
   3.5800000e+02   3.9340867e+01
   3.5825000e+02   3.9337352e+01
   3.5850000e+02   3.9333847e+01
   3.5875000e+02   3.9330352e+01
   3.5900000e+02   3.9326865e+01
   3.5925000e+02   3.9323387e+01
   3.5950000e+02   3.9319919e+01
   3.5975000e+02   3.9316460e+01
   3.6000000e+02   3.9313009e+01
   3.6025000e+02   3.9309568e+01
   3.6050000e+02   3.9306136e+01
   3.6075000e+02   3.9302713e+01
   3.6100000e+02   3.9299298e+01
   3.6125000e+02   3.9295893e+01
   3.6150000e+02   3.9292497e+01
   3.6175000e+02   3.9289109e+01
   3.6200000e+02   3.9285731e+01
   3.6225000e+02   3.9282361e+01
   3.6250000e+02   3.9279000e+01
   3.6275000e+02   3.9275648e+01
   3.6300000e+02   3.9272305e+01
   3.6325000e+02   3.9268970e+01
   3.6350000e+02   3.9265644e+01
   3.6375000e+02   3.9262327e+01
   3.6400000e+02   3.9259019e+01
   3.6425000e+02   3.9255719e+01
   3.6450000e+02   3.9252428e+01
   3.6475000e+02   3.9249146e+01
   3.6500000e+02   3.9245872e+01
   3.6525000e+02   3.9242606e+01
   3.6550000e+02   3.9239350e+01
   3.6575000e+02   3.9236102e+01
   3.6600000e+02   3.9232862e+01
   3.6625000e+02   3.9229631e+01
   3.6650000e+02   3.9226408e+01
   3.6675000e+02   3.9223194e+01
   3.6700000e+02   3.9219988e+01
   3.6725000e+02   3.9216791e+01
   3.6750000e+02   3.9213601e+01
   3.6775000e+02   3.9210421e+01
   3.6800000e+02   3.9207248e+01
   3.6825000e+02   3.9204084e+01
   3.6850000e+02   3.9200929e+01
   3.6875000e+02   3.9197781e+01
   3.6900000e+02   3.9194642e+01
   3.6925000e+02   3.9191511e+01
   3.6950000e+02   3.9188388e+01
   3.6975000e+02   3.9185274e+01
   3.7000000e+02   3.9182167e+01
   3.7025000e+02   3.9179069e+01
   3.7050000e+02   3.9175979e+01
   3.7075000e+02   3.9172897e+01
   3.7100000e+02   3.9169823e+01
   3.7125000e+02   3.9166757e+01
   3.7150000e+02   3.9163699e+01
   3.7175000e+02   3.9160649e+01
   3.7200000e+02   3.9157607e+01
   3.7225000e+02   3.9154573e+01
   3.7250000e+02   3.9151547e+01
   3.7275000e+02   3.9148529e+01
   3.7300000e+02   3.9145519e+01
   3.7325000e+02   3.9142516e+01
   3.7350000e+02   3.9139522e+01
   3.7375000e+02   3.9136536e+01
   3.7400000e+02   3.9133557e+01
   3.7425000e+02   3.9130586e+01
   3.7450000e+02   3.9127623e+01
   3.7475000e+02   3.9124667e+01
   3.7500000e+02   3.9121720e+01
   3.7525000e+02   3.9118780e+01
   3.7550000e+02   3.9115848e+01
   3.7575000e+02   3.9112923e+01
   3.7600000e+02   3.9110006e+01
   3.7625000e+02   3.9107097e+01
   3.7650000e+02   3.9104196e+01
   3.7675000e+02   3.9101302e+01
   3.7700000e+02   3.9098415e+01
   3.7725000e+02   3.9095537e+01
   3.7750000e+02   3.9092665e+01
   3.7775000e+02   3.9089802e+01
   3.7800000e+02   3.9086945e+01
   3.7825000e+02   3.9084097e+01
   3.7850000e+02   3.9081255e+01
   3.7875000e+02   3.9078422e+01
   3.7900000e+02   3.9075595e+01
   3.7925000e+02   3.9072776e+01
   3.7950000e+02   3.9069965e+01
   3.7975000e+02   3.9067160e+01
   3.8000000e+02   3.9064363e+01
   3.8025000e+02   3.9061574e+01
   3.8050000e+02   3.9058792e+01
   3.8075000e+02   3.9056017e+01
   3.8100000e+02   3.9053249e+01
   3.8125000e+02   3.9050489e+01
   3.8150000e+02   3.9047735e+01
   3.8175000e+02   3.9044989e+01
   3.8200000e+02   3.9042251e+01
   3.8225000e+02   3.9039519e+01
   3.8250000e+02   3.9036795e+01
   3.8275000e+02   3.9034077e+01
   3.8300000e+02   3.9031367e+01
   3.8325000e+02   3.9028664e+01
   3.8350000e+02   3.9025968e+01
   3.8375000e+02   3.9023279e+01
   3.8400000e+02   3.9020597e+01
   3.8425000e+02   3.9017922e+01
   3.8450000e+02   3.9015255e+01
   3.8475000e+02   3.9012594e+01
   3.8500000e+02   3.9009940e+01
   3.8525000e+02   3.9007293e+01
   3.8550000e+02   3.9004653e+01
   3.8575000e+02   3.9002020e+01
   3.8600000e+02   3.8999394e+01
   3.8625000e+02   3.8996774e+01
   3.8650000e+02   3.8994162e+01
   3.8675000e+02   3.8991556e+01
   3.8700000e+02   3.8988958e+01
   3.8725000e+02   3.8986366e+01
   3.8750000e+02   3.8983781e+01
   3.8775000e+02   3.8981202e+01
   3.8800000e+02   3.8978631e+01
   3.8825000e+02   3.8976066e+01
   3.8850000e+02   3.8973508e+01
   3.8875000e+02   3.8970956e+01
   3.8900000e+02   3.8968411e+01
   3.8925000e+02   3.8965873e+01
   3.8950000e+02   3.8963342e+01
   3.8975000e+02   3.8960817e+01
   3.9000000e+02   3.8958299e+01
   3.9025000e+02   3.8955787e+01
   3.9050000e+02   3.8953282e+01
   3.9075000e+02   3.8950784e+01
   3.9100000e+02   3.8948292e+01
   3.9125000e+02   3.8945807e+01
   3.9150000e+02   3.8943328e+01
   3.9175000e+02   3.8940856e+01
   3.9200000e+02   3.8938390e+01
   3.9225000e+02   3.8935930e+01
   3.9250000e+02   3.8933477e+01
   3.9275000e+02   3.8931031e+01
   3.9300000e+02   3.8928591e+01
   3.9325000e+02   3.8926157e+01
   3.9350000e+02   3.8923730e+01
   3.9375000e+02   3.8921309e+01
   3.9400000e+02   3.8918894e+01
   3.9425000e+02   3.8916486e+01
   3.9450000e+02   3.8914084e+01
   3.9475000e+02   3.8911688e+01
   3.9500000e+02   3.8909299e+01
   3.9525000e+02   3.8906916e+01
   3.9550000e+02   3.8904539e+01
   3.9575000e+02   3.8902168e+01
   3.9600000e+02   3.8899803e+01
   3.9625000e+02   3.8897445e+01
   3.9650000e+02   3.8895093e+01
   3.9675000e+02   3.8892747e+01
   3.9700000e+02   3.8890407e+01
   3.9725000e+02   3.8888074e+01
   3.9750000e+02   3.8885746e+01
   3.9775000e+02   3.8883425e+01
   3.9800000e+02   3.8881109e+01
   3.9825000e+02   3.8878800e+01
   3.9850000e+02   3.8876497e+01
   3.9875000e+02   3.8874200e+01
   3.9900000e+02   3.8871909e+01
   3.9925000e+02   3.8869623e+01
   3.9950000e+02   3.8867344e+01
   3.9975000e+02   3.8865071e+01
   4.0000000e+02   3.8862804e+01
   4.0025000e+02   3.8860543e+01
   4.0050000e+02   3.8858287e+01
   4.0075000e+02   3.8856038e+01
   4.0100000e+02   3.8853794e+01
   4.0125000e+02   3.8851557e+01
   4.0150000e+02   3.8849325e+01
   4.0175000e+02   3.8847099e+01
   4.0200000e+02   3.8844879e+01
   4.0225000e+02   3.8842664e+01
   4.0250000e+02   3.8840456e+01
   4.0275000e+02   3.8838253e+01
   4.0300000e+02   3.8836056e+01
   4.0325000e+02   3.8833865e+01
   4.0350000e+02   3.8831679e+01
   4.0375000e+02   3.8829500e+01
   4.0400000e+02   3.8827326e+01
   4.0425000e+02   3.8825157e+01
   4.0450000e+02   3.8822995e+01
   4.0475000e+02   3.8820838e+01
   4.0500000e+02   3.8818687e+01
   4.0525000e+02   3.8816541e+01
   4.0550000e+02   3.8814401e+01
   4.0575000e+02   3.8812266e+01
   4.0600000e+02   3.8810138e+01
   4.0625000e+02   3.8808014e+01
   4.0650000e+02   3.8805897e+01
   4.0675000e+02   3.8803784e+01
   4.0700000e+02   3.8801678e+01
   4.0725000e+02   3.8799577e+01
   4.0750000e+02   3.8797481e+01
   4.0775000e+02   3.8795391e+01
   4.0800000e+02   3.8793306e+01
   4.0825000e+02   3.8791227e+01
   4.0850000e+02   3.8789154e+01
   4.0875000e+02   3.8787085e+01
   4.0900000e+02   3.8785022e+01
   4.0925000e+02   3.8782965e+01
   4.0950000e+02   3.8780913e+01
   4.0975000e+02   3.8778866e+01
   4.1000000e+02   3.8776825e+01
   4.1025000e+02   3.8774789e+01
   4.1050000e+02   3.8772758e+01
   4.1075000e+02   3.8770733e+01
   4.1100000e+02   3.8768713e+01
   4.1125000e+02   3.8766698e+01
   4.1150000e+02   3.8764689e+01
   4.1175000e+02   3.8762685e+01
   4.1200000e+02   3.8760686e+01
   4.1225000e+02   3.8758692e+01
   4.1250000e+02   3.8756704e+01
   4.1275000e+02   3.8754721e+01
   4.1300000e+02   3.8752743e+01
   4.1325000e+02   3.8750770e+01
   4.1350000e+02   3.8748802e+01
   4.1375000e+02   3.8746840e+01
   4.1400000e+02   3.8744882e+01
   4.1425000e+02   3.8742930e+01
   4.1450000e+02   3.8740983e+01
   4.1475000e+02   3.8739041e+01
   4.1500000e+02   3.8737104e+01
   4.1525000e+02   3.8735172e+01
   4.1550000e+02   3.8733245e+01
   4.1575000e+02   3.8731324e+01
   4.1600000e+02   3.8729407e+01
   4.1625000e+02   3.8727495e+01
   4.1650000e+02   3.8725588e+01
   4.1675000e+02   3.8723687e+01
   4.1700000e+02   3.8721790e+01
   4.1725000e+02   3.8719898e+01
   4.1750000e+02   3.8718012e+01
   4.1775000e+02   3.8716130e+01
   4.1800000e+02   3.8714253e+01
   4.1825000e+02   3.8712381e+01
   4.1850000e+02   3.8710514e+01
   4.1875000e+02   3.8708652e+01
   4.1900000e+02   3.8706794e+01
   4.1925000e+02   3.8704942e+01
   4.1950000e+02   3.8703094e+01
   4.1975000e+02   3.8701252e+01
   4.2000000e+02   3.8699414e+01
   4.2025000e+02   3.8697581e+01
   4.2050000e+02   3.8695753e+01
   4.2075000e+02   3.8693929e+01
   4.2100000e+02   3.8692110e+01
   4.2125000e+02   3.8690296e+01
   4.2150000e+02   3.8688487e+01
   4.2175000e+02   3.8686683e+01
   4.2200000e+02   3.8684883e+01
   4.2225000e+02   3.8683088e+01
   4.2250000e+02   3.8681298e+01
   4.2275000e+02   3.8679512e+01
   4.2300000e+02   3.8677731e+01
   4.2325000e+02   3.8675955e+01
   4.2350000e+02   3.8674184e+01
   4.2375000e+02   3.8672417e+01
   4.2400000e+02   3.8670654e+01
   4.2425000e+02   3.8668897e+01
   4.2450000e+02   3.8667143e+01
   4.2475000e+02   3.8665395e+01
   4.2500000e+02   3.8663651e+01
   4.2525000e+02   3.8661912e+01
   4.2550000e+02   3.8660177e+01
   4.2575000e+02   3.8658447e+01
   4.2600000e+02   3.8656721e+01
   4.2625000e+02   3.8655000e+01
   4.2650000e+02   3.8653283e+01
   4.2675000e+02   3.8651571e+01
   4.2700000e+02   3.8649863e+01
   4.2725000e+02   3.8648160e+01
   4.2750000e+02   3.8646461e+01
   4.2775000e+02   3.8644767e+01
   4.2800000e+02   3.8643077e+01
   4.2825000e+02   3.8641392e+01
   4.2850000e+02   3.8639711e+01
   4.2875000e+02   3.8638034e+01
   4.2900000e+02   3.8636362e+01
   4.2925000e+02   3.8634694e+01
   4.2950000e+02   3.8633031e+01
   4.2975000e+02   3.8631372e+01
   4.3000000e+02   3.8629717e+01
   4.3025000e+02   3.8628066e+01
   4.3050000e+02   3.8626420e+01
   4.3075000e+02   3.8624779e+01
   4.3100000e+02   3.8623141e+01
   4.3125000e+02   3.8621508e+01
   4.3150000e+02   3.8619879e+01
   4.3175000e+02   3.8618254e+01
   4.3200000e+02   3.8616634e+01
   4.3225000e+02   3.8615018e+01
   4.3250000e+02   3.8613406e+01
   4.3275000e+02   3.8611798e+01
   4.3300000e+02   3.8610195e+01
   4.3325000e+02   3.8608596e+01
   4.3350000e+02   3.8607001e+01
   4.3375000e+02   3.8605410e+01
   4.3400000e+02   3.8603823e+01
   4.3425000e+02   3.8602241e+01
   4.3450000e+02   3.8600662e+01
   4.3475000e+02   3.8599088e+01
   4.3500000e+02   3.8597518e+01
   4.3525000e+02   3.8595952e+01
   4.3550000e+02   3.8594390e+01
   4.3575000e+02   3.8592832e+01
   4.3600000e+02   3.8591278e+01
   4.3625000e+02   3.8589729e+01
   4.3650000e+02   3.8588183e+01
   4.3675000e+02   3.8586642e+01
   4.3700000e+02   3.8585104e+01
   4.3725000e+02   3.8583571e+01
   4.3750000e+02   3.8582041e+01
   4.3775000e+02   3.8580516e+01
   4.3800000e+02   3.8578994e+01
   4.3825000e+02   3.8577477e+01
   4.3850000e+02   3.8575963e+01
   4.3875000e+02   3.8574454e+01
   4.3900000e+02   3.8572948e+01
   4.3925000e+02   3.8571446e+01
   4.3950000e+02   3.8569949e+01
   4.3975000e+02   3.8568455e+01
   4.4000000e+02   3.8566965e+01
   4.4025000e+02   3.8565479e+01
   4.4050000e+02   3.8563997e+01
   4.4075000e+02   3.8562519e+01
   4.4100000e+02   3.8561045e+01
   4.4125000e+02   3.8559574e+01
   4.4150000e+02   3.8558108e+01
   4.4175000e+02   3.8556645e+01
   4.4200000e+02   3.8555186e+01
   4.4225000e+02   3.8553731e+01
   4.4250000e+02   3.8552280e+01
   4.4275000e+02   3.8550832e+01
   4.4300000e+02   3.8549389e+01
   4.4325000e+02   3.8547949e+01
   4.4350000e+02   3.8546513e+01
   4.4375000e+02   3.8545080e+01
   4.4400000e+02   3.8543652e+01
   4.4425000e+02   3.8542227e+01
   4.4450000e+02   3.8540806e+01
   4.4475000e+02   3.8539388e+01
   4.4500000e+02   3.8537975e+01
   4.4525000e+02   3.8536565e+01
   4.4550000e+02   3.8535159e+01
   4.4575000e+02   3.8533756e+01
   4.4600000e+02   3.8532357e+01
   4.4625000e+02   3.8530962e+01
   4.4650000e+02   3.8529570e+01
   4.4675000e+02   3.8528182e+01
   4.4700000e+02   3.8526798e+01
   4.4725000e+02   3.8525417e+01
   4.4750000e+02   3.8524040e+01
   4.4775000e+02   3.8522667e+01
   4.4800000e+02   3.8521297e+01
   4.4825000e+02   3.8519931e+01
   4.4850000e+02   3.8518568e+01
   4.4875000e+02   3.8517209e+01
   4.4900000e+02   3.8515853e+01
   4.4925000e+02   3.8514502e+01
   4.4950000e+02   3.8513153e+01
   4.4975000e+02   3.8511808e+01
   4.5000000e+02   3.8510467e+01
   4.5025000e+02   3.8509129e+01
   4.5050000e+02   3.8507795e+01
   4.5075000e+02   3.8506464e+01
   4.5100000e+02   3.8505136e+01
   4.5125000e+02   3.8503812e+01
   4.5150000e+02   3.8502492e+01
   4.5175000e+02   3.8501175e+01
   4.5200000e+02   3.8499862e+01
   4.5225000e+02   3.8498551e+01
   4.5250000e+02   3.8497245e+01
   4.5275000e+02   3.8495942e+01
   4.5300000e+02   3.8494642e+01
   4.5325000e+02   3.8493345e+01
   4.5350000e+02   3.8492052e+01
   4.5375000e+02   3.8490763e+01
   4.5400000e+02   3.8489477e+01
   4.5425000e+02   3.8488194e+01
   4.5450000e+02   3.8486914e+01
   4.5475000e+02   3.8485638e+01
   4.5500000e+02   3.8484365e+01
   4.5525000e+02   3.8483096e+01
   4.5550000e+02   3.8481830e+01
   4.5575000e+02   3.8480567e+01
   4.5600000e+02   3.8479307e+01
   4.5625000e+02   3.8478051e+01
   4.5650000e+02   3.8476798e+01
   4.5675000e+02   3.8475549e+01
   4.5700000e+02   3.8474302e+01
   4.5725000e+02   3.8473059e+01
   4.5750000e+02   3.8471819e+01
   4.5775000e+02   3.8470583e+01
   4.5800000e+02   3.8469349e+01
   4.5825000e+02   3.8468119e+01
   4.5850000e+02   3.8466892e+01
   4.5875000e+02   3.8465669e+01
   4.5900000e+02   3.8464448e+01
   4.5925000e+02   3.8463231e+01
   4.5950000e+02   3.8462017e+01
   4.5975000e+02   3.8460806e+01
   4.6000000e+02   3.8459598e+01
   4.6025000e+02   3.8458394e+01
   4.6050000e+02   3.8457193e+01
   4.6075000e+02   3.8455994e+01
   4.6100000e+02   3.8454799e+01
   4.6125000e+02   3.8453607e+01
   4.6150000e+02   3.8452418e+01
   4.6175000e+02   3.8451233e+01
   4.6200000e+02   3.8450050e+01
   4.6225000e+02   3.8448870e+01
   4.6250000e+02   3.8447694e+01
   4.6275000e+02   3.8446521e+01
   4.6300000e+02   3.8445350e+01
   4.6325000e+02   3.8444183e+01
   4.6350000e+02   3.8443019e+01
   4.6375000e+02   3.8441858e+01
   4.6400000e+02   3.8440700e+01
   4.6425000e+02   3.8439545e+01
   4.6450000e+02   3.8438393e+01
   4.6475000e+02   3.8437244e+01
   4.6500000e+02   3.8436098e+01
   4.6525000e+02   3.8434955e+01
   4.6550000e+02   3.8433815e+01
   4.6575000e+02   3.8432678e+01
   4.6600000e+02   3.8431544e+01
   4.6625000e+02   3.8430413e+01
   4.6650000e+02   3.8429285e+01
   4.6675000e+02   3.8428160e+01
   4.6700000e+02   3.8427038e+01
   4.6725000e+02   3.8425919e+01
   4.6750000e+02   3.8424802e+01
   4.6775000e+02   3.8423689e+01
   4.6800000e+02   3.8422579e+01
   4.6825000e+02   3.8421471e+01
   4.6850000e+02   3.8420366e+01
   4.6875000e+02   3.8419265e+01
   4.6900000e+02   3.8418166e+01
   4.6925000e+02   3.8417070e+01
   4.6950000e+02   3.8415977e+01
   4.6975000e+02   3.8414887e+01
   4.7000000e+02   3.8413799e+01
   4.7025000e+02   3.8412715e+01
   4.7050000e+02   3.8411633e+01
   4.7075000e+02   3.8410554e+01
   4.7100000e+02   3.8409478e+01
   4.7125000e+02   3.8408405e+01
   4.7150000e+02   3.8407335e+01
   4.7175000e+02   3.8406267e+01
   4.7200000e+02   3.8405202e+01
   4.7225000e+02   3.8404140e+01
   4.7250000e+02   3.8403081e+01
   4.7275000e+02   3.8402025e+01
   4.7300000e+02   3.8400971e+01
   4.7325000e+02   3.8399920e+01
   4.7350000e+02   3.8398872e+01
   4.7375000e+02   3.8397827e+01
   4.7400000e+02   3.8396784e+01
   4.7425000e+02   3.8395744e+01
   4.7450000e+02   3.8394707e+01
   4.7475000e+02   3.8393672e+01
   4.7500000e+02   3.8392641e+01
   4.7525000e+02   3.8391612e+01
   4.7550000e+02   3.8390585e+01
   4.7575000e+02   3.8389561e+01
   4.7600000e+02   3.8388540e+01
   4.7625000e+02   3.8387522e+01
   4.7650000e+02   3.8386507e+01
   4.7675000e+02   3.8385494e+01
   4.7700000e+02   3.8384483e+01
   4.7725000e+02   3.8383476e+01
   4.7750000e+02   3.8382470e+01
   4.7775000e+02   3.8381468e+01
   4.7800000e+02   3.8380468e+01
   4.7825000e+02   3.8379471e+01
   4.7850000e+02   3.8378477e+01
   4.7875000e+02   3.8377485e+01
   4.7900000e+02   3.8376495e+01
   4.7925000e+02   3.8375509e+01
   4.7950000e+02   3.8374524e+01
   4.7975000e+02   3.8373543e+01
   4.8000000e+02   3.8372564e+01
   4.8025000e+02   3.8371587e+01
   4.8050000e+02   3.8370614e+01
   4.8075000e+02   3.8369642e+01
   4.8100000e+02   3.8368673e+01
   4.8125000e+02   3.8367707e+01
   4.8150000e+02   3.8366743e+01
   4.8175000e+02   3.8365782e+01
   4.8200000e+02   3.8364824e+01
   4.8225000e+02   3.8363867e+01
   4.8250000e+02   3.8362914e+01
   4.8275000e+02   3.8361963e+01
   4.8300000e+02   3.8361014e+01
   4.8325000e+02   3.8360068e+01
   4.8350000e+02   3.8359124e+01
   4.8375000e+02   3.8358183e+01
   4.8400000e+02   3.8357244e+01
   4.8425000e+02   3.8356308e+01
   4.8450000e+02   3.8355374e+01
   4.8475000e+02   3.8354443e+01
   4.8500000e+02   3.8353514e+01
   4.8525000e+02   3.8352587e+01
   4.8550000e+02   3.8351663e+01
   4.8575000e+02   3.8350741e+01
   4.8600000e+02   3.8349822e+01
   4.8625000e+02   3.8348905e+01
   4.8650000e+02   3.8347991e+01
   4.8675000e+02   3.8347079e+01
   4.8700000e+02   3.8346169e+01
   4.8725000e+02   3.8345262e+01
   4.8750000e+02   3.8344357e+01
   4.8775000e+02   3.8343455e+01
   4.8800000e+02   3.8342554e+01
   4.8825000e+02   3.8341657e+01
   4.8850000e+02   3.8340761e+01
   4.8875000e+02   3.8339868e+01
   4.8900000e+02   3.8338977e+01
   4.8925000e+02   3.8338089e+01
   4.8950000e+02   3.8337203e+01
   4.8975000e+02   3.8336319e+01
   4.9000000e+02   3.8335438e+01
   4.9025000e+02   3.8334558e+01
   4.9050000e+02   3.8333682e+01
   4.9075000e+02   3.8332807e+01
   4.9100000e+02   3.8331935e+01
   4.9125000e+02   3.8331065e+01
   4.9150000e+02   3.8330197e+01
   4.9175000e+02   3.8329332e+01
   4.9200000e+02   3.8328469e+01
   4.9225000e+02   3.8327608e+01
   4.9250000e+02   3.8326749e+01
   4.9275000e+02   3.8325893e+01
   4.9300000e+02   3.8325039e+01
   4.9325000e+02   3.8324187e+01
   4.9350000e+02   3.8323337e+01
   4.9375000e+02   3.8322490e+01
   4.9400000e+02   3.8321645e+01
   4.9425000e+02   3.8320802e+01
   4.9450000e+02   3.8319961e+01
   4.9475000e+02   3.8319122e+01
   4.9500000e+02   3.8318286e+01
   4.9525000e+02   3.8317452e+01
   4.9550000e+02   3.8316620e+01
   4.9575000e+02   3.8315790e+01
   4.9600000e+02   3.8314962e+01
   4.9625000e+02   3.8314137e+01
   4.9650000e+02   3.8313313e+01
   4.9675000e+02   3.8312492e+01
   4.9700000e+02   3.8311673e+01
   4.9725000e+02   3.8310856e+01
   4.9750000e+02   3.8310042e+01
   4.9775000e+02   3.8309229e+01
   4.9800000e+02   3.8308419e+01
   4.9825000e+02   3.8307610e+01
   4.9850000e+02   3.8306804e+01
   4.9875000e+02   3.8306000e+01
   4.9900000e+02   3.8305198e+01
   4.9925000e+02   3.8304398e+01
   4.9950000e+02   3.8303600e+01
   4.9975000e+02   3.8302805e+01
   5.0000000e+02   3.8302011e+01
   5.0025000e+02   3.8301220e+01
   5.0050000e+02   3.8300430e+01
   5.0075000e+02   3.8299643e+01
   5.0100000e+02   3.8298857e+01
   5.0125000e+02   3.8298074e+01
   5.0150000e+02   3.8297293e+01
   5.0175000e+02   3.8296514e+01
   5.0200000e+02   3.8295737e+01
   5.0225000e+02   3.8294962e+01
   5.0250000e+02   3.8294188e+01
   5.0275000e+02   3.8293417e+01
   5.0300000e+02   3.8292648e+01
   5.0325000e+02   3.8291881e+01
   5.0350000e+02   3.8291116e+01
   5.0375000e+02   3.8290353e+01
   5.0400000e+02   3.8289592e+01
   5.0425000e+02   3.8288834e+01
   5.0450000e+02   3.8288077e+01
   5.0475000e+02   3.8287321e+01
   5.0500000e+02   3.8286568e+01
   5.0525000e+02   3.8285817e+01
   5.0550000e+02   3.8285068e+01
   5.0575000e+02   3.8284321e+01
   5.0600000e+02   3.8283576e+01
   5.0625000e+02   3.8282833e+01
   5.0650000e+02   3.8282092e+01
   5.0675000e+02   3.8281352e+01
   5.0700000e+02   3.8280615e+01
   5.0725000e+02   3.8279879e+01
   5.0750000e+02   3.8279146e+01
   5.0775000e+02   3.8278414e+01
   5.0800000e+02   3.8277685e+01
   5.0825000e+02   3.8276957e+01
   5.0850000e+02   3.8276231e+01
   5.0875000e+02   3.8275507e+01
   5.0900000e+02   3.8274785e+01
   5.0925000e+02   3.8274065e+01
   5.0950000e+02   3.8273346e+01
   5.0975000e+02   3.8272630e+01
   5.1000000e+02   3.8271915e+01
   5.1025000e+02   3.8271203e+01
   5.1050000e+02   3.8270492e+01
   5.1075000e+02   3.8269783e+01
   5.1100000e+02   3.8269076e+01
   5.1125000e+02   3.8268371e+01
   5.1150000e+02   3.8267667e+01
   5.1175000e+02   3.8266966e+01
   5.1200000e+02   3.8266266e+01
   5.1225000e+02   3.8265568e+01
   5.1250000e+02   3.8264872e+01
   5.1275000e+02   3.8264178e+01
   5.1300000e+02   3.8263486e+01
   5.1325000e+02   3.8262795e+01
   5.1350000e+02   3.8262107e+01
   5.1375000e+02   3.8261420e+01
   5.1400000e+02   3.8260734e+01
   5.1425000e+02   3.8260051e+01
   5.1450000e+02   3.8259370e+01
   5.1475000e+02   3.8258690e+01
   5.1500000e+02   3.8258012e+01
   5.1525000e+02   3.8257336e+01
   5.1550000e+02   3.8256661e+01
   5.1575000e+02   3.8255988e+01
   5.1600000e+02   3.8255318e+01
   5.1625000e+02   3.8254648e+01
   5.1650000e+02   3.8253981e+01
   5.1675000e+02   3.8253315e+01
   5.1700000e+02   3.8252651e+01
   5.1725000e+02   3.8251989e+01
   5.1750000e+02   3.8251329e+01
   5.1775000e+02   3.8250670e+01
   5.1800000e+02   3.8250013e+01
   5.1825000e+02   3.8249358e+01
   5.1850000e+02   3.8248704e+01
   5.1875000e+02   3.8248053e+01
   5.1900000e+02   3.8247402e+01
   5.1925000e+02   3.8246754e+01
   5.1950000e+02   3.8246107e+01
   5.1975000e+02   3.8245462e+01
   5.2000000e+02   3.8244819e+01
   5.2025000e+02   3.8244177e+01
   5.2050000e+02   3.8243537e+01
   5.2075000e+02   3.8242899e+01
   5.2100000e+02   3.8242262e+01
   5.2125000e+02   3.8241628e+01
   5.2150000e+02   3.8240994e+01
   5.2175000e+02   3.8240363e+01
   5.2200000e+02   3.8239733e+01
   5.2225000e+02   3.8239104e+01
   5.2250000e+02   3.8238478e+01
   5.2275000e+02   3.8237853e+01
   5.2300000e+02   3.8237229e+01
   5.2325000e+02   3.8236608e+01
   5.2350000e+02   3.8235987e+01
   5.2375000e+02   3.8235369e+01
   5.2400000e+02   3.8234752e+01
   5.2425000e+02   3.8234137e+01
   5.2450000e+02   3.8233523e+01
   5.2475000e+02   3.8232911e+01
   5.2500000e+02   3.8232301e+01
   5.2525000e+02   3.8231692e+01
   5.2550000e+02   3.8231085e+01
   5.2575000e+02   3.8230479e+01
   5.2600000e+02   3.8229875e+01
   5.2625000e+02   3.8229272e+01
   5.2650000e+02   3.8228672e+01
   5.2675000e+02   3.8228072e+01
   5.2700000e+02   3.8227475e+01
   5.2725000e+02   3.8226878e+01
   5.2750000e+02   3.8226284e+01
   5.2775000e+02   3.8225691e+01
   5.2800000e+02   3.8225099e+01
   5.2825000e+02   3.8224509e+01
   5.2850000e+02   3.8223921e+01
   5.2875000e+02   3.8223334e+01
   5.2900000e+02   3.8222749e+01
   5.2925000e+02   3.8222165e+01
   5.2950000e+02   3.8221583e+01
   5.2975000e+02   3.8221002e+01
   5.3000000e+02   3.8220423e+01
   5.3025000e+02   3.8219845e+01
   5.3050000e+02   3.8219269e+01
   5.3075000e+02   3.8218694e+01
   5.3100000e+02   3.8218121e+01
   5.3125000e+02   3.8217549e+01
   5.3150000e+02   3.8216979e+01
   5.3175000e+02   3.8216410e+01
   5.3200000e+02   3.8215843e+01
   5.3225000e+02   3.8215277e+01
   5.3250000e+02   3.8214713e+01
   5.3275000e+02   3.8214151e+01
   5.3300000e+02   3.8213589e+01
   5.3325000e+02   3.8213029e+01
   5.3350000e+02   3.8212471e+01
   5.3375000e+02   3.8211914e+01
   5.3400000e+02   3.8211359e+01
   5.3425000e+02   3.8210805e+01
   5.3450000e+02   3.8210252e+01
   5.3475000e+02   3.8209701e+01
   5.3500000e+02   3.8209152e+01
   5.3525000e+02   3.8208604e+01
   5.3550000e+02   3.8208057e+01
   5.3575000e+02   3.8207512e+01
   5.3600000e+02   3.8206968e+01
   5.3625000e+02   3.8206425e+01
   5.3650000e+02   3.8205884e+01
   5.3675000e+02   3.8205345e+01
   5.3700000e+02   3.8204807e+01
   5.3725000e+02   3.8204270e+01
   5.3750000e+02   3.8203734e+01
   5.3775000e+02   3.8203200e+01
   5.3800000e+02   3.8202668e+01
   5.3825000e+02   3.8202137e+01
   5.3850000e+02   3.8201607e+01
   5.3875000e+02   3.8201079e+01
   5.3900000e+02   3.8200552e+01
   5.3925000e+02   3.8200026e+01
   5.3950000e+02   3.8199502e+01
   5.3975000e+02   3.8198979e+01
   5.4000000e+02   3.8198457e+01
   5.4025000e+02   3.8197937e+01
   5.4050000e+02   3.8197418e+01
   5.4075000e+02   3.8196901e+01
   5.4100000e+02   3.8196385e+01
   5.4125000e+02   3.8195870e+01
   5.4150000e+02   3.8195357e+01
   5.4175000e+02   3.8194845e+01
   5.4200000e+02   3.8194334e+01
   5.4225000e+02   3.8193825e+01
   5.4250000e+02   3.8193317e+01
   5.4275000e+02   3.8192810e+01
   5.4300000e+02   3.8192305e+01
   5.4325000e+02   3.8191801e+01
   5.4350000e+02   3.8191298e+01
   5.4375000e+02   3.8190797e+01
   5.4400000e+02   3.8190297e+01
   5.4425000e+02   3.8189798e+01
   5.4450000e+02   3.8189301e+01
   5.4475000e+02   3.8188805e+01
   5.4500000e+02   3.8188310e+01
   5.4525000e+02   3.8187816e+01
   5.4550000e+02   3.8187324e+01
   5.4575000e+02   3.8186833e+01
   5.4600000e+02   3.8186343e+01
   5.4625000e+02   3.8185855e+01
   5.4650000e+02   3.8185368e+01
   5.4675000e+02   3.8184882e+01
   5.4700000e+02   3.8184397e+01
   5.4725000e+02   3.8183914e+01
   5.4750000e+02   3.8183432e+01
   5.4775000e+02   3.8182951e+01
   5.4800000e+02   3.8182472e+01
   5.4825000e+02   3.8181994e+01
   5.4850000e+02   3.8181517e+01
   5.4875000e+02   3.8181041e+01
   5.4900000e+02   3.8180566e+01
   5.4925000e+02   3.8180093e+01
   5.4950000e+02   3.8179621e+01
   5.4975000e+02   3.8179150e+01
   5.5000000e+02   3.8178681e+01
   5.5025000e+02   3.8178213e+01
   5.5050000e+02   3.8177746e+01
   5.5075000e+02   3.8177280e+01
   5.5100000e+02   3.8176815e+01
   5.5125000e+02   3.8176352e+01
   5.5150000e+02   3.8175889e+01
   5.5175000e+02   3.8175429e+01
   5.5200000e+02   3.8174969e+01
   5.5225000e+02   3.8174510e+01
   5.5250000e+02   3.8174053e+01
   5.5275000e+02   3.8173597e+01
   5.5300000e+02   3.8173142e+01
   5.5325000e+02   3.8172688e+01
   5.5350000e+02   3.8172235e+01
   5.5375000e+02   3.8171784e+01
   5.5400000e+02   3.8171334e+01
   5.5425000e+02   3.8170885e+01
   5.5450000e+02   3.8170437e+01
   5.5475000e+02   3.8169990e+01
   5.5500000e+02   3.8169545e+01
   5.5525000e+02   3.8169100e+01
   5.5550000e+02   3.8168657e+01
   5.5575000e+02   3.8168215e+01
   5.5600000e+02   3.8167774e+01
   5.5625000e+02   3.8167334e+01
   5.5650000e+02   3.8166896e+01
   5.5675000e+02   3.8166458e+01
   5.5700000e+02   3.8166022e+01
   5.5725000e+02   3.8165587e+01
   5.5750000e+02   3.8165153e+01
   5.5775000e+02   3.8164720e+01
   5.5800000e+02   3.8164288e+01
   5.5825000e+02   3.8163858e+01
   5.5850000e+02   3.8163428e+01
   5.5875000e+02   3.8163000e+01
   5.5900000e+02   3.8162573e+01
   5.5925000e+02   3.8162147e+01
   5.5950000e+02   3.8161722e+01
   5.5975000e+02   3.8161298e+01
   5.6000000e+02   3.8160875e+01
   5.6025000e+02   3.8160454e+01
   5.6050000e+02   3.8160033e+01
   5.6075000e+02   3.8159614e+01
   5.6100000e+02   3.8159195e+01
   5.6125000e+02   3.8158778e+01
   5.6150000e+02   3.8158362e+01
   5.6175000e+02   3.8157947e+01
   5.6200000e+02   3.8157533e+01
   5.6225000e+02   3.8157120e+01
   5.6250000e+02   3.8156708e+01
   5.6275000e+02   3.8156298e+01
   5.6300000e+02   3.8155888e+01
   5.6325000e+02   3.8155479e+01
   5.6350000e+02   3.8155072e+01
   5.6375000e+02   3.8154666e+01
   5.6400000e+02   3.8154260e+01
   5.6425000e+02   3.8153856e+01
   5.6450000e+02   3.8153453e+01
   5.6475000e+02   3.8153050e+01
   5.6500000e+02   3.8152649e+01
   5.6525000e+02   3.8152249e+01
   5.6550000e+02   3.8151850e+01
   5.6575000e+02   3.8151452e+01
   5.6600000e+02   3.8151055e+01
   5.6625000e+02   3.8150659e+01
   5.6650000e+02   3.8150265e+01
   5.6675000e+02   3.8149871e+01
   5.6700000e+02   3.8149478e+01
   5.6725000e+02   3.8149086e+01
   5.6750000e+02   3.8148695e+01
   5.6775000e+02   3.8148306e+01
   5.6800000e+02   3.8147917e+01
   5.6825000e+02   3.8147529e+01
   5.6850000e+02   3.8147143e+01
   5.6875000e+02   3.8146757e+01
   5.6900000e+02   3.8146372e+01
   5.6925000e+02   3.8145989e+01
   5.6950000e+02   3.8145606e+01
   5.6975000e+02   3.8145225e+01
   5.7000000e+02   3.8144844e+01
   5.7025000e+02   3.8144464e+01
   5.7050000e+02   3.8144086e+01
   5.7075000e+02   3.8143708e+01
   5.7100000e+02   3.8143331e+01
   5.7125000e+02   3.8142956e+01
   5.7150000e+02   3.8142581e+01
   5.7175000e+02   3.8142207e+01
   5.7200000e+02   3.8141835e+01
   5.7225000e+02   3.8141463e+01
   5.7250000e+02   3.8141092e+01
   5.7275000e+02   3.8140722e+01
   5.7300000e+02   3.8140354e+01
   5.7325000e+02   3.8139986e+01
   5.7350000e+02   3.8139619e+01
   5.7375000e+02   3.8139253e+01
   5.7400000e+02   3.8138888e+01
   5.7425000e+02   3.8138524e+01
   5.7450000e+02   3.8138161e+01
   5.7475000e+02   3.8137799e+01
   5.7500000e+02   3.8137438e+01
   5.7525000e+02   3.8137078e+01
   5.7550000e+02   3.8136718e+01
   5.7575000e+02   3.8136360e+01
   5.7600000e+02   3.8136003e+01
   5.7625000e+02   3.8135646e+01
   5.7650000e+02   3.8135291e+01
   5.7675000e+02   3.8134936e+01
   5.7700000e+02   3.8134582e+01
   5.7725000e+02   3.8134230e+01
   5.7750000e+02   3.8133878e+01
   5.7775000e+02   3.8133527e+01
   5.7800000e+02   3.8133177e+01
   5.7825000e+02   3.8132828e+01
   5.7850000e+02   3.8132480e+01
   5.7875000e+02   3.8132133e+01
   5.7900000e+02   3.8131786e+01
   5.7925000e+02   3.8131441e+01
   5.7950000e+02   3.8131096e+01
   5.7975000e+02   3.8130753e+01
   5.8000000e+02   3.8130410e+01
   5.8025000e+02   3.8130068e+01
   5.8050000e+02   3.8129727e+01
   5.8075000e+02   3.8129387e+01
   5.8100000e+02   3.8129048e+01
   5.8125000e+02   3.8128710e+01
   5.8150000e+02   3.8128373e+01
   5.8175000e+02   3.8128036e+01
   5.8200000e+02   3.8127701e+01
   5.8225000e+02   3.8127366e+01
   5.8250000e+02   3.8127032e+01
   5.8275000e+02   3.8126699e+01
   5.8300000e+02   3.8126367e+01
   5.8325000e+02   3.8126036e+01
   5.8350000e+02   3.8125706e+01
   5.8375000e+02   3.8125376e+01
   5.8400000e+02   3.8125048e+01
   5.8425000e+02   3.8124720e+01
   5.8450000e+02   3.8124393e+01
   5.8475000e+02   3.8124067e+01
   5.8500000e+02   3.8123742e+01
   5.8525000e+02   3.8123418e+01
   5.8550000e+02   3.8123094e+01
   5.8575000e+02   3.8122772e+01
   5.8600000e+02   3.8122450e+01
   5.8625000e+02   3.8122129e+01
   5.8650000e+02   3.8121809e+01
   5.8675000e+02   3.8121490e+01
   5.8700000e+02   3.8121171e+01
   5.8725000e+02   3.8120854e+01
   5.8750000e+02   3.8120537e+01
   5.8775000e+02   3.8120221e+01
   5.8800000e+02   3.8119906e+01
   5.8825000e+02   3.8119592e+01
   5.8850000e+02   3.8119278e+01
   5.8875000e+02   3.8118966e+01
   5.8900000e+02   3.8118654e+01
   5.8925000e+02   3.8118343e+01
   5.8950000e+02   3.8118033e+01
   5.8975000e+02   3.8117723e+01
   5.9000000e+02   3.8117415e+01
   5.9025000e+02   3.8117107e+01
   5.9050000e+02   3.8116800e+01
   5.9075000e+02   3.8116494e+01
   5.9100000e+02   3.8116189e+01
   5.9125000e+02   3.8115884e+01
   5.9150000e+02   3.8115580e+01
   5.9175000e+02   3.8115277e+01
   5.9200000e+02   3.8114975e+01
   5.9225000e+02   3.8114674e+01
   5.9250000e+02   3.8114373e+01
   5.9275000e+02   3.8114074e+01
   5.9300000e+02   3.8113775e+01
   5.9325000e+02   3.8113477e+01
   5.9350000e+02   3.8113179e+01
   5.9375000e+02   3.8112883e+01
   5.9400000e+02   3.8112587e+01
   5.9425000e+02   3.8112292e+01
   5.9450000e+02   3.8111997e+01
   5.9475000e+02   3.8111704e+01
   5.9500000e+02   3.8111411e+01
   5.9525000e+02   3.8111119e+01
   5.9550000e+02   3.8110828e+01
   5.9575000e+02   3.8110537e+01
   5.9600000e+02   3.8110248e+01
   5.9625000e+02   3.8109959e+01
   5.9650000e+02   3.8109670e+01
   5.9675000e+02   3.8109383e+01
   5.9700000e+02   3.8109096e+01
   5.9725000e+02   3.8108810e+01
   5.9750000e+02   3.8108525e+01
   5.9775000e+02   3.8108241e+01
   5.9800000e+02   3.8107957e+01
   5.9825000e+02   3.8107674e+01
   5.9850000e+02   3.8107392e+01
   5.9875000e+02   3.8107111e+01
   5.9900000e+02   3.8106830e+01
   5.9925000e+02   3.8106550e+01
   5.9950000e+02   3.8106271e+01
   5.9975000e+02   3.8105992e+01
   6.0000000e+02   3.8105714e+01
