   0.0000000e+00   5.5052632e+01
   2.5000000e-01   5.4426927e+01
   5.0000000e-01   5.3809203e+01
   7.5000000e-01   5.3199359e+01
   1.0000000e+00   5.2597295e+01
   1.2500000e+00   5.2002910e+01
   1.5000000e+00   5.1416106e+01
   1.7500000e+00   5.0836788e+01
   2.0000000e+00   5.0264860e+01
   2.2500000e+00   4.9700227e+01
   2.5000000e+00   4.9142796e+01
   2.7500000e+00   4.8592476e+01
   3.0000000e+00   4.8049176e+01
   3.2500000e+00   4.7512805e+01
   3.5000000e+00   4.6983277e+01
   3.7500000e+00   4.6460503e+01
   4.0000000e+00   4.5944398e+01
   4.2500000e+00   4.5434876e+01
   4.5000000e+00   4.4931853e+01
   4.7500000e+00   4.4435247e+01
   5.0000000e+00   4.3944975e+01
   5.2500000e+00   4.3460957e+01
   5.5000000e+00   4.2983113e+01
   5.7500000e+00   4.2511364e+01
   6.0000000e+00   4.2045633e+01
   6.2500000e+00   4.1585843e+01
   6.5000000e+00   4.1131918e+01
   6.7500000e+00   4.0683782e+01
   7.0000000e+00   4.0241364e+01
   7.2500000e+00   3.9804588e+01
   7.5000000e+00   3.9373384e+01
   7.7500000e+00   3.8947680e+01
   8.0000000e+00   3.8527407e+01
   8.2500000e+00   3.8112494e+01
   8.5000000e+00   3.7702874e+01
   8.7500000e+00   3.7298479e+01
   9.0000000e+00   3.6899243e+01
   9.2500000e+00   3.6505099e+01
   9.5000000e+00   3.6115982e+01
   9.7500000e+00   3.5731829e+01
   1.0000000e+01   3.5352576e+01
   1.0250000e+01   3.4978161e+01
   1.0500000e+01   3.4608522e+01
   1.0750000e+01   3.4243598e+01
   1.1000000e+01   3.3883329e+01
   1.1250000e+01   3.3527655e+01
   1.1500000e+01   3.3176518e+01
   1.1750000e+01   3.2829860e+01
   1.2000000e+01   3.2487624e+01
   1.2250000e+01   3.2149754e+01
   1.2500000e+01   3.1816193e+01
   1.2750000e+01   3.1486888e+01
   1.3000000e+01   3.1161782e+01
   1.3250000e+01   3.0840824e+01
   1.3500000e+01   3.0523960e+01
   1.3750000e+01   3.0211137e+01
   1.4000000e+01   2.9902305e+01
   1.4250000e+01   2.9597413e+01
   1.4500000e+01   2.9296409e+01
   1.4750000e+01   2.8999245e+01
   1.5000000e+01   2.8705872e+01
   1.5250000e+01   2.8416241e+01
   1.5500000e+01   2.8130304e+01
   1.5750000e+01   2.7848015e+01
   1.6000000e+01   2.7569326e+01
   1.6250000e+01   2.7294192e+01
   1.6500000e+01   2.7022568e+01
   1.6750000e+01   2.6754409e+01
   1.7000000e+01   2.6489670e+01
   1.7250000e+01   2.6228308e+01
   1.7500000e+01   2.5970280e+01
   1.7750000e+01   2.5715544e+01
   1.8000000e+01   2.5464057e+01
   1.8250000e+01   2.5215777e+01
   1.8500000e+01   2.4970665e+01
   1.8750000e+01   2.4728679e+01
   1.9000000e+01   2.4489780e+01
   1.9250000e+01   2.4253929e+01
   1.9500000e+01   2.4021085e+01
   1.9750000e+01   2.3791212e+01
   2.0000000e+01   2.3564271e+01
   2.0250000e+01   2.3340225e+01
   2.0500000e+01   2.3119037e+01
   2.0750000e+01   2.2900670e+01
   2.1000000e+01   2.2685089e+01
   2.1250000e+01   2.2472258e+01
   2.1500000e+01   2.2262141e+01
   2.1750000e+01   2.2054705e+01
   2.2000000e+01   2.1849914e+01
   2.2250000e+01   2.1647736e+01
   2.2500000e+01   2.1448137e+01
   2.2750000e+01   2.1251084e+01
   2.3000000e+01   2.1056545e+01
   2.3250000e+01   2.0864487e+01
   2.3500000e+01   2.0674878e+01
   2.3750000e+01   2.0487689e+01
   2.4000000e+01   2.0302887e+01
   2.4250000e+01   2.0120442e+01
   2.4500000e+01   1.9940325e+01
   2.4750000e+01   1.9762505e+01
   2.5000000e+01   1.9586954e+01
   2.5250000e+01   1.9413642e+01
   2.5500000e+01   1.9242540e+01
   2.5750000e+01   1.9073621e+01
   2.6000000e+01   1.8906857e+01
   2.6250000e+01   1.8742220e+01
   2.6500000e+01   1.8579683e+01
   2.6750000e+01   1.8419219e+01
   2.7000000e+01   1.8260802e+01
   2.7250000e+01   1.8104406e+01
   2.7500000e+01   1.7950005e+01
   2.7750000e+01   1.7797573e+01
   2.8000000e+01   1.7647086e+01
   2.8250000e+01   1.7498518e+01
   2.8500000e+01   1.7351845e+01
   2.8750000e+01   1.7207044e+01
   2.9000000e+01   1.7064089e+01
   2.9250000e+01   1.6922958e+01
   2.9500000e+01   1.6783627e+01
   2.9750000e+01   1.6646073e+01
   3.0000000e+01   1.6510274e+01
   3.0250000e+01   1.6376208e+01
   3.0500000e+01   1.6243851e+01
   3.0750000e+01   1.6113183e+01
   3.1000000e+01   1.5984181e+01
   3.1250000e+01   1.5856825e+01
   3.1500000e+01   1.5731093e+01
   3.1750000e+01   1.5606966e+01
   3.2000000e+01   1.5484421e+01
   3.2250000e+01   1.5363440e+01
   3.2500000e+01   1.5244002e+01
   3.2750000e+01   1.5126088e+01
   3.3000000e+01   1.5009677e+01
   3.3250000e+01   1.4894752e+01
   3.3500000e+01   1.4781292e+01
   3.3750000e+01   1.4669280e+01
   3.4000000e+01   1.4558696e+01
   3.4250000e+01   1.4449524e+01
   3.4500000e+01   1.4341743e+01
   3.4750000e+01   1.4235338e+01
   3.5000000e+01   1.4130290e+01
   3.5250000e+01   1.4026581e+01
   3.5500000e+01   1.3924196e+01
   3.5750000e+01   1.3823117e+01
   3.6000000e+01   1.3723327e+01
   3.6250000e+01   1.3624810e+01
   3.6500000e+01   1.3527549e+01
   3.6750000e+01   1.3431529e+01
   3.7000000e+01   1.3336734e+01
   3.7250000e+01   1.3243149e+01
   3.7500000e+01   1.3150757e+01
   3.7750000e+01   1.3059543e+01
   3.8000000e+01   1.2969493e+01
   3.8250000e+01   1.2880592e+01
   3.8500000e+01   1.2792824e+01
   3.8750000e+01   1.2706177e+01
   3.9000000e+01   1.2620634e+01
   3.9250000e+01   1.2536183e+01
   3.9500000e+01   1.2452808e+01
   3.9750000e+01   1.2370498e+01
   4.0000000e+01   1.2289237e+01
   4.0250000e+01   1.2209013e+01
   4.0500000e+01   1.2129812e+01
   4.0750000e+01   1.2051622e+01
   4.1000000e+01   1.1974428e+01
   4.1250000e+01   1.1898220e+01
   4.1500000e+01   1.1822983e+01
   4.1750000e+01   1.1748707e+01
   4.2000000e+01   1.1675377e+01
   4.2250000e+01   1.1602984e+01
   4.2500000e+01   1.1531513e+01
   4.2750000e+01   1.1460954e+01
   4.3000000e+01   1.1391296e+01
   4.3250000e+01   1.1322525e+01
   4.3500000e+01   1.1254632e+01
   4.3750000e+01   1.1187605e+01
   4.4000000e+01   1.1121433e+01
   4.4250000e+01   1.1056106e+01
   4.4500000e+01   1.0991611e+01
   4.4750000e+01   1.0927939e+01
   4.5000000e+01   1.0865079e+01
   4.5250000e+01   1.0803021e+01
   4.5500000e+01   1.0741755e+01
   4.5750000e+01   1.0681270e+01
   4.6000000e+01   1.0621557e+01
   4.6250000e+01   1.0562605e+01
   4.6500000e+01   1.0504406e+01
   4.6750000e+01   1.0446949e+01
   4.7000000e+01   1.0390224e+01
   4.7250000e+01   1.0334224e+01
   4.7500000e+01   1.0278937e+01
   4.7750000e+01   1.0224356e+01
   4.8000000e+01   1.0170471e+01
   4.8250000e+01   1.0117273e+01
   4.8500000e+01   1.0064754e+01
   4.8750000e+01   1.0012905e+01
   4.9000000e+01   9.9617174e+00
   4.9250000e+01   9.9111826e+00
   4.9500000e+01   9.8612924e+00
   4.9750000e+01   9.8120386e+00
   5.0000000e+01   9.7634130e+00
   5.0250000e+01   9.7154078e+00
   5.0500000e+01   9.6680148e+00
   5.0750000e+01   9.6212264e+00
   5.1000000e+01   9.5750348e+00
   5.1250000e+01   9.5294324e+00
   5.1500000e+01   9.4844118e+00
   5.1750000e+01   9.4399654e+00
   5.2000000e+01   9.3960859e+00
   5.2250000e+01   9.3527662e+00
   5.2500000e+01   9.3099990e+00
   5.2750000e+01   9.2677774e+00
   5.3000000e+01   9.2260943e+00
   5.3250000e+01   9.1849429e+00
   5.3500000e+01   9.1443165e+00
   5.3750000e+01   9.1042083e+00
   5.4000000e+01   9.0646117e+00
   5.4250000e+01   9.0255201e+00
   5.4500000e+01   8.9869273e+00
   5.4750000e+01   8.9488267e+00
   5.5000000e+01   8.9112121e+00
   5.5250000e+01   8.8740773e+00
   5.5500000e+01   8.8374162e+00
   5.5750000e+01   8.8012227e+00
   5.6000000e+01   8.7654909e+00
   5.6250000e+01   8.7302149e+00
   5.6500000e+01   8.6953889e+00
   5.6750000e+01   8.6610071e+00
   5.7000000e+01   8.6270638e+00
   5.7250000e+01   8.5935536e+00
   5.7500000e+01   8.5604708e+00
   5.7750000e+01   8.5278099e+00
   5.8000000e+01   8.4955658e+00
   5.8250000e+01   8.4637329e+00
   5.8500000e+01   8.4323060e+00
   5.8750000e+01   8.4012800e+00
   5.9000000e+01   8.3706498e+00
   5.9250000e+01   8.3404103e+00
   5.9500000e+01   8.3105566e+00
   5.9750000e+01   8.2810836e+00
   6.0000000e+01   8.2519866e+00
   6.0250000e+01   8.2232607e+00
   6.0500000e+01   8.1949013e+00
   6.0750000e+01   8.1669036e+00
   6.1000000e+01   8.1392631e+00
   6.1250000e+01   8.1119751e+00
   6.1500000e+01   8.0850352e+00
   6.1750000e+01   8.0584389e+00
   6.2000000e+01   8.0321819e+00
   6.2250000e+01   8.0062598e+00
   6.2500000e+01   7.9806684e+00
   6.2750000e+01   7.9554034e+00
   6.3000000e+01   7.9304607e+00
   6.3250000e+01   7.9058362e+00
   6.3500000e+01   7.8815258e+00
   6.3750000e+01   7.8575254e+00
   6.4000000e+01   7.8338312e+00
   6.4250000e+01   7.8104393e+00
   6.4500000e+01   7.7873457e+00
   6.4750000e+01   7.7645467e+00
   6.5000000e+01   7.7420385e+00
   6.5250000e+01   7.7198175e+00
   6.5500000e+01   7.6978798e+00
   6.5750000e+01   7.6762221e+00
   6.6000000e+01   7.6548405e+00
   6.6250000e+01   7.6337317e+00
   6.6500000e+01   7.6128922e+00
   6.6750000e+01   7.5923185e+00
   6.7000000e+01   7.5720072e+00
   6.7250000e+01   7.5519550e+00
   6.7500000e+01   7.5321586e+00
   6.7750000e+01   7.5126148e+00
   6.8000000e+01   7.4933202e+00
   6.8250000e+01   7.4742717e+00
   6.8500000e+01   7.4554662e+00
   6.8750000e+01   7.4369006e+00
   6.9000000e+01   7.4185718e+00
   6.9250000e+01   7.4004768e+00
   6.9500000e+01   7.3826126e+00
   6.9750000e+01   7.3649763e+00
   7.0000000e+01   7.3475650e+00
   7.0250000e+01   7.3303757e+00
   7.0500000e+01   7.3134057e+00
   7.0750000e+01   7.2966522e+00
   7.1000000e+01   7.2801124e+00
   7.1250000e+01   7.2637836e+00
   7.1500000e+01   7.2476630e+00
   7.1750000e+01   7.2317481e+00
   7.2000000e+01   7.2160362e+00
   7.2250000e+01   7.2005247e+00
   7.2500000e+01   7.1852111e+00
   7.2750000e+01   7.1700928e+00
   7.3000000e+01   7.1551673e+00
   7.3250000e+01   7.1404322e+00
   7.3500000e+01   7.1258851e+00
   7.3750000e+01   7.1115236e+00
   7.4000000e+01   7.0973452e+00
   7.4250000e+01   7.0833477e+00
   7.4500000e+01   7.0695288e+00
   7.4750000e+01   7.0558861e+00
   7.5000000e+01   7.0424174e+00
   7.5250000e+01   7.0291206e+00
   7.5500000e+01   7.0159934e+00
   7.5750000e+01   7.0030336e+00
   7.6000000e+01   6.9902391e+00
   7.6250000e+01   6.9776078e+00
   7.6500000e+01   6.9651377e+00
   7.6750000e+01   6.9528266e+00
   7.7000000e+01   6.9406725e+00
   7.7250000e+01   6.9286735e+00
   7.7500000e+01   6.9168275e+00
   7.7750000e+01   6.9051327e+00
   7.8000000e+01   6.8935870e+00
   7.8250000e+01   6.8821886e+00
   7.8500000e+01   6.8709356e+00
   7.8750000e+01   6.8598261e+00
   7.9000000e+01   6.8488584e+00
   7.9250000e+01   6.8380305e+00
   7.9500000e+01   6.8273408e+00
   7.9750000e+01   6.8167874e+00
   8.0000000e+01   6.8063686e+00
   8.0250000e+01   6.7960828e+00
   8.0500000e+01   6.7859281e+00
   8.0750000e+01   6.7759030e+00
   8.1000000e+01   6.7660057e+00
   8.1250000e+01   6.7562347e+00
   8.1500000e+01   6.7465884e+00
   8.1750000e+01   6.7370650e+00
   8.2000000e+01   6.7276632e+00
   8.2250000e+01   6.7183813e+00
   8.2500000e+01   6.7092178e+00
   8.2750000e+01   6.7001711e+00
   8.3000000e+01   6.6912399e+00
   8.3250000e+01   6.6824226e+00
   8.3500000e+01   6.6737178e+00
   8.3750000e+01   6.6651240e+00
   8.4000000e+01   6.6566398e+00
   8.4250000e+01   6.6482638e+00
   8.4500000e+01   6.6399947e+00
   8.4750000e+01   6.6318311e+00
   8.5000000e+01   6.6237716e+00
   8.5250000e+01   6.6158149e+00
   8.5500000e+01   6.6079597e+00
   8.5750000e+01   6.6002047e+00
   8.6000000e+01   6.5925486e+00
   8.6250000e+01   6.5849902e+00
   8.6500000e+01   6.5775282e+00
   8.6750000e+01   6.5701613e+00
   8.7000000e+01   6.5628885e+00
   8.7250000e+01   6.5557084e+00
   8.7500000e+01   6.5486199e+00
   8.7750000e+01   6.5416218e+00
   8.8000000e+01   6.5347130e+00
   8.8250000e+01   6.5278923e+00
   8.8500000e+01   6.5211587e+00
   8.8750000e+01   6.5145109e+00
   8.9000000e+01   6.5079479e+00
   8.9250000e+01   6.5014686e+00
   8.9500000e+01   6.4950720e+00
   8.9750000e+01   6.4887569e+00
   9.0000000e+01   6.4825225e+00
   9.0250000e+01   6.4763675e+00
   9.0500000e+01   6.4702911e+00
   9.0750000e+01   6.4642921e+00
   9.1000000e+01   6.4583697e+00
   9.1250000e+01   6.4525229e+00
   9.1500000e+01   6.4467506e+00
   9.1750000e+01   6.4410519e+00
   9.2000000e+01   6.4354260e+00
   9.2250000e+01   6.4298718e+00
   9.2500000e+01   6.4243884e+00
   9.2750000e+01   6.4189750e+00
   9.3000000e+01   6.4136307e+00
   9.3250000e+01   6.4083545e+00
   9.3500000e+01   6.4031456e+00
   9.3750000e+01   6.3980032e+00
   9.4000000e+01   6.3929263e+00
   9.4250000e+01   6.3879142e+00
   9.4500000e+01   6.3829661e+00
   9.4750000e+01   6.3780810e+00
   9.5000000e+01   6.3732583e+00
   9.5250000e+01   6.3684971e+00
   9.5500000e+01   6.3637967e+00
   9.5750000e+01   6.3591561e+00
   9.6000000e+01   6.3545748e+00
   9.6250000e+01   6.3500519e+00
   9.6500000e+01   6.3455868e+00
   9.6750000e+01   6.3411785e+00
   9.7000000e+01   6.3368265e+00
   9.7250000e+01   6.3325300e+00
   9.7500000e+01   6.3282884e+00
   9.7750000e+01   6.3241008e+00
   9.8000000e+01   6.3199666e+00
   9.8250000e+01   6.3158852e+00
   9.8500000e+01   6.3118558e+00
   9.8750000e+01   6.3078779e+00
   9.9000000e+01   6.3039506e+00
   9.9250000e+01   6.3000735e+00
   9.9500000e+01   6.2962458e+00
   9.9750000e+01   6.2924670e+00
   1.0000000e+02   6.2887363e+00
   1.0025000e+02   6.2850533e+00
   1.0050000e+02   6.2814172e+00
   1.0075000e+02   6.2778275e+00
   1.0100000e+02   6.2742836e+00
   1.0125000e+02   6.2707849e+00
   1.0150000e+02   6.2673308e+00
   1.0175000e+02   6.2639208e+00
   1.0200000e+02   6.2605543e+00
   1.0225000e+02   6.2572307e+00
   1.0250000e+02   6.2539495e+00
   1.0275000e+02   6.2507102e+00
   1.0300000e+02   6.2475122e+00
   1.0325000e+02   6.2443550e+00
   1.0350000e+02   6.2412381e+00
   1.0375000e+02   6.2381609e+00
   1.0400000e+02   6.2351230e+00
   1.0425000e+02   6.2321238e+00
   1.0450000e+02   6.2291629e+00
   1.0475000e+02   6.2262397e+00
   1.0500000e+02   6.2233538e+00
   1.0525000e+02   6.2205048e+00
   1.0550000e+02   6.2176921e+00
   1.0575000e+02   6.2149152e+00
   1.0600000e+02   6.2121738e+00
   1.0625000e+02   6.2094674e+00
   1.0650000e+02   6.2067955e+00
   1.0675000e+02   6.2041576e+00
   1.0700000e+02   6.2015534e+00
   1.0725000e+02   6.1989825e+00
   1.0750000e+02   6.1964443e+00
   1.0775000e+02   6.1939385e+00
   1.0800000e+02   6.1914646e+00
   1.0825000e+02   6.1890224e+00
   1.0850000e+02   6.1866112e+00
   1.0875000e+02   6.1842309e+00
   1.0900000e+02   6.1818809e+00
   1.0925000e+02   6.1795608e+00
   1.0950000e+02   6.1772704e+00
   1.0975000e+02   6.1750092e+00
   1.1000000e+02   6.1727768e+00
   1.1025000e+02   6.1705729e+00
   1.1050000e+02   6.1683971e+00
   1.1075000e+02   6.1662490e+00
   1.1100000e+02   6.1641284e+00
   1.1125000e+02   6.1620348e+00
   1.1150000e+02   6.1599679e+00
   1.1175000e+02   6.1579274e+00
   1.1200000e+02   6.1559129e+00
   1.1225000e+02   6.1539241e+00
   1.1250000e+02   6.1519607e+00
   1.1275000e+02   6.1500223e+00
   1.1300000e+02   6.1481087e+00
   1.1325000e+02   6.1462194e+00
   1.1350000e+02   6.1443543e+00
   1.1375000e+02   6.1425130e+00
   1.1400000e+02   6.1406951e+00
   1.1425000e+02   6.1389004e+00
   1.1450000e+02   6.1371286e+00
   1.1475000e+02   6.1353794e+00
   1.1500000e+02   6.1336526e+00
   1.1525000e+02   6.1319477e+00
   1.1550000e+02   6.1302646e+00
   1.1575000e+02   6.1286030e+00
   1.1600000e+02   6.1269626e+00
   1.1625000e+02   6.1253431e+00
   1.1650000e+02   6.1237442e+00
   1.1675000e+02   6.1221658e+00
   1.1700000e+02   6.1206074e+00
   1.1725000e+02   6.1190690e+00
   1.1750000e+02   6.1175502e+00
   1.1775000e+02   6.1160507e+00
   1.1800000e+02   6.1145704e+00
   1.1825000e+02   6.1131090e+00
   1.1850000e+02   6.1116662e+00
   1.1875000e+02   6.1102418e+00
   1.1900000e+02   6.1088356e+00
   1.1925000e+02   6.1074473e+00
   1.1950000e+02   6.1060767e+00
   1.1975000e+02   6.1047236e+00
   1.2000000e+02   6.1033878e+00
   1.2025000e+02   6.1020690e+00
   1.2050000e+02   6.1007670e+00
   1.2075000e+02   6.0994817e+00
   1.2100000e+02   6.0982127e+00
   1.2125000e+02   6.0969599e+00
   1.2150000e+02   6.0957231e+00
   1.2175000e+02   6.0945021e+00
   1.2200000e+02   6.0932967e+00
   1.2225000e+02   6.0921066e+00
   1.2250000e+02   6.0909317e+00
   1.2275000e+02   6.0897718e+00
   1.2300000e+02   6.0886267e+00
   1.2325000e+02   6.0874962e+00
   1.2350000e+02   6.0863801e+00
   1.2375000e+02   6.0852782e+00
   1.2400000e+02   6.0841905e+00
   1.2425000e+02   6.0831165e+00
   1.2450000e+02   6.0820563e+00
   1.2475000e+02   6.0810096e+00
   1.2500000e+02   6.0799763e+00
   1.2525000e+02   6.0789561e+00
   1.2550000e+02   6.0779490e+00
   1.2575000e+02   6.0769547e+00
   1.2600000e+02   6.0759731e+00
   1.2625000e+02   6.0750040e+00
   1.2650000e+02   6.0740472e+00
   1.2675000e+02   6.0731027e+00
   1.2700000e+02   6.0721702e+00
   1.2725000e+02   6.0712496e+00
   1.2750000e+02   6.0703408e+00
   1.2775000e+02   6.0694435e+00
   1.2800000e+02   6.0685577e+00
   1.2825000e+02   6.0676832e+00
   1.2850000e+02   6.0668199e+00
   1.2875000e+02   6.0659675e+00
   1.2900000e+02   6.0651261e+00
   1.2925000e+02   6.0642953e+00
   1.2950000e+02   6.0634752e+00
   1.2975000e+02   6.0626655e+00
   1.3000000e+02   6.0618662e+00
   1.3025000e+02   6.0610770e+00
   1.3050000e+02   6.0602979e+00
   1.3075000e+02   6.0595288e+00
   1.3100000e+02   6.0587694e+00
   1.3125000e+02   6.0580198e+00
   1.3150000e+02   6.0572797e+00
   1.3175000e+02   6.0565491e+00
   1.3200000e+02   6.0558277e+00
   1.3225000e+02   6.0551156e+00
   1.3250000e+02   6.0544126e+00
   1.3275000e+02   6.0537185e+00
   1.3300000e+02   6.0530333e+00
   1.3325000e+02   6.0523568e+00
   1.3350000e+02   6.0516889e+00
   1.3375000e+02   6.0510296e+00
   1.3400000e+02   6.0503787e+00
   1.3425000e+02   6.0497361e+00
   1.3450000e+02   6.0491016e+00
   1.3475000e+02   6.0484753e+00
   1.3500000e+02   6.0478570e+00
   1.3525000e+02   6.0472465e+00
   1.3550000e+02   6.0466438e+00
   1.3575000e+02   6.0460489e+00
   1.3600000e+02   6.0454615e+00
   1.3625000e+02   6.0448816e+00
   1.3650000e+02   6.0443091e+00
   1.3675000e+02   6.0437439e+00
   1.3700000e+02   6.0431859e+00
   1.3725000e+02   6.0426350e+00
   1.3750000e+02   6.0420912e+00
   1.3775000e+02   6.0415543e+00
   1.3800000e+02   6.0410242e+00
   1.3825000e+02   6.0405009e+00
   1.3850000e+02   6.0399843e+00
   1.3875000e+02   6.0394743e+00
   1.3900000e+02   6.0389707e+00
   1.3925000e+02   6.0384736e+00
   1.3950000e+02   6.0379829e+00
   1.3975000e+02   6.0374984e+00
   1.4000000e+02   6.0370201e+00
   1.4025000e+02   6.0365478e+00
   1.4050000e+02   6.0360816e+00
   1.4075000e+02   6.0356214e+00
   1.4100000e+02   6.0351670e+00
   1.4125000e+02   6.0347184e+00
   1.4150000e+02   6.0342756e+00
   1.4175000e+02   6.0338384e+00
   1.4200000e+02   6.0334067e+00
   1.4225000e+02   6.0329806e+00
   1.4250000e+02   6.0325599e+00
   1.4275000e+02   6.0321446e+00
   1.4300000e+02   6.0317345e+00
   1.4325000e+02   6.0313297e+00
   1.4350000e+02   6.0309301e+00
   1.4375000e+02   6.0305356e+00
   1.4400000e+02   6.0301461e+00
   1.4425000e+02   6.0297615e+00
   1.4450000e+02   6.0293819e+00
   1.4475000e+02   6.0290071e+00
   1.4500000e+02   6.0286371e+00
   1.4525000e+02   6.0282718e+00
   1.4550000e+02   6.0279112e+00
   1.4575000e+02   6.0275552e+00
   1.4600000e+02   6.0272037e+00
   1.4625000e+02   6.0268567e+00
   1.4650000e+02   6.0265141e+00
   1.4675000e+02   6.0261759e+00
   1.4700000e+02   6.0258420e+00
   1.4725000e+02   6.0255123e+00
   1.4750000e+02   6.0251869e+00
   1.4775000e+02   6.0248656e+00
   1.4800000e+02   6.0245485e+00
   1.4825000e+02   6.0242353e+00
   1.4850000e+02   6.0239262e+00
   1.4875000e+02   6.0236210e+00
   1.4900000e+02   6.0233197e+00
   1.4925000e+02   6.0230222e+00
   1.4950000e+02   6.0227286e+00
   1.4975000e+02   6.0224386e+00
   1.5000000e+02   6.0221524e+00
   1.5025000e+02   6.0218698e+00
   1.5050000e+02   6.0215909e+00
   1.5075000e+02   6.0213155e+00
   1.5100000e+02   6.0210436e+00
   1.5125000e+02   6.0207751e+00
   1.5150000e+02   6.0205101e+00
   1.5175000e+02   6.0202485e+00
   1.5200000e+02   6.0199902e+00
   1.5225000e+02   6.0197352e+00
   1.5250000e+02   6.0194835e+00
   1.5275000e+02   6.0192350e+00
   1.5300000e+02   6.0189896e+00
   1.5325000e+02   6.0187474e+00
   1.5350000e+02   6.0185083e+00
   1.5375000e+02   6.0182722e+00
   1.5400000e+02   6.0180391e+00
   1.5425000e+02   6.0178090e+00
   1.5450000e+02   6.0175818e+00
   1.5475000e+02   6.0173575e+00
   1.5500000e+02   6.0171361e+00
   1.5525000e+02   6.0169176e+00
   1.5550000e+02   6.0167018e+00
   1.5575000e+02   6.0164887e+00
   1.5600000e+02   6.0162784e+00
   1.5625000e+02   6.0160707e+00
   1.5650000e+02   6.0158657e+00
   1.5675000e+02   6.0156634e+00
   1.5700000e+02   6.0154636e+00
   1.5725000e+02   6.0152663e+00
   1.5750000e+02   6.0150716e+00
   1.5775000e+02   6.0148793e+00
   1.5800000e+02   6.0146895e+00
   1.5825000e+02   6.0145022e+00
   1.5850000e+02   6.0143172e+00
   1.5875000e+02   6.0141345e+00
   1.5900000e+02   6.0139543e+00
   1.5925000e+02   6.0137763e+00
   1.5950000e+02   6.0136005e+00
   1.5975000e+02   6.0134270e+00
   1.6000000e+02   6.0132558e+00
   1.6025000e+02   6.0130867e+00
   1.6050000e+02   6.0129198e+00
   1.6075000e+02   6.0127549e+00
   1.6100000e+02   6.0125923e+00
   1.6125000e+02   6.0124316e+00
   1.6150000e+02   6.0122731e+00
   1.6175000e+02   6.0121165e+00
   1.6200000e+02   6.0119619e+00
   1.6225000e+02   6.0118094e+00
   1.6250000e+02   6.0116587e+00
   1.6275000e+02   6.0115100e+00
   1.6300000e+02   6.0113632e+00
   1.6325000e+02   6.0112182e+00
   1.6350000e+02   6.0110751e+00
   1.6375000e+02   6.0109339e+00
   1.6400000e+02   6.0107944e+00
   1.6425000e+02   6.0106567e+00
   1.6450000e+02   6.0105208e+00
   1.6475000e+02   6.0103866e+00
   1.6500000e+02   6.0102541e+00
   1.6525000e+02   6.0101233e+00
   1.6550000e+02   6.0099942e+00
   1.6575000e+02   6.0098667e+00
   1.6600000e+02   6.0097408e+00
   1.6625000e+02   6.0096166e+00
   1.6650000e+02   6.0094939e+00
   1.6675000e+02   6.0093728e+00
   1.6700000e+02   6.0092532e+00
   1.6725000e+02   6.0091352e+00
   1.6750000e+02   6.0090187e+00
   1.6775000e+02   6.0089036e+00
   1.6800000e+02   6.0087901e+00
   1.6825000e+02   6.0086779e+00
   1.6850000e+02   6.0085672e+00
   1.6875000e+02   6.0084580e+00
   1.6900000e+02   6.0083501e+00
   1.6925000e+02   6.0082436e+00
   1.6950000e+02   6.0081384e+00
   1.6975000e+02   6.0080346e+00
   1.7000000e+02   6.0079321e+00
   1.7025000e+02   6.0078309e+00
   1.7050000e+02   6.0077310e+00
   1.7075000e+02   6.0076324e+00
   1.7100000e+02   6.0075351e+00
   1.7125000e+02   6.0074390e+00
   1.7150000e+02   6.0073441e+00
   1.7175000e+02   6.0072504e+00
   1.7200000e+02   6.0071579e+00
   1.7225000e+02   6.0070666e+00
   1.7250000e+02   6.0069765e+00
   1.7275000e+02   6.0068875e+00
   1.7300000e+02   6.0067996e+00
   1.7325000e+02   6.0067129e+00
   1.7350000e+02   6.0066272e+00
   1.7375000e+02   6.0065427e+00
   1.7400000e+02   6.0064593e+00
   1.7425000e+02   6.0063769e+00
   1.7450000e+02   6.0062955e+00
   1.7475000e+02   6.0062152e+00
   1.7500000e+02   6.0061359e+00
   1.7525000e+02   6.0060577e+00
   1.7550000e+02   6.0059804e+00
   1.7575000e+02   6.0059041e+00
   1.7600000e+02   6.0058288e+00
   1.7625000e+02   6.0057544e+00
   1.7650000e+02   6.0056810e+00
   1.7675000e+02   6.0056086e+00
   1.7700000e+02   6.0055370e+00
   1.7725000e+02   6.0054664e+00
   1.7750000e+02   6.0053967e+00
   1.7775000e+02   6.0053278e+00
   1.7800000e+02   6.0052599e+00
   1.7825000e+02   6.0051928e+00
   1.7850000e+02   6.0051265e+00
   1.7875000e+02   6.0050612e+00
   1.7900000e+02   6.0049966e+00
   1.7925000e+02   6.0049329e+00
   1.7950000e+02   6.0048699e+00
   1.7975000e+02   6.0048078e+00
   1.8000000e+02   6.0047465e+00
   1.8025000e+02   6.0046859e+00
   1.8050000e+02   6.0046262e+00
   1.8075000e+02   6.0045672e+00
   1.8100000e+02   6.0045089e+00
   1.8125000e+02   6.0044514e+00
   1.8150000e+02   6.0043946e+00
   1.8175000e+02   6.0043386e+00
   1.8200000e+02   6.0042832e+00
   1.8225000e+02   6.0042286e+00
   1.8250000e+02   6.0041746e+00
   1.8275000e+02   6.0041214e+00
   1.8300000e+02   6.0040688e+00
   1.8325000e+02   6.0040169e+00
   1.8350000e+02   6.0039657e+00
   1.8375000e+02   6.0039151e+00
   1.8400000e+02   6.0038651e+00
   1.8425000e+02   6.0038158e+00
   1.8450000e+02   6.0037672e+00
   1.8475000e+02   6.0037191e+00
   1.8500000e+02   6.0036717e+00
   1.8525000e+02   6.0036248e+00
   1.8550000e+02   6.0035786e+00
   1.8575000e+02   6.0035330e+00
   1.8600000e+02   6.0034879e+00
   1.8625000e+02   6.0034434e+00
   1.8650000e+02   6.0033995e+00
   1.8675000e+02   6.0033561e+00
   1.8700000e+02   6.0033133e+00
   1.8725000e+02   6.0032710e+00
   1.8750000e+02   6.0032293e+00
   1.8775000e+02   6.0031881e+00
   1.8800000e+02   6.0031475e+00
   1.8825000e+02   6.0031073e+00
   1.8850000e+02   6.0030677e+00
   1.8875000e+02   6.0030285e+00
   1.8900000e+02   6.0029899e+00
   1.8925000e+02   6.0029518e+00
   1.8950000e+02   6.0029141e+00
   1.8975000e+02   6.0028769e+00
   1.9000000e+02   6.0028403e+00
   1.9025000e+02   6.0028040e+00
   1.9050000e+02   6.0027683e+00
   1.9075000e+02   6.0027329e+00
   1.9100000e+02   6.0026981e+00
   1.9125000e+02   6.0026637e+00
   1.9150000e+02   6.0026297e+00
   1.9175000e+02   6.0025961e+00
   1.9200000e+02   6.0025630e+00
   1.9225000e+02   6.0025303e+00
   1.9250000e+02   6.0024981e+00
   1.9275000e+02   6.0024662e+00
   1.9300000e+02   6.0024347e+00
   1.9325000e+02   6.0024037e+00
   1.9350000e+02   6.0023730e+00
   1.9375000e+02   6.0023427e+00
   1.9400000e+02   6.0023129e+00
   1.9425000e+02   6.0022834e+00
   1.9450000e+02   6.0022542e+00
   1.9475000e+02   6.0022255e+00
   1.9500000e+02   6.0021971e+00
   1.9525000e+02   6.0021691e+00
   1.9550000e+02   6.0021414e+00
   1.9575000e+02   6.0021141e+00
   1.9600000e+02   6.0020871e+00
   1.9625000e+02   6.0020605e+00
   1.9650000e+02   6.0020342e+00
   1.9675000e+02   6.0020083e+00
   1.9700000e+02   6.0019826e+00
   1.9725000e+02   6.0019574e+00
   1.9750000e+02   6.0019324e+00
   1.9775000e+02   6.0019077e+00
   1.9800000e+02   6.0018834e+00
   1.9825000e+02   6.0018594e+00
   1.9850000e+02   6.0018357e+00
   1.9875000e+02   6.0018122e+00
   1.9900000e+02   6.0017891e+00
   1.9925000e+02   6.0017663e+00
   1.9950000e+02   6.0017438e+00
   1.9975000e+02   6.0017215e+00
   2.0000000e+02   6.0016996e+00
   2.0025000e+02   6.0016779e+00
   2.0050000e+02   6.0016565e+00
   2.0075000e+02   6.0016354e+00
   2.0100000e+02   6.0016145e+00
   2.0125000e+02   6.0015939e+00
   2.0150000e+02   6.0015736e+00
   2.0175000e+02   6.0015535e+00
   2.0200000e+02   6.0015337e+00
   2.0225000e+02   6.0015141e+00
   2.0250000e+02   6.0014948e+00
   2.0275000e+02   6.0014757e+00
   2.0300000e+02   6.0014569e+00
   2.0325000e+02   6.0014383e+00
   2.0350000e+02   6.0014200e+00
   2.0375000e+02   6.0014019e+00
   2.0400000e+02   6.0013840e+00
   2.0425000e+02   6.0013663e+00
   2.0450000e+02   6.0013489e+00
   2.0475000e+02   6.0013317e+00
   2.0500000e+02   6.0013147e+00
   2.0525000e+02   6.0012979e+00
   2.0550000e+02   6.0012814e+00
   2.0575000e+02   6.0012650e+00
   2.0600000e+02   6.0012489e+00
   2.0625000e+02   6.0012330e+00
   2.0650000e+02   6.0012173e+00
   2.0675000e+02   6.0012017e+00
   2.0700000e+02   6.0011864e+00
   2.0725000e+02   6.0011713e+00
   2.0750000e+02   6.0011563e+00
   2.0775000e+02   6.0011416e+00
   2.0800000e+02   6.0011270e+00
   2.0825000e+02   6.0011126e+00
   2.0850000e+02   6.0010984e+00
   2.0875000e+02   6.0010844e+00
   2.0900000e+02   6.0010706e+00
   2.0925000e+02   6.0010569e+00
   2.0950000e+02   6.0010435e+00
   2.0975000e+02   6.0010301e+00
   2.1000000e+02   6.0010170e+00
   2.1025000e+02   6.0010040e+00
   2.1050000e+02   6.0009912e+00
   2.1075000e+02   6.0009786e+00
   2.1100000e+02   6.0009661e+00
   2.1125000e+02   6.0009538e+00
   2.1150000e+02   6.0009416e+00
   2.1175000e+02   6.0009296e+00
   2.1200000e+02   6.0009177e+00
   2.1225000e+02   6.0009060e+00
   2.1250000e+02   6.0008945e+00
   2.1275000e+02   6.0008831e+00
   2.1300000e+02   6.0008718e+00
   2.1325000e+02   6.0008607e+00
   2.1350000e+02   6.0008497e+00
   2.1375000e+02   6.0008389e+00
   2.1400000e+02   6.0008282e+00
   2.1425000e+02   6.0008176e+00
   2.1450000e+02   6.0008072e+00
   2.1475000e+02   6.0007969e+00
   2.1500000e+02   6.0007867e+00
   2.1525000e+02   6.0007767e+00
   2.1550000e+02   6.0007668e+00
   2.1575000e+02   6.0007570e+00
   2.1600000e+02   6.0007473e+00
   2.1625000e+02   6.0007378e+00
   2.1650000e+02   6.0007284e+00
   2.1675000e+02   6.0007191e+00
   2.1700000e+02   6.0007099e+00
   2.1725000e+02   6.0007009e+00
   2.1750000e+02   6.0006919e+00
   2.1775000e+02   6.0006831e+00
   2.1800000e+02   6.0006744e+00
   2.1825000e+02   6.0006658e+00
   2.1850000e+02   6.0006573e+00
   2.1875000e+02   6.0006489e+00
   2.1900000e+02   6.0006406e+00
   2.1925000e+02   6.0006325e+00
   2.1950000e+02   6.0006244e+00
   2.1975000e+02   6.0006164e+00
   2.2000000e+02   6.0006086e+00
   2.2025000e+02   6.0006008e+00
   2.2050000e+02   6.0005931e+00
   2.2075000e+02   6.0005856e+00
   2.2100000e+02   6.0005781e+00
   2.2125000e+02   6.0005707e+00
   2.2150000e+02   6.0005635e+00
   2.2175000e+02   6.0005563e+00
   2.2200000e+02   6.0005492e+00
   2.2225000e+02   6.0005422e+00
   2.2250000e+02   6.0005352e+00
   2.2275000e+02   6.0005284e+00
   2.2300000e+02   6.0005217e+00
   2.2325000e+02   6.0005150e+00
   2.2350000e+02   6.0005085e+00
   2.2375000e+02   6.0005020e+00
   2.2400000e+02   6.0004956e+00
   2.2425000e+02   6.0004892e+00
   2.2450000e+02   6.0004830e+00
   2.2475000e+02   6.0004768e+00
   2.2500000e+02   6.0004708e+00
   2.2525000e+02   6.0004648e+00
   2.2550000e+02   6.0004588e+00
   2.2575000e+02   6.0004530e+00
   2.2600000e+02   6.0004472e+00
   2.2625000e+02   6.0004415e+00
   2.2650000e+02   6.0004359e+00
   2.2675000e+02   6.0004303e+00
   2.2700000e+02   6.0004248e+00
   2.2725000e+02   6.0004194e+00
   2.2750000e+02   6.0004140e+00
   2.2775000e+02   6.0004088e+00
   2.2800000e+02   6.0004035e+00
   2.2825000e+02   6.0003984e+00
   2.2850000e+02   6.0003933e+00
   2.2875000e+02   6.0003883e+00
   2.2900000e+02   6.0003833e+00
   2.2925000e+02   6.0003785e+00
   2.2950000e+02   6.0003736e+00
   2.2975000e+02   6.0003689e+00
   2.3000000e+02   6.0003642e+00
   2.3025000e+02   6.0003595e+00
   2.3050000e+02   6.0003549e+00
   2.3075000e+02   6.0003504e+00
   2.3100000e+02   6.0003459e+00
   2.3125000e+02   6.0003415e+00
   2.3150000e+02   6.0003372e+00
   2.3175000e+02   6.0003329e+00
   2.3200000e+02   6.0003286e+00
   2.3225000e+02   6.0003244e+00
   2.3250000e+02   6.0003203e+00
   2.3275000e+02   6.0003162e+00
   2.3300000e+02   6.0003122e+00
   2.3325000e+02   6.0003082e+00
   2.3350000e+02   6.0003043e+00
   2.3375000e+02   6.0003004e+00
   2.3400000e+02   6.0002965e+00
   2.3425000e+02   6.0002928e+00
   2.3450000e+02   6.0002890e+00
   2.3475000e+02   6.0002853e+00
   2.3500000e+02   6.0002817e+00
   2.3525000e+02   6.0002781e+00
   2.3550000e+02   6.0002746e+00
   2.3575000e+02   6.0002711e+00
   2.3600000e+02   6.0002676e+00
   2.3625000e+02   6.0002642e+00
   2.3650000e+02   6.0002608e+00
   2.3675000e+02   6.0002575e+00
   2.3700000e+02   6.0002542e+00
   2.3725000e+02   6.0002510e+00
   2.3750000e+02   6.0002478e+00
   2.3775000e+02   6.0002446e+00
   2.3800000e+02   6.0002415e+00
   2.3825000e+02   6.0002384e+00
   2.3850000e+02   6.0002354e+00
   2.3875000e+02   6.0002324e+00
   2.3900000e+02   6.0002294e+00
   2.3925000e+02   6.0002265e+00
   2.3950000e+02   6.0002236e+00
   2.3975000e+02   6.0002207e+00
   2.4000000e+02   6.0002179e+00
   2.4025000e+02   6.0002151e+00
   2.4050000e+02   6.0002124e+00
   2.4075000e+02   6.0002097e+00
   2.4100000e+02   6.0002070e+00
   2.4125000e+02   6.0002044e+00
   2.4150000e+02   6.0002018e+00
   2.4175000e+02   6.0001992e+00
   2.4200000e+02   6.0001966e+00
   2.4225000e+02   6.0001941e+00
   2.4250000e+02   6.0001917e+00
   2.4275000e+02   6.0001892e+00
   2.4300000e+02   6.0001868e+00
   2.4325000e+02   6.0001844e+00
   2.4350000e+02   6.0001821e+00
   2.4375000e+02   6.0001797e+00
   2.4400000e+02   6.0001774e+00
   2.4425000e+02   6.0001752e+00
   2.4450000e+02   6.0001729e+00
   2.4475000e+02   6.0001707e+00
   2.4500000e+02   6.0001686e+00
   2.4525000e+02   6.0001664e+00
   2.4550000e+02   6.0001643e+00
   2.4575000e+02   6.0001622e+00
   2.4600000e+02   6.0001601e+00
   2.4625000e+02   6.0001581e+00
   2.4650000e+02   6.0001561e+00
   2.4675000e+02   6.0001541e+00
   2.4700000e+02   6.0001521e+00
   2.4725000e+02   6.0001502e+00
   2.4750000e+02   6.0001483e+00
   2.4775000e+02   6.0001464e+00
   2.4800000e+02   6.0001445e+00
   2.4825000e+02   6.0001427e+00
   2.4850000e+02   6.0001408e+00
   2.4875000e+02   6.0001390e+00
   2.4900000e+02   6.0001373e+00
   2.4925000e+02   6.0001355e+00
   2.4950000e+02   6.0001338e+00
   2.4975000e+02   6.0001321e+00
   2.5000000e+02   6.0001304e+00
   2.5025000e+02   6.0001287e+00
   2.5050000e+02   6.0001271e+00
   2.5075000e+02   6.0001255e+00
   2.5100000e+02   6.0001239e+00
   2.5125000e+02   6.0001223e+00
   2.5150000e+02   6.0001207e+00
   2.5175000e+02   6.0001192e+00
   2.5200000e+02   6.0001177e+00
   2.5225000e+02   6.0001162e+00
   2.5250000e+02   6.0001147e+00
   2.5275000e+02   6.0001132e+00
   2.5300000e+02   6.0001118e+00
   2.5325000e+02   6.0001104e+00
   2.5350000e+02   6.0001089e+00
   2.5375000e+02   6.0001076e+00
   2.5400000e+02   6.0001062e+00
   2.5425000e+02   6.0001048e+00
   2.5450000e+02   6.0001035e+00
   2.5475000e+02   6.0001022e+00
   2.5500000e+02   6.0001009e+00
   2.5525000e+02   6.0000996e+00
   2.5550000e+02   6.0000983e+00
   2.5575000e+02   6.0000971e+00
   2.5600000e+02   6.0000958e+00
   2.5625000e+02   6.0000946e+00
   2.5650000e+02   6.0000934e+00
   2.5675000e+02   6.0000922e+00
   2.5700000e+02   6.0000910e+00
   2.5725000e+02   6.0000899e+00
   2.5750000e+02   6.0000887e+00
   2.5775000e+02   6.0000876e+00
   2.5800000e+02   6.0000865e+00
   2.5825000e+02   6.0000854e+00
   2.5850000e+02   6.0000843e+00
   2.5875000e+02   6.0000832e+00
   2.5900000e+02   6.0000821e+00
   2.5925000e+02   6.0000811e+00
   2.5950000e+02   6.0000801e+00
   2.5975000e+02   6.0000790e+00
   2.6000000e+02   6.0000780e+00
   2.6025000e+02   6.0000770e+00
   2.6050000e+02   6.0000760e+00
   2.6075000e+02   6.0000751e+00
   2.6100000e+02   6.0000741e+00
   2.6125000e+02   6.0000732e+00
   2.6150000e+02   6.0000722e+00
   2.6175000e+02   6.0000713e+00
   2.6200000e+02   6.0000704e+00
   2.6225000e+02   6.0000695e+00
   2.6250000e+02   6.0000686e+00
   2.6275000e+02   6.0000678e+00
   2.6300000e+02   6.0000669e+00
   2.6325000e+02   6.0000660e+00
   2.6350000e+02   6.0000652e+00
   2.6375000e+02   6.0000644e+00
   2.6400000e+02   6.0000635e+00
   2.6425000e+02   6.0000627e+00
   2.6450000e+02   6.0000619e+00
   2.6475000e+02   6.0000611e+00
   2.6500000e+02   6.0000604e+00
   2.6525000e+02   6.0000596e+00
   2.6550000e+02   6.0000588e+00
   2.6575000e+02   6.0000581e+00
   2.6600000e+02   6.0000573e+00
   2.6625000e+02   6.0000566e+00
   2.6650000e+02   6.0000559e+00
   2.6675000e+02   6.0000552e+00
   2.6700000e+02   6.0000545e+00
   2.6725000e+02   6.0000538e+00
   2.6750000e+02   6.0000531e+00
   2.6775000e+02   6.0000524e+00
   2.6800000e+02   6.0000517e+00
   2.6825000e+02   6.0000511e+00
   2.6850000e+02   6.0000504e+00
   2.6875000e+02   6.0000498e+00
   2.6900000e+02   6.0000492e+00
   2.6925000e+02   6.0000485e+00
   2.6950000e+02   6.0000479e+00
   2.6975000e+02   6.0000473e+00
   2.7000000e+02   6.0000467e+00
   2.7025000e+02   6.0000461e+00
   2.7050000e+02   6.0000455e+00
   2.7075000e+02   6.0000449e+00
   2.7100000e+02   6.0000444e+00
   2.7125000e+02   6.0000438e+00
   2.7150000e+02   6.0000432e+00
   2.7175000e+02   6.0000427e+00
   2.7200000e+02   6.0000421e+00
   2.7225000e+02   6.0000416e+00
   2.7250000e+02   6.0000411e+00
   2.7275000e+02   6.0000405e+00
   2.7300000e+02   6.0000400e+00
   2.7325000e+02   6.0000395e+00
   2.7350000e+02   6.0000390e+00
   2.7375000e+02   6.0000385e+00
   2.7400000e+02   6.0000380e+00
   2.7425000e+02   6.0000375e+00
   2.7450000e+02   6.0000371e+00
   2.7475000e+02   6.0000366e+00
   2.7500000e+02   6.0000361e+00
   2.7525000e+02   6.0000357e+00
   2.7550000e+02   6.0000352e+00
   2.7575000e+02   6.0000348e+00
   2.7600000e+02   6.0000343e+00
   2.7625000e+02   6.0000339e+00
   2.7650000e+02   6.0000334e+00
   2.7675000e+02   6.0000330e+00
   2.7700000e+02   6.0000326e+00
   2.7725000e+02   6.0000322e+00
   2.7750000e+02   6.0000318e+00
   2.7775000e+02   6.0000314e+00
   2.7800000e+02   6.0000310e+00
   2.7825000e+02   6.0000306e+00
   2.7850000e+02   6.0000302e+00
   2.7875000e+02   6.0000298e+00
   2.7900000e+02   6.0000294e+00
   2.7925000e+02   6.0000290e+00
   2.7950000e+02   6.0000287e+00
   2.7975000e+02   6.0000283e+00
   2.8000000e+02   6.0000279e+00
   2.8025000e+02   6.0000276e+00
   2.8050000e+02   6.0000272e+00
   2.8075000e+02   6.0000269e+00
   2.8100000e+02   6.0000265e+00
   2.8125000e+02   6.0000262e+00
   2.8150000e+02   6.0000259e+00
   2.8175000e+02   6.0000255e+00
   2.8200000e+02   6.0000252e+00
   2.8225000e+02   6.0000249e+00
   2.8250000e+02   6.0000246e+00
   2.8275000e+02   6.0000243e+00
   2.8300000e+02   6.0000240e+00
   2.8325000e+02   6.0000236e+00
   2.8350000e+02   6.0000233e+00
   2.8375000e+02   6.0000230e+00
   2.8400000e+02   6.0000228e+00
   2.8425000e+02   6.0000225e+00
   2.8450000e+02   6.0000222e+00
   2.8475000e+02   6.0000219e+00
   2.8500000e+02   6.0000216e+00
   2.8525000e+02   6.0000213e+00
   2.8550000e+02   6.0000211e+00
   2.8575000e+02   6.0000208e+00
   2.8600000e+02   6.0000205e+00
   2.8625000e+02   6.0000203e+00
   2.8650000e+02   6.0000200e+00
   2.8675000e+02   6.0000198e+00
   2.8700000e+02   6.0000195e+00
   2.8725000e+02   6.0000193e+00
   2.8750000e+02   6.0000190e+00
   2.8775000e+02   6.0000188e+00
   2.8800000e+02   6.0000185e+00
   2.8825000e+02   6.0000183e+00
   2.8850000e+02   6.0000181e+00
   2.8875000e+02   6.0000178e+00
   2.8900000e+02   6.0000176e+00
   2.8925000e+02   6.0000174e+00
   2.8950000e+02   6.0000172e+00
   2.8975000e+02   6.0000169e+00
   2.9000000e+02   6.0000167e+00
   2.9025000e+02   6.0000165e+00
   2.9050000e+02   6.0000163e+00
   2.9075000e+02   6.0000161e+00
   2.9100000e+02   6.0000159e+00
   2.9125000e+02   6.0000157e+00
   2.9150000e+02   6.0000155e+00
   2.9175000e+02   6.0000153e+00
   2.9200000e+02   6.0000151e+00
   2.9225000e+02   6.0000149e+00
   2.9250000e+02   6.0000147e+00
   2.9275000e+02   6.0000145e+00
   2.9300000e+02   6.0000143e+00
   2.9325000e+02   6.0000141e+00
   2.9350000e+02   6.0000140e+00
   2.9375000e+02   6.0000138e+00
   2.9400000e+02   6.0000136e+00
   2.9425000e+02   6.0000134e+00
   2.9450000e+02   6.0000133e+00
   2.9475000e+02   6.0000131e+00
   2.9500000e+02   6.0000129e+00
   2.9525000e+02   6.0000128e+00
   2.9550000e+02   6.0000126e+00
   2.9575000e+02   6.0000124e+00
   2.9600000e+02   6.0000123e+00
   2.9625000e+02   6.0000121e+00
   2.9650000e+02   6.0000120e+00
   2.9675000e+02   6.0000118e+00
   2.9700000e+02   6.0000117e+00
   2.9725000e+02   6.0000115e+00
   2.9750000e+02   6.0000114e+00
   2.9775000e+02   6.0000112e+00
   2.9800000e+02   6.0000111e+00
   2.9825000e+02   6.0000109e+00
   2.9850000e+02   6.0000108e+00
   2.9875000e+02   6.0000107e+00
   2.9900000e+02   6.0000105e+00
   2.9925000e+02   6.0000104e+00
   2.9950000e+02   6.0000103e+00
   2.9975000e+02   6.0000101e+00
   3.0000000e+02   6.0000100e+00
   3.0025000e+02   6.0000099e+00
   3.0050000e+02   6.0000098e+00
   3.0075000e+02   6.0000096e+00
   3.0100000e+02   6.0000095e+00
   3.0125000e+02   6.0000094e+00
   3.0150000e+02   6.0000093e+00
   3.0175000e+02   6.0000091e+00
   3.0200000e+02   6.0000090e+00
   3.0225000e+02   6.0000089e+00
   3.0250000e+02   6.0000088e+00
   3.0275000e+02   6.0000087e+00
   3.0300000e+02   6.0000086e+00
   3.0325000e+02   6.0000085e+00
   3.0350000e+02   6.0000084e+00
   3.0375000e+02   6.0000083e+00
   3.0400000e+02   6.0000081e+00
   3.0425000e+02   6.0000080e+00
   3.0450000e+02   6.0000079e+00
   3.0475000e+02   6.0000078e+00
   3.0500000e+02   6.0000077e+00
   3.0525000e+02   6.0000076e+00
   3.0550000e+02   6.0000075e+00
   3.0575000e+02   6.0000074e+00
   3.0600000e+02   6.0000074e+00
   3.0625000e+02   6.0000073e+00
   3.0650000e+02   6.0000072e+00
   3.0675000e+02   6.0000071e+00
   3.0700000e+02   6.0000070e+00
   3.0725000e+02   6.0000069e+00
   3.0750000e+02   6.0000068e+00
   3.0775000e+02   6.0000067e+00
   3.0800000e+02   6.0000066e+00
   3.0825000e+02   6.0000065e+00
   3.0850000e+02   6.0000065e+00
   3.0875000e+02   6.0000064e+00
   3.0900000e+02   6.0000063e+00
   3.0925000e+02   6.0000062e+00
   3.0950000e+02   6.0000061e+00
   3.0975000e+02   6.0000061e+00
   3.1000000e+02   6.0000060e+00
   3.1025000e+02   6.0000059e+00
   3.1050000e+02   6.0000058e+00
   3.1075000e+02   6.0000058e+00
   3.1100000e+02   6.0000057e+00
   3.1125000e+02   6.0000056e+00
   3.1150000e+02   6.0000055e+00
   3.1175000e+02   6.0000055e+00
   3.1200000e+02   6.0000054e+00
   3.1225000e+02   6.0000053e+00
   3.1250000e+02   6.0000053e+00
   3.1275000e+02   6.0000052e+00
   3.1300000e+02   6.0000051e+00
   3.1325000e+02   6.0000051e+00
   3.1350000e+02   6.0000050e+00
   3.1375000e+02   6.0000049e+00
   3.1400000e+02   6.0000049e+00
   3.1425000e+02   6.0000048e+00
   3.1450000e+02   6.0000048e+00
   3.1475000e+02   6.0000047e+00
   3.1500000e+02   6.0000046e+00
   3.1525000e+02   6.0000046e+00
   3.1550000e+02   6.0000045e+00
   3.1575000e+02   6.0000045e+00
   3.1600000e+02   6.0000044e+00
   3.1625000e+02   6.0000043e+00
   3.1650000e+02   6.0000043e+00
   3.1675000e+02   6.0000042e+00
   3.1700000e+02   6.0000042e+00
   3.1725000e+02   6.0000041e+00
   3.1750000e+02   6.0000041e+00
   3.1775000e+02   6.0000040e+00
   3.1800000e+02   6.0000040e+00
   3.1825000e+02   6.0000039e+00
   3.1850000e+02   6.0000039e+00
   3.1875000e+02   6.0000038e+00
   3.1900000e+02   6.0000038e+00
   3.1925000e+02   6.0000037e+00
   3.1950000e+02   6.0000037e+00
   3.1975000e+02   6.0000036e+00
   3.2000000e+02   6.0000036e+00
   3.2025000e+02   6.0000035e+00
   3.2050000e+02   6.0000035e+00
   3.2075000e+02   6.0000034e+00
   3.2100000e+02   6.0000034e+00
   3.2125000e+02   6.0000034e+00
   3.2150000e+02   6.0000033e+00
   3.2175000e+02   6.0000033e+00
   3.2200000e+02   6.0000032e+00
   3.2225000e+02   6.0000032e+00
   3.2250000e+02   6.0000032e+00
   3.2275000e+02   6.0000031e+00
   3.2300000e+02   6.0000031e+00
   3.2325000e+02   6.0000030e+00
   3.2350000e+02   6.0000030e+00
   3.2375000e+02   6.0000030e+00
   3.2400000e+02   6.0000029e+00
   3.2425000e+02   6.0000029e+00
   3.2450000e+02   6.0000028e+00
   3.2475000e+02   6.0000028e+00
   3.2500000e+02   6.0000028e+00
   3.2525000e+02   6.0000027e+00
   3.2550000e+02   6.0000027e+00
   3.2575000e+02   6.0000027e+00
   3.2600000e+02   6.0000026e+00
   3.2625000e+02   6.0000026e+00
   3.2650000e+02   6.0000026e+00
   3.2675000e+02   6.0000025e+00
   3.2700000e+02   6.0000025e+00
   3.2725000e+02   6.0000025e+00
   3.2750000e+02   6.0000024e+00
   3.2775000e+02   6.0000024e+00
   3.2800000e+02   6.0000024e+00
   3.2825000e+02   6.0000023e+00
   3.2850000e+02   6.0000023e+00
   3.2875000e+02   6.0000023e+00
   3.2900000e+02   6.0000023e+00
   3.2925000e+02   6.0000022e+00
   3.2950000e+02   6.0000022e+00
   3.2975000e+02   6.0000022e+00
   3.3000000e+02   6.0000021e+00
   3.3025000e+02   6.0000021e+00
   3.3050000e+02   6.0000021e+00
   3.3075000e+02   6.0000021e+00
   3.3100000e+02   6.0000020e+00
   3.3125000e+02   6.0000020e+00
   3.3150000e+02   6.0000020e+00
   3.3175000e+02   6.0000020e+00
   3.3200000e+02   6.0000019e+00
   3.3225000e+02   6.0000019e+00
   3.3250000e+02   6.0000019e+00
   3.3275000e+02   6.0000019e+00
   3.3300000e+02   6.0000018e+00
   3.3325000e+02   6.0000018e+00
   3.3350000e+02   6.0000018e+00
   3.3375000e+02   6.0000018e+00
   3.3400000e+02   6.0000017e+00
   3.3425000e+02   6.0000017e+00
   3.3450000e+02   6.0000017e+00
   3.3475000e+02   6.0000017e+00
   3.3500000e+02   6.0000017e+00
   3.3525000e+02   6.0000016e+00
   3.3550000e+02   6.0000016e+00
   3.3575000e+02   6.0000016e+00
   3.3600000e+02   6.0000016e+00
   3.3625000e+02   6.0000016e+00
   3.3650000e+02   6.0000015e+00
   3.3675000e+02   6.0000015e+00
   3.3700000e+02   6.0000015e+00
   3.3725000e+02   6.0000015e+00
   3.3750000e+02   6.0000015e+00
   3.3775000e+02   6.0000014e+00
   3.3800000e+02   6.0000014e+00
   3.3825000e+02   6.0000014e+00
   3.3850000e+02   6.0000014e+00
   3.3875000e+02   6.0000014e+00
   3.3900000e+02   6.0000014e+00
   3.3925000e+02   6.0000013e+00
   3.3950000e+02   6.0000013e+00
   3.3975000e+02   6.0000013e+00
   3.4000000e+02   6.0000013e+00
   3.4025000e+02   6.0000013e+00
   3.4050000e+02   6.0000013e+00
   3.4075000e+02   6.0000012e+00
   3.4100000e+02   6.0000012e+00
   3.4125000e+02   6.0000012e+00
   3.4150000e+02   6.0000012e+00
   3.4175000e+02   6.0000012e+00
   3.4200000e+02   6.0000012e+00
   3.4225000e+02   6.0000011e+00
   3.4250000e+02   6.0000011e+00
   3.4275000e+02   6.0000011e+00
   3.4300000e+02   6.0000011e+00
   3.4325000e+02   6.0000011e+00
   3.4350000e+02   6.0000011e+00
   3.4375000e+02   6.0000011e+00
   3.4400000e+02   6.0000010e+00
   3.4425000e+02   6.0000010e+00
   3.4450000e+02   6.0000010e+00
   3.4475000e+02   6.0000010e+00
   3.4500000e+02   6.0000010e+00
   3.4525000e+02   6.0000010e+00
   3.4550000e+02   6.0000010e+00
   3.4575000e+02   6.0000010e+00
   3.4600000e+02   6.0000009e+00
   3.4625000e+02   6.0000009e+00
   3.4650000e+02   6.0000009e+00
   3.4675000e+02   6.0000009e+00
   3.4700000e+02   6.0000009e+00
   3.4725000e+02   6.0000009e+00
   3.4750000e+02   6.0000009e+00
   3.4775000e+02   6.0000009e+00
   3.4800000e+02   6.0000009e+00
   3.4825000e+02   6.0000008e+00
   3.4850000e+02   6.0000008e+00
   3.4875000e+02   6.0000008e+00
   3.4900000e+02   6.0000008e+00
   3.4925000e+02   6.0000008e+00
   3.4950000e+02   6.0000008e+00
   3.4975000e+02   6.0000008e+00
   3.5000000e+02   6.0000008e+00
   3.5025000e+02   6.0000008e+00
   3.5050000e+02   6.0000007e+00
   3.5075000e+02   6.0000007e+00
   3.5100000e+02   6.0000007e+00
   3.5125000e+02   6.0000007e+00
   3.5150000e+02   6.0000007e+00
   3.5175000e+02   6.0000007e+00
   3.5200000e+02   6.0000007e+00
   3.5225000e+02   6.0000007e+00
   3.5250000e+02   6.0000007e+00
   3.5275000e+02   6.0000007e+00
   3.5300000e+02   6.0000007e+00
   3.5325000e+02   6.0000006e+00
   3.5350000e+02   6.0000006e+00
   3.5375000e+02   6.0000006e+00
   3.5400000e+02   6.0000006e+00
   3.5425000e+02   6.0000006e+00
   3.5450000e+02   6.0000006e+00
   3.5475000e+02   6.0000006e+00
   3.5500000e+02   6.0000006e+00
   3.5525000e+02   6.0000006e+00
   3.5550000e+02   6.0000006e+00
   3.5575000e+02   6.0000006e+00
   3.5600000e+02   6.0000006e+00
   3.5625000e+02   6.0000006e+00
   3.5650000e+02   6.0000005e+00
   3.5675000e+02   6.0000005e+00
   3.5700000e+02   6.0000005e+00
   3.5725000e+02   6.0000005e+00
   3.5750000e+02   6.0000005e+00
   3.5775000e+02   6.0000005e+00
   3.5800000e+02   6.0000005e+00
   3.5825000e+02   6.0000005e+00
   3.5850000e+02   6.0000005e+00
   3.5875000e+02   6.0000005e+00
   3.5900000e+02   6.0000005e+00
   3.5925000e+02   6.0000005e+00
   3.5950000e+02   6.0000005e+00
   3.5975000e+02   6.0000005e+00
   3.6000000e+02   6.0000005e+00
   3.6025000e+02   6.0000005e+00
   3.6050000e+02   6.0000004e+00
   3.6075000e+02   6.0000004e+00
   3.6100000e+02   6.0000004e+00
   3.6125000e+02   6.0000004e+00
   3.6150000e+02   6.0000004e+00
   3.6175000e+02   6.0000004e+00
   3.6200000e+02   6.0000004e+00
   3.6225000e+02   6.0000004e+00
   3.6250000e+02   6.0000004e+00
   3.6275000e+02   6.0000004e+00
   3.6300000e+02   6.0000004e+00
   3.6325000e+02   6.0000004e+00
   3.6350000e+02   6.0000004e+00
   3.6375000e+02   6.0000004e+00
   3.6400000e+02   6.0000004e+00
   3.6425000e+02   6.0000004e+00
   3.6450000e+02   6.0000004e+00
   3.6475000e+02   6.0000004e+00
   3.6500000e+02   6.0000004e+00
   3.6525000e+02   6.0000004e+00
   3.6550000e+02   6.0000003e+00
   3.6575000e+02   6.0000003e+00
   3.6600000e+02   6.0000003e+00
   3.6625000e+02   6.0000003e+00
   3.6650000e+02   6.0000003e+00
   3.6675000e+02   6.0000003e+00
   3.6700000e+02   6.0000003e+00
   3.6725000e+02   6.0000003e+00
   3.6750000e+02   6.0000003e+00
   3.6775000e+02   6.0000003e+00
   3.6800000e+02   6.0000003e+00
   3.6825000e+02   6.0000003e+00
   3.6850000e+02   6.0000003e+00
   3.6875000e+02   6.0000003e+00
   3.6900000e+02   6.0000003e+00
   3.6925000e+02   6.0000003e+00
   3.6950000e+02   6.0000003e+00
   3.6975000e+02   6.0000003e+00
   3.7000000e+02   6.0000003e+00
   3.7025000e+02   6.0000003e+00
   3.7050000e+02   6.0000003e+00
   3.7075000e+02   6.0000003e+00
   3.7100000e+02   6.0000003e+00
   3.7125000e+02   6.0000003e+00
   3.7150000e+02   6.0000003e+00
   3.7175000e+02   6.0000003e+00
   3.7200000e+02   6.0000002e+00
   3.7225000e+02   6.0000002e+00
   3.7250000e+02   6.0000002e+00
   3.7275000e+02   6.0000002e+00
   3.7300000e+02   6.0000002e+00
   3.7325000e+02   6.0000002e+00
   3.7350000e+02   6.0000002e+00
   3.7375000e+02   6.0000002e+00
   3.7400000e+02   6.0000002e+00
   3.7425000e+02   6.0000002e+00
   3.7450000e+02   6.0000002e+00
   3.7475000e+02   6.0000002e+00
   3.7500000e+02   6.0000002e+00
   3.7525000e+02   6.0000002e+00
   3.7550000e+02   6.0000002e+00
   3.7575000e+02   6.0000002e+00
   3.7600000e+02   6.0000002e+00
   3.7625000e+02   6.0000002e+00
   3.7650000e+02   6.0000002e+00
   3.7675000e+02   6.0000002e+00
   3.7700000e+02   6.0000002e+00
   3.7725000e+02   6.0000002e+00
   3.7750000e+02   6.0000002e+00
   3.7775000e+02   6.0000002e+00
   3.7800000e+02   6.0000002e+00
   3.7825000e+02   6.0000002e+00
   3.7850000e+02   6.0000002e+00
   3.7875000e+02   6.0000002e+00
   3.7900000e+02   6.0000002e+00
   3.7925000e+02   6.0000002e+00
   3.7950000e+02   6.0000002e+00
   3.7975000e+02   6.0000002e+00
   3.8000000e+02   6.0000002e+00
   3.8025000e+02   6.0000002e+00
   3.8050000e+02   6.0000002e+00
   3.8075000e+02   6.0000002e+00
   3.8100000e+02   6.0000002e+00
   3.8125000e+02   6.0000002e+00
   3.8150000e+02   6.0000002e+00
   3.8175000e+02   6.0000002e+00
   3.8200000e+02   6.0000001e+00
   3.8225000e+02   6.0000001e+00
   3.8250000e+02   6.0000001e+00
   3.8275000e+02   6.0000001e+00
   3.8300000e+02   6.0000001e+00
   3.8325000e+02   6.0000001e+00
   3.8350000e+02   6.0000001e+00
   3.8375000e+02   6.0000001e+00
   3.8400000e+02   6.0000001e+00
   3.8425000e+02   6.0000001e+00
   3.8450000e+02   6.0000001e+00
   3.8475000e+02   6.0000001e+00
   3.8500000e+02   6.0000001e+00
   3.8525000e+02   6.0000001e+00
   3.8550000e+02   6.0000001e+00
   3.8575000e+02   6.0000001e+00
   3.8600000e+02   6.0000001e+00
   3.8625000e+02   6.0000001e+00
   3.8650000e+02   6.0000001e+00
   3.8675000e+02   6.0000001e+00
   3.8700000e+02   6.0000001e+00
   3.8725000e+02   6.0000001e+00
   3.8750000e+02   6.0000001e+00
   3.8775000e+02   6.0000001e+00
   3.8800000e+02   6.0000001e+00
   3.8825000e+02   6.0000001e+00
   3.8850000e+02   6.0000001e+00
   3.8875000e+02   6.0000001e+00
   3.8900000e+02   6.0000001e+00
   3.8925000e+02   6.0000001e+00
   3.8950000e+02   6.0000001e+00
   3.8975000e+02   6.0000001e+00
   3.9000000e+02   6.0000001e+00
   3.9025000e+02   6.0000001e+00
   3.9050000e+02   6.0000001e+00
   3.9075000e+02   6.0000001e+00
   3.9100000e+02   6.0000001e+00
   3.9125000e+02   6.0000001e+00
   3.9150000e+02   6.0000001e+00
   3.9175000e+02   6.0000001e+00
   3.9200000e+02   6.0000001e+00
   3.9225000e+02   6.0000001e+00
   3.9250000e+02   6.0000001e+00
   3.9275000e+02   6.0000001e+00
   3.9300000e+02   6.0000001e+00
   3.9325000e+02   6.0000001e+00
   3.9350000e+02   6.0000001e+00
   3.9375000e+02   6.0000001e+00
   3.9400000e+02   6.0000001e+00
   3.9425000e+02   6.0000001e+00
   3.9450000e+02   6.0000001e+00
   3.9475000e+02   6.0000001e+00
   3.9500000e+02   6.0000001e+00
   3.9525000e+02   6.0000001e+00
   3.9550000e+02   6.0000001e+00
   3.9575000e+02   6.0000001e+00
   3.9600000e+02   6.0000001e+00
   3.9625000e+02   6.0000001e+00
   3.9650000e+02   6.0000001e+00
   3.9675000e+02   6.0000001e+00
   3.9700000e+02   6.0000001e+00
   3.9725000e+02   6.0000001e+00
   3.9750000e+02   6.0000001e+00
   3.9775000e+02   6.0000001e+00
   3.9800000e+02   6.0000001e+00
   3.9825000e+02   6.0000001e+00
   3.9850000e+02   6.0000001e+00
   3.9875000e+02   6.0000001e+00
   3.9900000e+02   6.0000001e+00
   3.9925000e+02   6.0000001e+00
   3.9950000e+02   6.0000001e+00
   3.9975000e+02   6.0000001e+00
   4.0000000e+02   6.0000001e+00
   4.0025000e+02   6.0000001e+00
   4.0050000e+02   6.0000001e+00
   4.0075000e+02   6.0000001e+00
   4.0100000e+02   6.0000001e+00
   4.0125000e+02   6.0000001e+00
   4.0150000e+02   6.0000001e+00
   4.0175000e+02   6.0000001e+00
   4.0200000e+02   6.0000001e+00
   4.0225000e+02   6.0000001e+00
   4.0250000e+02   6.0000001e+00
   4.0275000e+02   6.0000001e+00
   4.0300000e+02   6.0000001e+00
   4.0325000e+02   6.0000000e+00
   4.0350000e+02   6.0000000e+00
   4.0375000e+02   6.0000000e+00
   4.0400000e+02   6.0000000e+00
   4.0425000e+02   6.0000000e+00
   4.0450000e+02   6.0000000e+00
   4.0475000e+02   6.0000000e+00
   4.0500000e+02   6.0000000e+00
   4.0525000e+02   6.0000000e+00
   4.0550000e+02   6.0000000e+00
   4.0575000e+02   6.0000000e+00
   4.0600000e+02   6.0000000e+00
   4.0625000e+02   6.0000000e+00
   4.0650000e+02   6.0000000e+00
   4.0675000e+02   6.0000000e+00
   4.0700000e+02   6.0000000e+00
   4.0725000e+02   6.0000000e+00
   4.0750000e+02   6.0000000e+00
   4.0775000e+02   6.0000000e+00
   4.0800000e+02   6.0000000e+00
   4.0825000e+02   6.0000000e+00
   4.0850000e+02   6.0000000e+00
   4.0875000e+02   6.0000000e+00
   4.0900000e+02   6.0000000e+00
   4.0925000e+02   6.0000000e+00
   4.0950000e+02   6.0000000e+00
   4.0975000e+02   6.0000000e+00
   4.1000000e+02   6.0000000e+00
   4.1025000e+02   6.0000000e+00
   4.1050000e+02   6.0000000e+00
   4.1075000e+02   6.0000000e+00
   4.1100000e+02   6.0000000e+00
   4.1125000e+02   6.0000000e+00
   4.1150000e+02   6.0000000e+00
   4.1175000e+02   6.0000000e+00
   4.1200000e+02   6.0000000e+00
   4.1225000e+02   6.0000000e+00
   4.1250000e+02   6.0000000e+00
   4.1275000e+02   6.0000000e+00
   4.1300000e+02   6.0000000e+00
   4.1325000e+02   6.0000000e+00
   4.1350000e+02   6.0000000e+00
   4.1375000e+02   6.0000000e+00
   4.1400000e+02   6.0000000e+00
   4.1425000e+02   6.0000000e+00
   4.1450000e+02   6.0000000e+00
   4.1475000e+02   6.0000000e+00
   4.1500000e+02   6.0000000e+00
   4.1525000e+02   6.0000000e+00
   4.1550000e+02   6.0000000e+00
   4.1575000e+02   6.0000000e+00
   4.1600000e+02   6.0000000e+00
   4.1625000e+02   6.0000000e+00
   4.1650000e+02   6.0000000e+00
   4.1675000e+02   6.0000000e+00
   4.1700000e+02   6.0000000e+00
   4.1725000e+02   6.0000000e+00
   4.1750000e+02   6.0000000e+00
   4.1775000e+02   6.0000000e+00
   4.1800000e+02   6.0000000e+00
   4.1825000e+02   6.0000000e+00
   4.1850000e+02   6.0000000e+00
   4.1875000e+02   6.0000000e+00
   4.1900000e+02   6.0000000e+00
   4.1925000e+02   6.0000000e+00
   4.1950000e+02   6.0000000e+00
   4.1975000e+02   6.0000000e+00
   4.2000000e+02   6.0000000e+00
   4.2025000e+02   6.0000000e+00
   4.2050000e+02   6.0000000e+00
   4.2075000e+02   6.0000000e+00
   4.2100000e+02   6.0000000e+00
   4.2125000e+02   6.0000000e+00
   4.2150000e+02   6.0000000e+00
   4.2175000e+02   6.0000000e+00
   4.2200000e+02   6.0000000e+00
   4.2225000e+02   6.0000000e+00
   4.2250000e+02   6.0000000e+00
   4.2275000e+02   6.0000000e+00
   4.2300000e+02   6.0000000e+00
   4.2325000e+02   6.0000000e+00
   4.2350000e+02   6.0000000e+00
   4.2375000e+02   6.0000000e+00
   4.2400000e+02   6.0000000e+00
   4.2425000e+02   6.0000000e+00
   4.2450000e+02   6.0000000e+00
   4.2475000e+02   6.0000000e+00
   4.2500000e+02   6.0000000e+00
   4.2525000e+02   6.0000000e+00
   4.2550000e+02   6.0000000e+00
   4.2575000e+02   6.0000000e+00
   4.2600000e+02   6.0000000e+00
   4.2625000e+02   6.0000000e+00
   4.2650000e+02   6.0000000e+00
   4.2675000e+02   6.0000000e+00
   4.2700000e+02   6.0000000e+00
   4.2725000e+02   6.0000000e+00
   4.2750000e+02   6.0000000e+00
   4.2775000e+02   6.0000000e+00
   4.2800000e+02   6.0000000e+00
   4.2825000e+02   6.0000000e+00
   4.2850000e+02   6.0000000e+00
   4.2875000e+02   6.0000000e+00
   4.2900000e+02   6.0000000e+00
   4.2925000e+02   6.0000000e+00
   4.2950000e+02   6.0000000e+00
   4.2975000e+02   6.0000000e+00
   4.3000000e+02   6.0000000e+00
   4.3025000e+02   6.0000000e+00
   4.3050000e+02   6.0000000e+00
   4.3075000e+02   6.0000000e+00
   4.3100000e+02   6.0000000e+00
   4.3125000e+02   6.0000000e+00
   4.3150000e+02   6.0000000e+00
   4.3175000e+02   6.0000000e+00
   4.3200000e+02   6.0000000e+00
   4.3225000e+02   6.0000000e+00
   4.3250000e+02   6.0000000e+00
   4.3275000e+02   6.0000000e+00
   4.3300000e+02   6.0000000e+00
   4.3325000e+02   6.0000000e+00
   4.3350000e+02   6.0000000e+00
   4.3375000e+02   6.0000000e+00
   4.3400000e+02   6.0000000e+00
   4.3425000e+02   6.0000000e+00
   4.3450000e+02   6.0000000e+00
   4.3475000e+02   6.0000000e+00
   4.3500000e+02   6.0000000e+00
   4.3525000e+02   6.0000000e+00
   4.3550000e+02   6.0000000e+00
   4.3575000e+02   6.0000000e+00
   4.3600000e+02   6.0000000e+00
   4.3625000e+02   6.0000000e+00
   4.3650000e+02   6.0000000e+00
   4.3675000e+02   6.0000000e+00
   4.3700000e+02   6.0000000e+00
   4.3725000e+02   6.0000000e+00
   4.3750000e+02   6.0000000e+00
   4.3775000e+02   6.0000000e+00
   4.3800000e+02   6.0000000e+00
   4.3825000e+02   6.0000000e+00
   4.3850000e+02   6.0000000e+00
   4.3875000e+02   6.0000000e+00
   4.3900000e+02   6.0000000e+00
   4.3925000e+02   6.0000000e+00
   4.3950000e+02   6.0000000e+00
   4.3975000e+02   6.0000000e+00
   4.4000000e+02   6.0000000e+00
   4.4025000e+02   6.0000000e+00
   4.4050000e+02   6.0000000e+00
   4.4075000e+02   6.0000000e+00
   4.4100000e+02   6.0000000e+00
   4.4125000e+02   6.0000000e+00
   4.4150000e+02   6.0000000e+00
   4.4175000e+02   6.0000000e+00
   4.4200000e+02   6.0000000e+00
   4.4225000e+02   6.0000000e+00
   4.4250000e+02   6.0000000e+00
   4.4275000e+02   6.0000000e+00
   4.4300000e+02   6.0000000e+00
   4.4325000e+02   6.0000000e+00
   4.4350000e+02   6.0000000e+00
   4.4375000e+02   6.0000000e+00
   4.4400000e+02   6.0000000e+00
   4.4425000e+02   6.0000000e+00
   4.4450000e+02   6.0000000e+00
   4.4475000e+02   6.0000000e+00
   4.4500000e+02   6.0000000e+00
   4.4525000e+02   6.0000000e+00
   4.4550000e+02   6.0000000e+00
   4.4575000e+02   6.0000000e+00
   4.4600000e+02   6.0000000e+00
   4.4625000e+02   6.0000000e+00
   4.4650000e+02   6.0000000e+00
   4.4675000e+02   6.0000000e+00
   4.4700000e+02   6.0000000e+00
   4.4725000e+02   6.0000000e+00
   4.4750000e+02   6.0000000e+00
   4.4775000e+02   6.0000000e+00
   4.4800000e+02   6.0000000e+00
   4.4825000e+02   6.0000000e+00
   4.4850000e+02   6.0000000e+00
   4.4875000e+02   6.0000000e+00
   4.4900000e+02   6.0000000e+00
   4.4925000e+02   6.0000000e+00
   4.4950000e+02   6.0000000e+00
   4.4975000e+02   6.0000000e+00
   4.5000000e+02   6.0000000e+00
   4.5025000e+02   6.0000000e+00
   4.5050000e+02   6.0000000e+00
   4.5075000e+02   6.0000000e+00
   4.5100000e+02   6.0000000e+00
   4.5125000e+02   6.0000000e+00
   4.5150000e+02   6.0000000e+00
   4.5175000e+02   6.0000000e+00
   4.5200000e+02   6.0000000e+00
   4.5225000e+02   6.0000000e+00
   4.5250000e+02   6.0000000e+00
   4.5275000e+02   6.0000000e+00
   4.5300000e+02   6.0000000e+00
   4.5325000e+02   6.0000000e+00
   4.5350000e+02   6.0000000e+00
   4.5375000e+02   6.0000000e+00
   4.5400000e+02   6.0000000e+00
   4.5425000e+02   6.0000000e+00
   4.5450000e+02   6.0000000e+00
   4.5475000e+02   6.0000000e+00
   4.5500000e+02   6.0000000e+00
   4.5525000e+02   6.0000000e+00
   4.5550000e+02   6.0000000e+00
   4.5575000e+02   6.0000000e+00
   4.5600000e+02   6.0000000e+00
   4.5625000e+02   6.0000000e+00
   4.5650000e+02   6.0000000e+00
   4.5675000e+02   6.0000000e+00
   4.5700000e+02   6.0000000e+00
   4.5725000e+02   6.0000000e+00
   4.5750000e+02   6.0000000e+00
   4.5775000e+02   6.0000000e+00
   4.5800000e+02   6.0000000e+00
   4.5825000e+02   6.0000000e+00
   4.5850000e+02   6.0000000e+00
   4.5875000e+02   6.0000000e+00
   4.5900000e+02   6.0000000e+00
   4.5925000e+02   6.0000000e+00
   4.5950000e+02   6.0000000e+00
   4.5975000e+02   6.0000000e+00
   4.6000000e+02   6.0000000e+00
   4.6025000e+02   6.0000000e+00
   4.6050000e+02   6.0000000e+00
   4.6075000e+02   6.0000000e+00
   4.6100000e+02   6.0000000e+00
   4.6125000e+02   6.0000000e+00
   4.6150000e+02   6.0000000e+00
   4.6175000e+02   6.0000000e+00
   4.6200000e+02   6.0000000e+00
   4.6225000e+02   6.0000000e+00
   4.6250000e+02   6.0000000e+00
   4.6275000e+02   6.0000000e+00
   4.6300000e+02   6.0000000e+00
   4.6325000e+02   6.0000000e+00
   4.6350000e+02   6.0000000e+00
   4.6375000e+02   6.0000000e+00
   4.6400000e+02   6.0000000e+00
   4.6425000e+02   6.0000000e+00
   4.6450000e+02   6.0000000e+00
   4.6475000e+02   6.0000000e+00
   4.6500000e+02   6.0000000e+00
   4.6525000e+02   6.0000000e+00
   4.6550000e+02   6.0000000e+00
   4.6575000e+02   6.0000000e+00
   4.6600000e+02   6.0000000e+00
   4.6625000e+02   6.0000000e+00
   4.6650000e+02   6.0000000e+00
   4.6675000e+02   6.0000000e+00
   4.6700000e+02   6.0000000e+00
   4.6725000e+02   6.0000000e+00
   4.6750000e+02   6.0000000e+00
   4.6775000e+02   6.0000000e+00
   4.6800000e+02   6.0000000e+00
   4.6825000e+02   6.0000000e+00
   4.6850000e+02   6.0000000e+00
   4.6875000e+02   6.0000000e+00
   4.6900000e+02   6.0000000e+00
   4.6925000e+02   6.0000000e+00
   4.6950000e+02   6.0000000e+00
   4.6975000e+02   6.0000000e+00
   4.7000000e+02   6.0000000e+00
   4.7025000e+02   6.0000000e+00
   4.7050000e+02   6.0000000e+00
   4.7075000e+02   6.0000000e+00
   4.7100000e+02   6.0000000e+00
   4.7125000e+02   6.0000000e+00
   4.7150000e+02   6.0000000e+00
   4.7175000e+02   6.0000000e+00
   4.7200000e+02   6.0000000e+00
   4.7225000e+02   6.0000000e+00
   4.7250000e+02   6.0000000e+00
   4.7275000e+02   6.0000000e+00
   4.7300000e+02   6.0000000e+00
   4.7325000e+02   6.0000000e+00
   4.7350000e+02   6.0000000e+00
   4.7375000e+02   6.0000000e+00
   4.7400000e+02   6.0000000e+00
   4.7425000e+02   6.0000000e+00
   4.7450000e+02   6.0000000e+00
   4.7475000e+02   6.0000000e+00
   4.7500000e+02   6.0000000e+00
   4.7525000e+02   6.0000000e+00
   4.7550000e+02   6.0000000e+00
   4.7575000e+02   6.0000000e+00
   4.7600000e+02   6.0000000e+00
   4.7625000e+02   6.0000000e+00
   4.7650000e+02   6.0000000e+00
   4.7675000e+02   6.0000000e+00
   4.7700000e+02   6.0000000e+00
   4.7725000e+02   6.0000000e+00
   4.7750000e+02   6.0000000e+00
   4.7775000e+02   6.0000000e+00
   4.7800000e+02   6.0000000e+00
   4.7825000e+02   6.0000000e+00
   4.7850000e+02   6.0000000e+00
   4.7875000e+02   6.0000000e+00
   4.7900000e+02   6.0000000e+00
   4.7925000e+02   6.0000000e+00
   4.7950000e+02   6.0000000e+00
   4.7975000e+02   6.0000000e+00
   4.8000000e+02   6.0000000e+00
   4.8025000e+02   6.0000000e+00
   4.8050000e+02   6.0000000e+00
   4.8075000e+02   6.0000000e+00
   4.8100000e+02   6.0000000e+00
   4.8125000e+02   6.0000000e+00
   4.8150000e+02   6.0000000e+00
   4.8175000e+02   6.0000000e+00
   4.8200000e+02   6.0000000e+00
   4.8225000e+02   6.0000000e+00
   4.8250000e+02   6.0000000e+00
   4.8275000e+02   6.0000000e+00
   4.8300000e+02   6.0000000e+00
   4.8325000e+02   6.0000000e+00
   4.8350000e+02   6.0000000e+00
   4.8375000e+02   6.0000000e+00
   4.8400000e+02   6.0000000e+00
   4.8425000e+02   6.0000000e+00
   4.8450000e+02   6.0000000e+00
   4.8475000e+02   6.0000000e+00
   4.8500000e+02   6.0000000e+00
   4.8525000e+02   6.0000000e+00
   4.8550000e+02   6.0000000e+00
   4.8575000e+02   6.0000000e+00
   4.8600000e+02   6.0000000e+00
   4.8625000e+02   6.0000000e+00
   4.8650000e+02   6.0000000e+00
   4.8675000e+02   6.0000000e+00
   4.8700000e+02   6.0000000e+00
   4.8725000e+02   6.0000000e+00
   4.8750000e+02   6.0000000e+00
   4.8775000e+02   6.0000000e+00
   4.8800000e+02   6.0000000e+00
   4.8825000e+02   6.0000000e+00
   4.8850000e+02   6.0000000e+00
   4.8875000e+02   6.0000000e+00
   4.8900000e+02   6.0000000e+00
   4.8925000e+02   6.0000000e+00
   4.8950000e+02   6.0000000e+00
   4.8975000e+02   6.0000000e+00
   4.9000000e+02   6.0000000e+00
   4.9025000e+02   6.0000000e+00
   4.9050000e+02   6.0000000e+00
   4.9075000e+02   6.0000000e+00
   4.9100000e+02   6.0000000e+00
   4.9125000e+02   6.0000000e+00
   4.9150000e+02   6.0000000e+00
   4.9175000e+02   6.0000000e+00
   4.9200000e+02   6.0000000e+00
   4.9225000e+02   6.0000000e+00
   4.9250000e+02   6.0000000e+00
   4.9275000e+02   6.0000000e+00
   4.9300000e+02   6.0000000e+00
   4.9325000e+02   6.0000000e+00
   4.9350000e+02   6.0000000e+00
   4.9375000e+02   6.0000000e+00
   4.9400000e+02   6.0000000e+00
   4.9425000e+02   6.0000000e+00
   4.9450000e+02   6.0000000e+00
   4.9475000e+02   6.0000000e+00
   4.9500000e+02   6.0000000e+00
   4.9525000e+02   6.0000000e+00
   4.9550000e+02   6.0000000e+00
   4.9575000e+02   6.0000000e+00
   4.9600000e+02   6.0000000e+00
   4.9625000e+02   6.0000000e+00
   4.9650000e+02   6.0000000e+00
   4.9675000e+02   6.0000000e+00
   4.9700000e+02   6.0000000e+00
   4.9725000e+02   6.0000000e+00
   4.9750000e+02   6.0000000e+00
   4.9775000e+02   6.0000000e+00
   4.9800000e+02   6.0000000e+00
   4.9825000e+02   6.0000000e+00
   4.9850000e+02   6.0000000e+00
   4.9875000e+02   6.0000000e+00
   4.9900000e+02   6.0000000e+00
   4.9925000e+02   6.0000000e+00
   4.9950000e+02   6.0000000e+00
   4.9975000e+02   6.0000000e+00
   5.0000000e+02   6.0000000e+00
   5.0025000e+02   6.0000000e+00
   5.0050000e+02   6.0000000e+00
   5.0075000e+02   6.0000000e+00
   5.0100000e+02   6.0000000e+00
   5.0125000e+02   6.0000000e+00
   5.0150000e+02   6.0000000e+00
   5.0175000e+02   6.0000000e+00
   5.0200000e+02   6.0000000e+00
   5.0225000e+02   6.0000000e+00
   5.0250000e+02   6.0000000e+00
   5.0275000e+02   6.0000000e+00
   5.0300000e+02   6.0000000e+00
   5.0325000e+02   6.0000000e+00
   5.0350000e+02   6.0000000e+00
   5.0375000e+02   6.0000000e+00
   5.0400000e+02   6.0000000e+00
   5.0425000e+02   6.0000000e+00
   5.0450000e+02   6.0000000e+00
   5.0475000e+02   6.0000000e+00
   5.0500000e+02   6.0000000e+00
   5.0525000e+02   6.0000000e+00
   5.0550000e+02   6.0000000e+00
   5.0575000e+02   6.0000000e+00
   5.0600000e+02   6.0000000e+00
   5.0625000e+02   6.0000000e+00
   5.0650000e+02   6.0000000e+00
   5.0675000e+02   6.0000000e+00
   5.0700000e+02   6.0000000e+00
   5.0725000e+02   6.0000000e+00
   5.0750000e+02   6.0000000e+00
   5.0775000e+02   6.0000000e+00
   5.0800000e+02   6.0000000e+00
   5.0825000e+02   6.0000000e+00
   5.0850000e+02   6.0000000e+00
   5.0875000e+02   6.0000000e+00
   5.0900000e+02   6.0000000e+00
   5.0925000e+02   6.0000000e+00
   5.0950000e+02   6.0000000e+00
   5.0975000e+02   6.0000000e+00
   5.1000000e+02   6.0000000e+00
   5.1025000e+02   6.0000000e+00
   5.1050000e+02   6.0000000e+00
   5.1075000e+02   6.0000000e+00
   5.1100000e+02   6.0000000e+00
   5.1125000e+02   6.0000000e+00
   5.1150000e+02   6.0000000e+00
   5.1175000e+02   6.0000000e+00
   5.1200000e+02   6.0000000e+00
   5.1225000e+02   6.0000000e+00
   5.1250000e+02   6.0000000e+00
   5.1275000e+02   6.0000000e+00
   5.1300000e+02   6.0000000e+00
   5.1325000e+02   6.0000000e+00
   5.1350000e+02   6.0000000e+00
   5.1375000e+02   6.0000000e+00
   5.1400000e+02   6.0000000e+00
   5.1425000e+02   6.0000000e+00
   5.1450000e+02   6.0000000e+00
   5.1475000e+02   6.0000000e+00
   5.1500000e+02   6.0000000e+00
   5.1525000e+02   6.0000000e+00
   5.1550000e+02   6.0000000e+00
   5.1575000e+02   6.0000000e+00
   5.1600000e+02   6.0000000e+00
   5.1625000e+02   6.0000000e+00
   5.1650000e+02   6.0000000e+00
   5.1675000e+02   6.0000000e+00
   5.1700000e+02   6.0000000e+00
   5.1725000e+02   6.0000000e+00
   5.1750000e+02   6.0000000e+00
   5.1775000e+02   6.0000000e+00
   5.1800000e+02   6.0000000e+00
   5.1825000e+02   6.0000000e+00
   5.1850000e+02   6.0000000e+00
   5.1875000e+02   6.0000000e+00
   5.1900000e+02   6.0000000e+00
   5.1925000e+02   6.0000000e+00
   5.1950000e+02   6.0000000e+00
   5.1975000e+02   6.0000000e+00
   5.2000000e+02   6.0000000e+00
   5.2025000e+02   6.0000000e+00
   5.2050000e+02   6.0000000e+00
   5.2075000e+02   6.0000000e+00
   5.2100000e+02   6.0000000e+00
   5.2125000e+02   6.0000000e+00
   5.2150000e+02   6.0000000e+00
   5.2175000e+02   6.0000000e+00
   5.2200000e+02   6.0000000e+00
   5.2225000e+02   6.0000000e+00
   5.2250000e+02   6.0000000e+00
   5.2275000e+02   6.0000000e+00
   5.2300000e+02   6.0000000e+00
   5.2325000e+02   6.0000000e+00
   5.2350000e+02   6.0000000e+00
   5.2375000e+02   6.0000000e+00
   5.2400000e+02   6.0000000e+00
   5.2425000e+02   6.0000000e+00
   5.2450000e+02   6.0000000e+00
   5.2475000e+02   6.0000000e+00
   5.2500000e+02   6.0000000e+00
   5.2525000e+02   6.0000000e+00
   5.2550000e+02   6.0000000e+00
   5.2575000e+02   6.0000000e+00
   5.2600000e+02   6.0000000e+00
   5.2625000e+02   6.0000000e+00
   5.2650000e+02   6.0000000e+00
   5.2675000e+02   6.0000000e+00
   5.2700000e+02   6.0000000e+00
   5.2725000e+02   6.0000000e+00
   5.2750000e+02   6.0000000e+00
   5.2775000e+02   6.0000000e+00
   5.2800000e+02   6.0000000e+00
   5.2825000e+02   6.0000000e+00
   5.2850000e+02   6.0000000e+00
   5.2875000e+02   6.0000000e+00
   5.2900000e+02   6.0000000e+00
   5.2925000e+02   6.0000000e+00
   5.2950000e+02   6.0000000e+00
   5.2975000e+02   6.0000000e+00
   5.3000000e+02   6.0000000e+00
   5.3025000e+02   6.0000000e+00
   5.3050000e+02   6.0000000e+00
   5.3075000e+02   6.0000000e+00
   5.3100000e+02   6.0000000e+00
   5.3125000e+02   6.0000000e+00
   5.3150000e+02   6.0000000e+00
   5.3175000e+02   6.0000000e+00
   5.3200000e+02   6.0000000e+00
   5.3225000e+02   6.0000000e+00
   5.3250000e+02   6.0000000e+00
   5.3275000e+02   6.0000000e+00
   5.3300000e+02   6.0000000e+00
   5.3325000e+02   6.0000000e+00
   5.3350000e+02   6.0000000e+00
   5.3375000e+02   6.0000000e+00
   5.3400000e+02   6.0000000e+00
   5.3425000e+02   6.0000000e+00
   5.3450000e+02   6.0000000e+00
   5.3475000e+02   6.0000000e+00
   5.3500000e+02   6.0000000e+00
   5.3525000e+02   6.0000000e+00
   5.3550000e+02   6.0000000e+00
   5.3575000e+02   6.0000000e+00
   5.3600000e+02   6.0000000e+00
   5.3625000e+02   6.0000000e+00
   5.3650000e+02   6.0000000e+00
   5.3675000e+02   6.0000000e+00
   5.3700000e+02   6.0000000e+00
   5.3725000e+02   6.0000000e+00
   5.3750000e+02   6.0000000e+00
   5.3775000e+02   6.0000000e+00
   5.3800000e+02   6.0000000e+00
   5.3825000e+02   6.0000000e+00
   5.3850000e+02   6.0000000e+00
   5.3875000e+02   6.0000000e+00
   5.3900000e+02   6.0000000e+00
   5.3925000e+02   6.0000000e+00
   5.3950000e+02   6.0000000e+00
   5.3975000e+02   6.0000000e+00
   5.4000000e+02   6.0000000e+00
   5.4025000e+02   6.0000000e+00
   5.4050000e+02   6.0000000e+00
   5.4075000e+02   6.0000000e+00
   5.4100000e+02   6.0000000e+00
   5.4125000e+02   6.0000000e+00
   5.4150000e+02   6.0000000e+00
   5.4175000e+02   6.0000000e+00
   5.4200000e+02   6.0000000e+00
   5.4225000e+02   6.0000000e+00
   5.4250000e+02   6.0000000e+00
   5.4275000e+02   6.0000000e+00
   5.4300000e+02   6.0000000e+00
   5.4325000e+02   6.0000000e+00
   5.4350000e+02   6.0000000e+00
   5.4375000e+02   6.0000000e+00
   5.4400000e+02   6.0000000e+00
   5.4425000e+02   6.0000000e+00
   5.4450000e+02   6.0000000e+00
   5.4475000e+02   6.0000000e+00
   5.4500000e+02   6.0000000e+00
   5.4525000e+02   6.0000000e+00
   5.4550000e+02   6.0000000e+00
   5.4575000e+02   6.0000000e+00
   5.4600000e+02   6.0000000e+00
   5.4625000e+02   6.0000000e+00
   5.4650000e+02   6.0000000e+00
   5.4675000e+02   6.0000000e+00
   5.4700000e+02   6.0000000e+00
   5.4725000e+02   6.0000000e+00
   5.4750000e+02   6.0000000e+00
   5.4775000e+02   6.0000000e+00
   5.4800000e+02   6.0000000e+00
   5.4825000e+02   6.0000000e+00
   5.4850000e+02   6.0000000e+00
   5.4875000e+02   6.0000000e+00
   5.4900000e+02   6.0000000e+00
   5.4925000e+02   6.0000000e+00
   5.4950000e+02   6.0000000e+00
   5.4975000e+02   6.0000000e+00
   5.5000000e+02   6.0000000e+00
   5.5025000e+02   6.0000000e+00
   5.5050000e+02   6.0000000e+00
   5.5075000e+02   6.0000000e+00
   5.5100000e+02   6.0000000e+00
   5.5125000e+02   6.0000000e+00
   5.5150000e+02   6.0000000e+00
   5.5175000e+02   6.0000000e+00
   5.5200000e+02   6.0000000e+00
   5.5225000e+02   6.0000000e+00
   5.5250000e+02   6.0000000e+00
   5.5275000e+02   6.0000000e+00
   5.5300000e+02   6.0000000e+00
   5.5325000e+02   6.0000000e+00
   5.5350000e+02   6.0000000e+00
   5.5375000e+02   6.0000000e+00
   5.5400000e+02   6.0000000e+00
   5.5425000e+02   6.0000000e+00
   5.5450000e+02   6.0000000e+00
   5.5475000e+02   6.0000000e+00
   5.5500000e+02   6.0000000e+00
   5.5525000e+02   6.0000000e+00
   5.5550000e+02   6.0000000e+00
   5.5575000e+02   6.0000000e+00
   5.5600000e+02   6.0000000e+00
   5.5625000e+02   6.0000000e+00
   5.5650000e+02   6.0000000e+00
   5.5675000e+02   6.0000000e+00
   5.5700000e+02   6.0000000e+00
   5.5725000e+02   6.0000000e+00
   5.5750000e+02   6.0000000e+00
   5.5775000e+02   6.0000000e+00
   5.5800000e+02   6.0000000e+00
   5.5825000e+02   6.0000000e+00
   5.5850000e+02   6.0000000e+00
   5.5875000e+02   6.0000000e+00
   5.5900000e+02   6.0000000e+00
   5.5925000e+02   6.0000000e+00
   5.5950000e+02   6.0000000e+00
   5.5975000e+02   6.0000000e+00
   5.6000000e+02   6.0000000e+00
   5.6025000e+02   6.0000000e+00
   5.6050000e+02   6.0000000e+00
   5.6075000e+02   6.0000000e+00
   5.6100000e+02   6.0000000e+00
   5.6125000e+02   6.0000000e+00
   5.6150000e+02   6.0000000e+00
   5.6175000e+02   6.0000000e+00
   5.6200000e+02   6.0000000e+00
   5.6225000e+02   6.0000000e+00
   5.6250000e+02   6.0000000e+00
   5.6275000e+02   6.0000000e+00
   5.6300000e+02   6.0000000e+00
   5.6325000e+02   6.0000000e+00
   5.6350000e+02   6.0000000e+00
   5.6375000e+02   6.0000000e+00
   5.6400000e+02   6.0000000e+00
   5.6425000e+02   6.0000000e+00
   5.6450000e+02   6.0000000e+00
   5.6475000e+02   6.0000000e+00
   5.6500000e+02   6.0000000e+00
   5.6525000e+02   6.0000000e+00
   5.6550000e+02   6.0000000e+00
   5.6575000e+02   6.0000000e+00
   5.6600000e+02   6.0000000e+00
   5.6625000e+02   6.0000000e+00
   5.6650000e+02   6.0000000e+00
   5.6675000e+02   6.0000000e+00
   5.6700000e+02   6.0000000e+00
   5.6725000e+02   6.0000000e+00
   5.6750000e+02   6.0000000e+00
   5.6775000e+02   6.0000000e+00
   5.6800000e+02   6.0000000e+00
   5.6825000e+02   6.0000000e+00
   5.6850000e+02   6.0000000e+00
   5.6875000e+02   6.0000000e+00
   5.6900000e+02   6.0000000e+00
   5.6925000e+02   6.0000000e+00
   5.6950000e+02   6.0000000e+00
   5.6975000e+02   6.0000000e+00
   5.7000000e+02   6.0000000e+00
   5.7025000e+02   6.0000000e+00
   5.7050000e+02   6.0000000e+00
   5.7075000e+02   6.0000000e+00
   5.7100000e+02   6.0000000e+00
   5.7125000e+02   6.0000000e+00
   5.7150000e+02   6.0000000e+00
   5.7175000e+02   6.0000000e+00
   5.7200000e+02   6.0000000e+00
   5.7225000e+02   6.0000000e+00
   5.7250000e+02   6.0000000e+00
   5.7275000e+02   6.0000000e+00
   5.7300000e+02   6.0000000e+00
   5.7325000e+02   6.0000000e+00
   5.7350000e+02   6.0000000e+00
   5.7375000e+02   6.0000000e+00
   5.7400000e+02   6.0000000e+00
   5.7425000e+02   6.0000000e+00
   5.7450000e+02   6.0000000e+00
   5.7475000e+02   6.0000000e+00
   5.7500000e+02   6.0000000e+00
   5.7525000e+02   6.0000000e+00
   5.7550000e+02   6.0000000e+00
   5.7575000e+02   6.0000000e+00
   5.7600000e+02   6.0000000e+00
   5.7625000e+02   6.0000000e+00
   5.7650000e+02   6.0000000e+00
   5.7675000e+02   6.0000000e+00
   5.7700000e+02   6.0000000e+00
   5.7725000e+02   6.0000000e+00
   5.7750000e+02   6.0000000e+00
   5.7775000e+02   6.0000000e+00
   5.7800000e+02   6.0000000e+00
   5.7825000e+02   6.0000000e+00
   5.7850000e+02   6.0000000e+00
   5.7875000e+02   6.0000000e+00
   5.7900000e+02   6.0000000e+00
   5.7925000e+02   6.0000000e+00
   5.7950000e+02   6.0000000e+00
   5.7975000e+02   6.0000000e+00
   5.8000000e+02   6.0000000e+00
   5.8025000e+02   6.0000000e+00
   5.8050000e+02   6.0000000e+00
   5.8075000e+02   6.0000000e+00
   5.8100000e+02   6.0000000e+00
   5.8125000e+02   6.0000000e+00
   5.8150000e+02   6.0000000e+00
   5.8175000e+02   6.0000000e+00
   5.8200000e+02   6.0000000e+00
   5.8225000e+02   6.0000000e+00
   5.8250000e+02   6.0000000e+00
   5.8275000e+02   6.0000000e+00
   5.8300000e+02   6.0000000e+00
   5.8325000e+02   6.0000000e+00
   5.8350000e+02   6.0000000e+00
   5.8375000e+02   6.0000000e+00
   5.8400000e+02   6.0000000e+00
   5.8425000e+02   6.0000000e+00
   5.8450000e+02   6.0000000e+00
   5.8475000e+02   6.0000000e+00
   5.8500000e+02   6.0000000e+00
   5.8525000e+02   6.0000000e+00
   5.8550000e+02   6.0000000e+00
   5.8575000e+02   6.0000000e+00
   5.8600000e+02   6.0000000e+00
   5.8625000e+02   6.0000000e+00
   5.8650000e+02   6.0000000e+00
   5.8675000e+02   6.0000000e+00
   5.8700000e+02   6.0000000e+00
   5.8725000e+02   6.0000000e+00
   5.8750000e+02   6.0000000e+00
   5.8775000e+02   6.0000000e+00
   5.8800000e+02   6.0000000e+00
   5.8825000e+02   6.0000000e+00
   5.8850000e+02   6.0000000e+00
   5.8875000e+02   6.0000000e+00
   5.8900000e+02   6.0000000e+00
   5.8925000e+02   6.0000000e+00
   5.8950000e+02   6.0000000e+00
   5.8975000e+02   6.0000000e+00
   5.9000000e+02   6.0000000e+00
   5.9025000e+02   6.0000000e+00
   5.9050000e+02   6.0000000e+00
   5.9075000e+02   6.0000000e+00
   5.9100000e+02   6.0000000e+00
   5.9125000e+02   6.0000000e+00
   5.9150000e+02   6.0000000e+00
   5.9175000e+02   6.0000000e+00
   5.9200000e+02   6.0000000e+00
   5.9225000e+02   6.0000000e+00
   5.9250000e+02   6.0000000e+00
   5.9275000e+02   6.0000000e+00
   5.9300000e+02   6.0000000e+00
   5.9325000e+02   6.0000000e+00
   5.9350000e+02   6.0000000e+00
   5.9375000e+02   6.0000000e+00
   5.9400000e+02   6.0000000e+00
   5.9425000e+02   6.0000000e+00
   5.9450000e+02   6.0000000e+00
   5.9475000e+02   6.0000000e+00
   5.9500000e+02   6.0000000e+00
   5.9525000e+02   6.0000000e+00
   5.9550000e+02   6.0000000e+00
   5.9575000e+02   6.0000000e+00
   5.9600000e+02   6.0000000e+00
   5.9625000e+02   6.0000000e+00
   5.9650000e+02   6.0000000e+00
   5.9675000e+02   6.0000000e+00
   5.9700000e+02   6.0000000e+00
   5.9725000e+02   6.0000000e+00
   5.9750000e+02   6.0000000e+00
   5.9775000e+02   6.0000000e+00
   5.9800000e+02   6.0000000e+00
   5.9825000e+02   6.0000000e+00
   5.9850000e+02   6.0000000e+00
   5.9875000e+02   6.0000000e+00
   5.9900000e+02   6.0000000e+00
   5.9925000e+02   6.0000000e+00
   5.9950000e+02   6.0000000e+00
   5.9975000e+02   6.0000000e+00
   6.0000000e+02   6.0000000e+00
