   0.0000000e+00   6.2631579e+01
   2.5000000e-01   6.2257189e+01
   5.0000000e-01   6.1885567e+01
   7.5000000e-01   6.1516693e+01
   1.0000000e+00   6.1150547e+01
   1.2500000e+00   6.0787108e+01
   1.5000000e+00   6.0426357e+01
   1.7500000e+00   6.0068273e+01
   2.0000000e+00   5.9712837e+01
   2.2500000e+00   5.9360029e+01
   2.5000000e+00   5.9009830e+01
   2.7500000e+00   5.8662220e+01
   3.0000000e+00   5.8317181e+01
   3.2500000e+00   5.7974693e+01
   3.5000000e+00   5.7634738e+01
   3.7500000e+00   5.7297296e+01
   4.0000000e+00   5.6962350e+01
   4.2500000e+00   5.6629880e+01
   4.5000000e+00   5.6299869e+01
   4.7500000e+00   5.5972298e+01
   5.0000000e+00   5.5647149e+01
   5.2500000e+00   5.5324405e+01
   5.5000000e+00   5.5004047e+01
   5.7500000e+00   5.4686058e+01
   6.0000000e+00   5.4370420e+01
   6.2500000e+00   5.4057116e+01
   6.5000000e+00   5.3746129e+01
   6.7500000e+00   5.3437441e+01
   7.0000000e+00   5.3131036e+01
   7.2500000e+00   5.2826897e+01
   7.5000000e+00   5.2525006e+01
   7.7500000e+00   5.2225348e+01
   8.0000000e+00   5.1927906e+01
   8.2500000e+00   5.1632663e+01
   8.5000000e+00   5.1339603e+01
   8.7500000e+00   5.1048710e+01
   9.0000000e+00   5.0759968e+01
   9.2500000e+00   5.0473362e+01
   9.5000000e+00   5.0188874e+01
   9.7500000e+00   4.9906490e+01
   1.0000000e+01   4.9626195e+01
   1.0250000e+01   4.9347971e+01
   1.0500000e+01   4.9071806e+01
   1.0750000e+01   4.8797682e+01
   1.1000000e+01   4.8525585e+01
   1.1250000e+01   4.8255500e+01
   1.1500000e+01   4.7987412e+01
   1.1750000e+01   4.7721307e+01
   1.2000000e+01   4.7457169e+01
   1.2250000e+01   4.7194985e+01
   1.2500000e+01   4.6934739e+01
   1.2750000e+01   4.6676418e+01
   1.3000000e+01   4.6420006e+01
   1.3250000e+01   4.6165491e+01
   1.3500000e+01   4.5912858e+01
   1.3750000e+01   4.5662092e+01
   1.4000000e+01   4.5413181e+01
   1.4250000e+01   4.5166111e+01
   1.4500000e+01   4.4920867e+01
   1.4750000e+01   4.4677437e+01
   1.5000000e+01   4.4435807e+01
   1.5250000e+01   4.4195964e+01
   1.5500000e+01   4.3957894e+01
   1.5750000e+01   4.3721584e+01
   1.6000000e+01   4.3487022e+01
   1.6250000e+01   4.3254195e+01
   1.6500000e+01   4.3023089e+01
   1.6750000e+01   4.2793691e+01
   1.7000000e+01   4.2565991e+01
   1.7250000e+01   4.2339973e+01
   1.7500000e+01   4.2115627e+01
   1.7750000e+01   4.1892940e+01
   1.8000000e+01   4.1671900e+01
   1.8250000e+01   4.1452494e+01
   1.8500000e+01   4.1234711e+01
   1.8750000e+01   4.1018537e+01
   1.9000000e+01   4.0803963e+01
   1.9250000e+01   4.0590975e+01
   1.9500000e+01   4.0379562e+01
   1.9750000e+01   4.0169712e+01
   2.0000000e+01   3.9961414e+01
   2.0250000e+01   3.9754656e+01
   2.0500000e+01   3.9549427e+01
   2.0750000e+01   3.9345715e+01
   2.1000000e+01   3.9143510e+01
   2.1250000e+01   3.8942800e+01
   2.1500000e+01   3.8743574e+01
   2.1750000e+01   3.8545821e+01
   2.2000000e+01   3.8349531e+01
   2.2250000e+01   3.8154692e+01
   2.2500000e+01   3.7961294e+01
   2.2750000e+01   3.7769325e+01
   2.3000000e+01   3.7578777e+01
   2.3250000e+01   3.7389637e+01
   2.3500000e+01   3.7201896e+01
   2.3750000e+01   3.7015543e+01
   2.4000000e+01   3.6830568e+01
   2.4250000e+01   3.6646961e+01
   2.4500000e+01   3.6464711e+01
   2.4750000e+01   3.6283809e+01
   2.5000000e+01   3.6104245e+01
   2.5250000e+01   3.5926009e+01
   2.5500000e+01   3.5749090e+01
   2.5750000e+01   3.5573480e+01
   2.6000000e+01   3.5399168e+01
   2.6250000e+01   3.5226145e+01
   2.6500000e+01   3.5054402e+01
   2.6750000e+01   3.4883928e+01
   2.7000000e+01   3.4714715e+01
   2.7250000e+01   3.4546754e+01
   2.7500000e+01   3.4380034e+01
   2.7750000e+01   3.4214547e+01
   2.8000000e+01   3.4050284e+01
   2.8250000e+01   3.3887235e+01
   2.8500000e+01   3.3725392e+01
   2.8750000e+01   3.3564746e+01
   2.9000000e+01   3.3405288e+01
   2.9250000e+01   3.3247008e+01
   2.9500000e+01   3.3089899e+01
   2.9750000e+01   3.2933952e+01
   3.0000000e+01   3.2779158e+01
   3.0250000e+01   3.2625509e+01
   3.0500000e+01   3.2472995e+01
   3.0750000e+01   3.2321610e+01
   3.1000000e+01   3.2171344e+01
   3.1250000e+01   3.2022189e+01
   3.1500000e+01   3.1874137e+01
   3.1750000e+01   3.1727179e+01
   3.2000000e+01   3.1581309e+01
   3.2250000e+01   3.1436517e+01
   3.2500000e+01   3.1292795e+01
   3.2750000e+01   3.1150137e+01
   3.3000000e+01   3.1008533e+01
   3.3250000e+01   3.0867976e+01
   3.3500000e+01   3.0728459e+01
   3.3750000e+01   3.0589973e+01
   3.4000000e+01   3.0452511e+01
   3.4250000e+01   3.0316066e+01
   3.4500000e+01   3.0180630e+01
   3.4750000e+01   3.0046195e+01
   3.5000000e+01   2.9912754e+01
   3.5250000e+01   2.9780300e+01
   3.5500000e+01   2.9648825e+01
   3.5750000e+01   2.9518323e+01
   3.6000000e+01   2.9388785e+01
   3.6250000e+01   2.9260206e+01
   3.6500000e+01   2.9132577e+01
   3.6750000e+01   2.9005892e+01
   3.7000000e+01   2.8880143e+01
   3.7250000e+01   2.8755325e+01
   3.7500000e+01   2.8631429e+01
   3.7750000e+01   2.8508450e+01
   3.8000000e+01   2.8386380e+01
   3.8250000e+01   2.8265212e+01
   3.8500000e+01   2.8144941e+01
   3.8750000e+01   2.8025558e+01
   3.9000000e+01   2.7907059e+01
   3.9250000e+01   2.7789436e+01
   3.9500000e+01   2.7672682e+01
   3.9750000e+01   2.7556792e+01
   4.0000000e+01   2.7441759e+01
   4.0250000e+01   2.7327577e+01
   4.0500000e+01   2.7214238e+01
   4.0750000e+01   2.7101738e+01
   4.1000000e+01   2.6990070e+01
   4.1250000e+01   2.6879227e+01
   4.1500000e+01   2.6769204e+01
   4.1750000e+01   2.6659995e+01
   4.2000000e+01   2.6551593e+01
   4.2250000e+01   2.6443993e+01
   4.2500000e+01   2.6337188e+01
   4.2750000e+01   2.6231173e+01
   4.3000000e+01   2.6125942e+01
   4.3250000e+01   2.6021489e+01
   4.3500000e+01   2.5917809e+01
   4.3750000e+01   2.5814895e+01
   4.4000000e+01   2.5712742e+01
   4.4250000e+01   2.5611344e+01
   4.4500000e+01   2.5510697e+01
   4.4750000e+01   2.5410793e+01
   4.5000000e+01   2.5311628e+01
   4.5250000e+01   2.5213197e+01
   4.5500000e+01   2.5115493e+01
   4.5750000e+01   2.5018512e+01
   4.6000000e+01   2.4922248e+01
   4.6250000e+01   2.4826696e+01
   4.6500000e+01   2.4731850e+01
   4.6750000e+01   2.4637706e+01
   4.7000000e+01   2.4544257e+01
   4.7250000e+01   2.4451500e+01
   4.7500000e+01   2.4359429e+01
   4.7750000e+01   2.4268038e+01
   4.8000000e+01   2.4177323e+01
   4.8250000e+01   2.4087279e+01
   4.8500000e+01   2.3997901e+01
   4.8750000e+01   2.3909184e+01
   4.9000000e+01   2.3821122e+01
   4.9250000e+01   2.3733712e+01
   4.9500000e+01   2.3646949e+01
   4.9750000e+01   2.3560826e+01
   5.0000000e+01   2.3475341e+01
   5.0250000e+01   2.3390488e+01
   5.0500000e+01   2.3306262e+01
   5.0750000e+01   2.3222659e+01
   5.1000000e+01   2.3139674e+01
   5.1250000e+01   2.3057303e+01
   5.1500000e+01   2.2975541e+01
   5.1750000e+01   2.2894383e+01
   5.2000000e+01   2.2813826e+01
   5.2250000e+01   2.2733864e+01
   5.2500000e+01   2.2654493e+01
   5.2750000e+01   2.2575710e+01
   5.3000000e+01   2.2497509e+01
   5.3250000e+01   2.2419886e+01
   5.3500000e+01   2.2342837e+01
   5.3750000e+01   2.2266358e+01
   5.4000000e+01   2.2190445e+01
   5.4250000e+01   2.2115092e+01
   5.4500000e+01   2.2040297e+01
   5.4750000e+01   2.1966055e+01
   5.5000000e+01   2.1892362e+01
   5.5250000e+01   2.1819214e+01
   5.5500000e+01   2.1746607e+01
   5.5750000e+01   2.1674537e+01
   5.6000000e+01   2.1602999e+01
   5.6250000e+01   2.1531991e+01
   5.6500000e+01   2.1461507e+01
   5.6750000e+01   2.1391545e+01
   5.7000000e+01   2.1322100e+01
   5.7250000e+01   2.1253169e+01
   5.7500000e+01   2.1184747e+01
   5.7750000e+01   2.1116832e+01
   5.8000000e+01   2.1049418e+01
   5.8250000e+01   2.0982503e+01
   5.8500000e+01   2.0916083e+01
   5.8750000e+01   2.0850154e+01
   5.9000000e+01   2.0784712e+01
   5.9250000e+01   2.0719755e+01
   5.9500000e+01   2.0655277e+01
   5.9750000e+01   2.0591277e+01
   6.0000000e+01   2.0527749e+01
   6.0250000e+01   2.0464692e+01
   6.0500000e+01   2.0402100e+01
   6.0750000e+01   2.0339972e+01
   6.1000000e+01   2.0278303e+01
   6.1250000e+01   2.0217090e+01
   6.1500000e+01   2.0156329e+01
   6.1750000e+01   2.0096018e+01
   6.2000000e+01   2.0036153e+01
   6.2250000e+01   1.9976730e+01
   6.2500000e+01   1.9917747e+01
   6.2750000e+01   1.9859200e+01
   6.3000000e+01   1.9801086e+01
   6.3250000e+01   1.9743402e+01
   6.3500000e+01   1.9686144e+01
   6.3750000e+01   1.9629310e+01
   6.4000000e+01   1.9572895e+01
   6.4250000e+01   1.9516898e+01
   6.4500000e+01   1.9461315e+01
   6.4750000e+01   1.9406143e+01
   6.5000000e+01   1.9351379e+01
   6.5250000e+01   1.9297020e+01
   6.5500000e+01   1.9243063e+01
   6.5750000e+01   1.9189505e+01
   6.6000000e+01   1.9136343e+01
   6.6250000e+01   1.9083574e+01
   6.6500000e+01   1.9031195e+01
   6.6750000e+01   1.8979204e+01
   6.7000000e+01   1.8927597e+01
   6.7250000e+01   1.8876371e+01
   6.7500000e+01   1.8825525e+01
   6.7750000e+01   1.8775054e+01
   6.8000000e+01   1.8724957e+01
   6.8250000e+01   1.8675230e+01
   6.8500000e+01   1.8625870e+01
   6.8750000e+01   1.8576876e+01
   6.9000000e+01   1.8528244e+01
   6.9250000e+01   1.8479971e+01
   6.9500000e+01   1.8432056e+01
   6.9750000e+01   1.8384495e+01
   7.0000000e+01   1.8337285e+01
   7.0250000e+01   1.8290425e+01
   7.0500000e+01   1.8243911e+01
   7.0750000e+01   1.8197741e+01
   7.1000000e+01   1.8151912e+01
   7.1250000e+01   1.8106423e+01
   7.1500000e+01   1.8061269e+01
   7.1750000e+01   1.8016450e+01
   7.2000000e+01   1.7971962e+01
   7.2250000e+01   1.7927803e+01
   7.2500000e+01   1.7883970e+01
   7.2750000e+01   1.7840462e+01
   7.3000000e+01   1.7797275e+01
   7.3250000e+01   1.7754408e+01
   7.3500000e+01   1.7711857e+01
   7.3750000e+01   1.7669621e+01
   7.4000000e+01   1.7627698e+01
   7.4250000e+01   1.7586085e+01
   7.4500000e+01   1.7544779e+01
   7.4750000e+01   1.7503778e+01
   7.5000000e+01   1.7463081e+01
   7.5250000e+01   1.7422685e+01
   7.5500000e+01   1.7382588e+01
   7.5750000e+01   1.7342787e+01
   7.6000000e+01   1.7303280e+01
   7.6250000e+01   1.7264065e+01
   7.6500000e+01   1.7225141e+01
   7.6750000e+01   1.7186504e+01
   7.7000000e+01   1.7148153e+01
   7.7250000e+01   1.7110085e+01
   7.7500000e+01   1.7072299e+01
   7.7750000e+01   1.7034793e+01
   7.8000000e+01   1.6997563e+01
   7.8250000e+01   1.6960609e+01
   7.8500000e+01   1.6923929e+01
   7.8750000e+01   1.6887519e+01
   7.9000000e+01   1.6851379e+01
   7.9250000e+01   1.6815506e+01
   7.9500000e+01   1.6779898e+01
   7.9750000e+01   1.6744554e+01
   8.0000000e+01   1.6709470e+01
   8.0250000e+01   1.6674647e+01
   8.0500000e+01   1.6640081e+01
   8.0750000e+01   1.6605770e+01
   8.1000000e+01   1.6571713e+01
   8.1250000e+01   1.6537908e+01
   8.1500000e+01   1.6504353e+01
   8.1750000e+01   1.6471046e+01
   8.2000000e+01   1.6437985e+01
   8.2250000e+01   1.6405169e+01
   8.2500000e+01   1.6372595e+01
   8.2750000e+01   1.6340263e+01
   8.3000000e+01   1.6308169e+01
   8.3250000e+01   1.6276313e+01
   8.3500000e+01   1.6244692e+01
   8.3750000e+01   1.6213305e+01
   8.4000000e+01   1.6182150e+01
   8.4250000e+01   1.6151226e+01
   8.4500000e+01   1.6120530e+01
   8.4750000e+01   1.6090061e+01
   8.5000000e+01   1.6059817e+01
   8.5250000e+01   1.6029797e+01
   8.5500000e+01   1.5999999e+01
   8.5750000e+01   1.5970422e+01
   8.6000000e+01   1.5941063e+01
   8.6250000e+01   1.5911921e+01
   8.6500000e+01   1.5882995e+01
   8.6750000e+01   1.5854282e+01
   8.7000000e+01   1.5825782e+01
   8.7250000e+01   1.5797493e+01
   8.7500000e+01   1.5769413e+01
   8.7750000e+01   1.5741540e+01
   8.8000000e+01   1.5713874e+01
   8.8250000e+01   1.5686412e+01
   8.8500000e+01   1.5659153e+01
   8.8750000e+01   1.5632096e+01
   8.9000000e+01   1.5605239e+01
   8.9250000e+01   1.5578580e+01
   8.9500000e+01   1.5552119e+01
   8.9750000e+01   1.5525853e+01
   9.0000000e+01   1.5499781e+01
   9.0250000e+01   1.5473902e+01
   9.0500000e+01   1.5448215e+01
   9.0750000e+01   1.5422718e+01
   9.1000000e+01   1.5397409e+01
   9.1250000e+01   1.5372287e+01
   9.1500000e+01   1.5347351e+01
   9.1750000e+01   1.5322599e+01
   9.2000000e+01   1.5298030e+01
   9.2250000e+01   1.5273644e+01
   9.2500000e+01   1.5249437e+01
   9.2750000e+01   1.5225409e+01
   9.3000000e+01   1.5201559e+01
   9.3250000e+01   1.5177886e+01
   9.3500000e+01   1.5154387e+01
   9.3750000e+01   1.5131062e+01
   9.4000000e+01   1.5107910e+01
   9.4250000e+01   1.5084929e+01
   9.4500000e+01   1.5062118e+01
   9.4750000e+01   1.5039475e+01
   9.5000000e+01   1.5017000e+01
   9.5250000e+01   1.4994691e+01
   9.5500000e+01   1.4972547e+01
   9.5750000e+01   1.4950567e+01
   9.6000000e+01   1.4928749e+01
   9.6250000e+01   1.4907093e+01
   9.6500000e+01   1.4885597e+01
   9.6750000e+01   1.4864259e+01
   9.7000000e+01   1.4843080e+01
   9.7250000e+01   1.4822057e+01
   9.7500000e+01   1.4801190e+01
   9.7750000e+01   1.4780477e+01
   9.8000000e+01   1.4759917e+01
   9.8250000e+01   1.4739509e+01
   9.8500000e+01   1.4719252e+01
   9.8750000e+01   1.4699144e+01
   9.9000000e+01   1.4679186e+01
   9.9250000e+01   1.4659375e+01
   9.9500000e+01   1.4639710e+01
   9.9750000e+01   1.4620191e+01
   1.0000000e+02   1.4600817e+01
   1.0025000e+02   1.4581585e+01
   1.0050000e+02   1.4562496e+01
   1.0075000e+02   1.4543548e+01
   1.0100000e+02   1.4524740e+01
   1.0125000e+02   1.4506071e+01
   1.0150000e+02   1.4487540e+01
   1.0175000e+02   1.4469146e+01
   1.0200000e+02   1.4450888e+01
   1.0225000e+02   1.4432765e+01
   1.0250000e+02   1.4414776e+01
   1.0275000e+02   1.4396921e+01
   1.0300000e+02   1.4379197e+01
   1.0325000e+02   1.4361604e+01
   1.0350000e+02   1.4344141e+01
   1.0375000e+02   1.4326808e+01
   1.0400000e+02   1.4309603e+01
   1.0425000e+02   1.4292524e+01
   1.0450000e+02   1.4275573e+01
   1.0475000e+02   1.4258746e+01
   1.0500000e+02   1.4242044e+01
   1.0525000e+02   1.4225465e+01
   1.0550000e+02   1.4209009e+01
   1.0575000e+02   1.4192675e+01
   1.0600000e+02   1.4176462e+01
   1.0625000e+02   1.4160368e+01
   1.0650000e+02   1.4144393e+01
   1.0675000e+02   1.4128537e+01
   1.0700000e+02   1.4112798e+01
   1.0725000e+02   1.4097175e+01
   1.0750000e+02   1.4081667e+01
   1.0775000e+02   1.4066275e+01
   1.0800000e+02   1.4050996e+01
   1.0825000e+02   1.4035830e+01
   1.0850000e+02   1.4020776e+01
   1.0875000e+02   1.4005834e+01
   1.0900000e+02   1.3991002e+01
   1.0925000e+02   1.3976280e+01
   1.0950000e+02   1.3961666e+01
   1.0975000e+02   1.3947161e+01
   1.1000000e+02   1.3932763e+01
   1.1025000e+02   1.3918471e+01
   1.1050000e+02   1.3904285e+01
   1.1075000e+02   1.3890204e+01
   1.1100000e+02   1.3876227e+01
   1.1125000e+02   1.3862354e+01
   1.1150000e+02   1.3848583e+01
   1.1175000e+02   1.3834914e+01
   1.1200000e+02   1.3821345e+01
   1.1225000e+02   1.3807878e+01
   1.1250000e+02   1.3794509e+01
   1.1275000e+02   1.3781240e+01
   1.1300000e+02   1.3768069e+01
   1.1325000e+02   1.3754995e+01
   1.1350000e+02   1.3742018e+01
   1.1375000e+02   1.3729137e+01
   1.1400000e+02   1.3716351e+01
   1.1425000e+02   1.3703660e+01
   1.1450000e+02   1.3691062e+01
   1.1475000e+02   1.3678558e+01
   1.1500000e+02   1.3666146e+01
   1.1525000e+02   1.3653826e+01
   1.1550000e+02   1.3641596e+01
   1.1575000e+02   1.3629458e+01
   1.1600000e+02   1.3617409e+01
   1.1625000e+02   1.3605449e+01
   1.1650000e+02   1.3593578e+01
   1.1675000e+02   1.3581794e+01
   1.1700000e+02   1.3570098e+01
   1.1725000e+02   1.3558488e+01
   1.1750000e+02   1.3546964e+01
   1.1775000e+02   1.3535525e+01
   1.1800000e+02   1.3524171e+01
   1.1825000e+02   1.3512900e+01
   1.1850000e+02   1.3501713e+01
   1.1875000e+02   1.3490609e+01
   1.1900000e+02   1.3479587e+01
   1.1925000e+02   1.3468646e+01
   1.1950000e+02   1.3457787e+01
   1.1975000e+02   1.3447007e+01
   1.2000000e+02   1.3436307e+01
   1.2025000e+02   1.3425687e+01
   1.2050000e+02   1.3415145e+01
   1.2075000e+02   1.3404680e+01
   1.2100000e+02   1.3394294e+01
   1.2125000e+02   1.3383984e+01
   1.2150000e+02   1.3373750e+01
   1.2175000e+02   1.3363592e+01
   1.2200000e+02   1.3353509e+01
   1.2225000e+02   1.3343501e+01
   1.2250000e+02   1.3333566e+01
   1.2275000e+02   1.3323705e+01
   1.2300000e+02   1.3313917e+01
   1.2325000e+02   1.3304202e+01
   1.2350000e+02   1.3294558e+01
   1.2375000e+02   1.3284985e+01
   1.2400000e+02   1.3275484e+01
   1.2425000e+02   1.3266052e+01
   1.2450000e+02   1.3256691e+01
   1.2475000e+02   1.3247398e+01
   1.2500000e+02   1.3238174e+01
   1.2525000e+02   1.3229019e+01
   1.2550000e+02   1.3219931e+01
   1.2575000e+02   1.3210910e+01
   1.2600000e+02   1.3201956e+01
   1.2625000e+02   1.3193069e+01
   1.2650000e+02   1.3184247e+01
   1.2675000e+02   1.3175490e+01
   1.2700000e+02   1.3166798e+01
   1.2725000e+02   1.3158170e+01
   1.2750000e+02   1.3149606e+01
   1.2775000e+02   1.3141105e+01
   1.2800000e+02   1.3132668e+01
   1.2825000e+02   1.3124292e+01
   1.2850000e+02   1.3115979e+01
   1.2875000e+02   1.3107727e+01
   1.2900000e+02   1.3099536e+01
   1.2925000e+02   1.3091405e+01
   1.2950000e+02   1.3083335e+01
   1.2975000e+02   1.3075324e+01
   1.3000000e+02   1.3067373e+01
   1.3025000e+02   1.3059480e+01
   1.3050000e+02   1.3051646e+01
   1.3075000e+02   1.3043870e+01
   1.3100000e+02   1.3036151e+01
   1.3125000e+02   1.3028489e+01
   1.3150000e+02   1.3020884e+01
   1.3175000e+02   1.3013335e+01
   1.3200000e+02   1.3005842e+01
   1.3225000e+02   1.2998405e+01
   1.3250000e+02   1.2991022e+01
   1.3275000e+02   1.2983694e+01
   1.3300000e+02   1.2976420e+01
   1.3325000e+02   1.2969200e+01
   1.3350000e+02   1.2962034e+01
   1.3375000e+02   1.2954920e+01
   1.3400000e+02   1.2947859e+01
   1.3425000e+02   1.2940850e+01
   1.3450000e+02   1.2933893e+01
   1.3475000e+02   1.2926988e+01
   1.3500000e+02   1.2920133e+01
   1.3525000e+02   1.2913329e+01
   1.3550000e+02   1.2906576e+01
   1.3575000e+02   1.2899872e+01
   1.3600000e+02   1.2893218e+01
   1.3625000e+02   1.2886613e+01
   1.3650000e+02   1.2880057e+01
   1.3675000e+02   1.2873550e+01
   1.3700000e+02   1.2867090e+01
   1.3725000e+02   1.2860679e+01
   1.3750000e+02   1.2854315e+01
   1.3775000e+02   1.2847997e+01
   1.3800000e+02   1.2841727e+01
   1.3825000e+02   1.2835503e+01
   1.3850000e+02   1.2829325e+01
   1.3875000e+02   1.2823193e+01
   1.3900000e+02   1.2817106e+01
   1.3925000e+02   1.2811064e+01
   1.3950000e+02   1.2805066e+01
   1.3975000e+02   1.2799113e+01
   1.4000000e+02   1.2793204e+01
   1.4025000e+02   1.2787339e+01
   1.4050000e+02   1.2781517e+01
   1.4075000e+02   1.2775738e+01
   1.4100000e+02   1.2770002e+01
   1.4125000e+02   1.2764308e+01
   1.4150000e+02   1.2758657e+01
   1.4175000e+02   1.2753047e+01
   1.4200000e+02   1.2747479e+01
   1.4225000e+02   1.2741951e+01
   1.4250000e+02   1.2736465e+01
   1.4275000e+02   1.2731019e+01
   1.4300000e+02   1.2725614e+01
   1.4325000e+02   1.2720249e+01
   1.4350000e+02   1.2714923e+01
   1.4375000e+02   1.2709636e+01
   1.4400000e+02   1.2704389e+01
   1.4425000e+02   1.2699180e+01
   1.4450000e+02   1.2694010e+01
   1.4475000e+02   1.2688879e+01
   1.4500000e+02   1.2683785e+01
   1.4525000e+02   1.2678729e+01
   1.4550000e+02   1.2673710e+01
   1.4575000e+02   1.2668728e+01
   1.4600000e+02   1.2663783e+01
   1.4625000e+02   1.2658875e+01
   1.4650000e+02   1.2654003e+01
   1.4675000e+02   1.2649167e+01
   1.4700000e+02   1.2644367e+01
   1.4725000e+02   1.2639602e+01
   1.4750000e+02   1.2634873e+01
   1.4775000e+02   1.2630178e+01
   1.4800000e+02   1.2625518e+01
   1.4825000e+02   1.2620893e+01
   1.4850000e+02   1.2616302e+01
   1.4875000e+02   1.2611745e+01
   1.4900000e+02   1.2607221e+01
   1.4925000e+02   1.2602731e+01
   1.4950000e+02   1.2598274e+01
   1.4975000e+02   1.2593851e+01
   1.5000000e+02   1.2589459e+01
   1.5025000e+02   1.2585101e+01
   1.5050000e+02   1.2580774e+01
   1.5075000e+02   1.2576480e+01
   1.5100000e+02   1.2572217e+01
   1.5125000e+02   1.2567986e+01
   1.5150000e+02   1.2563786e+01
   1.5175000e+02   1.2559617e+01
   1.5200000e+02   1.2555479e+01
   1.5225000e+02   1.2551372e+01
   1.5250000e+02   1.2547294e+01
   1.5275000e+02   1.2543248e+01
   1.5300000e+02   1.2539231e+01
   1.5325000e+02   1.2535243e+01
   1.5350000e+02   1.2531285e+01
   1.5375000e+02   1.2527357e+01
   1.5400000e+02   1.2523457e+01
   1.5425000e+02   1.2519587e+01
   1.5450000e+02   1.2515745e+01
   1.5475000e+02   1.2511931e+01
   1.5500000e+02   1.2508146e+01
   1.5525000e+02   1.2504388e+01
   1.5550000e+02   1.2500659e+01
   1.5575000e+02   1.2496957e+01
   1.5600000e+02   1.2493282e+01
   1.5625000e+02   1.2489634e+01
   1.5650000e+02   1.2486014e+01
   1.5675000e+02   1.2482420e+01
   1.5700000e+02   1.2478853e+01
   1.5725000e+02   1.2475312e+01
   1.5750000e+02   1.2471797e+01
   1.5775000e+02   1.2468309e+01
   1.5800000e+02   1.2464846e+01
   1.5825000e+02   1.2461409e+01
   1.5850000e+02   1.2457997e+01
   1.5875000e+02   1.2454610e+01
   1.5900000e+02   1.2451249e+01
   1.5925000e+02   1.2447912e+01
   1.5950000e+02   1.2444600e+01
   1.5975000e+02   1.2441312e+01
   1.6000000e+02   1.2438049e+01
   1.6025000e+02   1.2434810e+01
   1.6050000e+02   1.2431595e+01
   1.6075000e+02   1.2428403e+01
   1.6100000e+02   1.2425236e+01
   1.6125000e+02   1.2422091e+01
   1.6150000e+02   1.2418970e+01
   1.6175000e+02   1.2415872e+01
   1.6200000e+02   1.2412797e+01
   1.6225000e+02   1.2409745e+01
   1.6250000e+02   1.2406715e+01
   1.6275000e+02   1.2403707e+01
   1.6300000e+02   1.2400722e+01
   1.6325000e+02   1.2397759e+01
   1.6350000e+02   1.2394818e+01
   1.6375000e+02   1.2391898e+01
   1.6400000e+02   1.2389001e+01
   1.6425000e+02   1.2386124e+01
   1.6450000e+02   1.2383269e+01
   1.6475000e+02   1.2380435e+01
   1.6500000e+02   1.2377622e+01
   1.6525000e+02   1.2374830e+01
   1.6550000e+02   1.2372058e+01
   1.6575000e+02   1.2369307e+01
   1.6600000e+02   1.2366576e+01
   1.6625000e+02   1.2363865e+01
   1.6650000e+02   1.2361175e+01
   1.6675000e+02   1.2358504e+01
   1.6700000e+02   1.2355853e+01
   1.6725000e+02   1.2353222e+01
   1.6750000e+02   1.2350610e+01
   1.6775000e+02   1.2348017e+01
   1.6800000e+02   1.2345444e+01
   1.6825000e+02   1.2342890e+01
   1.6850000e+02   1.2340354e+01
   1.6875000e+02   1.2337838e+01
   1.6900000e+02   1.2335339e+01
   1.6925000e+02   1.2332860e+01
   1.6950000e+02   1.2330398e+01
   1.6975000e+02   1.2327955e+01
   1.7000000e+02   1.2325530e+01
   1.7025000e+02   1.2323123e+01
   1.7050000e+02   1.2320734e+01
   1.7075000e+02   1.2318362e+01
   1.7100000e+02   1.2316008e+01
   1.7125000e+02   1.2313672e+01
   1.7150000e+02   1.2311352e+01
   1.7175000e+02   1.2309050e+01
   1.7200000e+02   1.2306765e+01
   1.7225000e+02   1.2304496e+01
   1.7250000e+02   1.2302245e+01
   1.7275000e+02   1.2300010e+01
   1.7300000e+02   1.2297791e+01
   1.7325000e+02   1.2295589e+01
   1.7350000e+02   1.2293404e+01
   1.7375000e+02   1.2291234e+01
   1.7400000e+02   1.2289081e+01
   1.7425000e+02   1.2286943e+01
   1.7450000e+02   1.2284821e+01
   1.7475000e+02   1.2282715e+01
   1.7500000e+02   1.2280625e+01
   1.7525000e+02   1.2278550e+01
   1.7550000e+02   1.2276490e+01
   1.7575000e+02   1.2274445e+01
   1.7600000e+02   1.2272416e+01
   1.7625000e+02   1.2270402e+01
   1.7650000e+02   1.2268402e+01
   1.7675000e+02   1.2266418e+01
   1.7700000e+02   1.2264448e+01
   1.7725000e+02   1.2262492e+01
   1.7750000e+02   1.2260551e+01
   1.7775000e+02   1.2258625e+01
   1.7800000e+02   1.2256712e+01
   1.7825000e+02   1.2254814e+01
   1.7850000e+02   1.2252930e+01
   1.7875000e+02   1.2251060e+01
   1.7900000e+02   1.2249203e+01
   1.7925000e+02   1.2247360e+01
   1.7950000e+02   1.2245531e+01
   1.7975000e+02   1.2243716e+01
   1.8000000e+02   1.2241914e+01
   1.8025000e+02   1.2240125e+01
   1.8050000e+02   1.2238349e+01
   1.8075000e+02   1.2236587e+01
   1.8100000e+02   1.2234837e+01
   1.8125000e+02   1.2233101e+01
   1.8150000e+02   1.2231377e+01
   1.8175000e+02   1.2229666e+01
   1.8200000e+02   1.2227968e+01
   1.8225000e+02   1.2226282e+01
   1.8250000e+02   1.2224609e+01
   1.8275000e+02   1.2222948e+01
   1.8300000e+02   1.2221300e+01
   1.8325000e+02   1.2219663e+01
   1.8350000e+02   1.2218039e+01
   1.8375000e+02   1.2216427e+01
   1.8400000e+02   1.2214827e+01
   1.8425000e+02   1.2213238e+01
   1.8450000e+02   1.2211661e+01
   1.8475000e+02   1.2210096e+01
   1.8500000e+02   1.2208543e+01
   1.8525000e+02   1.2207001e+01
   1.8550000e+02   1.2205470e+01
   1.8575000e+02   1.2203951e+01
   1.8600000e+02   1.2202442e+01
   1.8625000e+02   1.2200946e+01
   1.8650000e+02   1.2199460e+01
   1.8675000e+02   1.2197985e+01
   1.8700000e+02   1.2196521e+01
   1.8725000e+02   1.2195068e+01
   1.8750000e+02   1.2193625e+01
   1.8775000e+02   1.2192193e+01
   1.8800000e+02   1.2190772e+01
   1.8825000e+02   1.2189362e+01
   1.8850000e+02   1.2187961e+01
   1.8875000e+02   1.2186572e+01
   1.8900000e+02   1.2185192e+01
   1.8925000e+02   1.2183823e+01
   1.8950000e+02   1.2182463e+01
   1.8975000e+02   1.2181114e+01
   1.9000000e+02   1.2179775e+01
   1.9025000e+02   1.2178446e+01
   1.9050000e+02   1.2177126e+01
   1.9075000e+02   1.2175816e+01
   1.9100000e+02   1.2174516e+01
   1.9125000e+02   1.2173226e+01
   1.9150000e+02   1.2171945e+01
   1.9175000e+02   1.2170674e+01
   1.9200000e+02   1.2169412e+01
   1.9225000e+02   1.2168159e+01
   1.9250000e+02   1.2166915e+01
   1.9275000e+02   1.2165681e+01
   1.9300000e+02   1.2164456e+01
   1.9325000e+02   1.2163240e+01
   1.9350000e+02   1.2162033e+01
   1.9375000e+02   1.2160835e+01
   1.9400000e+02   1.2159646e+01
   1.9425000e+02   1.2158465e+01
   1.9450000e+02   1.2157293e+01
   1.9475000e+02   1.2156130e+01
   1.9500000e+02   1.2154976e+01
   1.9525000e+02   1.2153830e+01
   1.9550000e+02   1.2152692e+01
   1.9575000e+02   1.2151563e+01
   1.9600000e+02   1.2150442e+01
   1.9625000e+02   1.2149330e+01
   1.9650000e+02   1.2148226e+01
   1.9675000e+02   1.2147130e+01
   1.9700000e+02   1.2146042e+01
   1.9725000e+02   1.2144962e+01
   1.9750000e+02   1.2143890e+01
   1.9775000e+02   1.2142826e+01
   1.9800000e+02   1.2141770e+01
   1.9825000e+02   1.2140722e+01
   1.9850000e+02   1.2139681e+01
   1.9875000e+02   1.2138648e+01
   1.9900000e+02   1.2137623e+01
   1.9925000e+02   1.2136605e+01
   1.9950000e+02   1.2135595e+01
   1.9975000e+02   1.2134593e+01
   2.0000000e+02   1.2133597e+01
   2.0025000e+02   1.2132610e+01
   2.0050000e+02   1.2131629e+01
   2.0075000e+02   1.2130656e+01
   2.0100000e+02   1.2129690e+01
   2.0125000e+02   1.2128731e+01
   2.0150000e+02   1.2127779e+01
   2.0175000e+02   1.2126834e+01
   2.0200000e+02   1.2125896e+01
   2.0225000e+02   1.2124965e+01
   2.0250000e+02   1.2124041e+01
   2.0275000e+02   1.2123124e+01
   2.0300000e+02   1.2122213e+01
   2.0325000e+02   1.2121310e+01
   2.0350000e+02   1.2120413e+01
   2.0375000e+02   1.2119522e+01
   2.0400000e+02   1.2118638e+01
   2.0425000e+02   1.2117761e+01
   2.0450000e+02   1.2116890e+01
   2.0475000e+02   1.2116026e+01
   2.0500000e+02   1.2115168e+01
   2.0525000e+02   1.2114317e+01
   2.0550000e+02   1.2113471e+01
   2.0575000e+02   1.2112632e+01
   2.0600000e+02   1.2111799e+01
   2.0625000e+02   1.2110973e+01
   2.0650000e+02   1.2110152e+01
   2.0675000e+02   1.2109338e+01
   2.0700000e+02   1.2108529e+01
   2.0725000e+02   1.2107727e+01
   2.0750000e+02   1.2106930e+01
   2.0775000e+02   1.2106139e+01
   2.0800000e+02   1.2105354e+01
   2.0825000e+02   1.2104575e+01
   2.0850000e+02   1.2103802e+01
   2.0875000e+02   1.2103035e+01
   2.0900000e+02   1.2102273e+01
   2.0925000e+02   1.2101517e+01
   2.0950000e+02   1.2100766e+01
   2.0975000e+02   1.2100021e+01
   2.1000000e+02   1.2099281e+01
   2.1025000e+02   1.2098547e+01
   2.1050000e+02   1.2097818e+01
   2.1075000e+02   1.2097095e+01
   2.1100000e+02   1.2096377e+01
   2.1125000e+02   1.2095664e+01
   2.1150000e+02   1.2094957e+01
   2.1175000e+02   1.2094255e+01
   2.1200000e+02   1.2093558e+01
   2.1225000e+02   1.2092866e+01
   2.1250000e+02   1.2092179e+01
   2.1275000e+02   1.2091498e+01
   2.1300000e+02   1.2090821e+01
   2.1325000e+02   1.2090150e+01
   2.1350000e+02   1.2089483e+01
   2.1375000e+02   1.2088821e+01
   2.1400000e+02   1.2088165e+01
   2.1425000e+02   1.2087513e+01
   2.1450000e+02   1.2086866e+01
   2.1475000e+02   1.2086223e+01
   2.1500000e+02   1.2085586e+01
   2.1525000e+02   1.2084953e+01
   2.1550000e+02   1.2084325e+01
   2.1575000e+02   1.2083701e+01
   2.1600000e+02   1.2083082e+01
   2.1625000e+02   1.2082468e+01
   2.1650000e+02   1.2081858e+01
   2.1675000e+02   1.2081253e+01
   2.1700000e+02   1.2080652e+01
   2.1725000e+02   1.2080056e+01
   2.1750000e+02   1.2079464e+01
   2.1775000e+02   1.2078876e+01
   2.1800000e+02   1.2078293e+01
   2.1825000e+02   1.2077714e+01
   2.1850000e+02   1.2077139e+01
   2.1875000e+02   1.2076569e+01
   2.1900000e+02   1.2076003e+01
   2.1925000e+02   1.2075441e+01
   2.1950000e+02   1.2074883e+01
   2.1975000e+02   1.2074329e+01
   2.2000000e+02   1.2073779e+01
   2.2025000e+02   1.2073234e+01
   2.2050000e+02   1.2072692e+01
   2.2075000e+02   1.2072155e+01
   2.2100000e+02   1.2071621e+01
   2.2125000e+02   1.2071092e+01
   2.2150000e+02   1.2070566e+01
   2.2175000e+02   1.2070044e+01
   2.2200000e+02   1.2069526e+01
   2.2225000e+02   1.2069012e+01
   2.2250000e+02   1.2068502e+01
   2.2275000e+02   1.2067995e+01
   2.2300000e+02   1.2067493e+01
   2.2325000e+02   1.2066994e+01
   2.2350000e+02   1.2066498e+01
   2.2375000e+02   1.2066006e+01
   2.2400000e+02   1.2065518e+01
   2.2425000e+02   1.2065034e+01
   2.2450000e+02   1.2064553e+01
   2.2475000e+02   1.2064076e+01
   2.2500000e+02   1.2063602e+01
   2.2525000e+02   1.2063132e+01
   2.2550000e+02   1.2062665e+01
   2.2575000e+02   1.2062201e+01
   2.2600000e+02   1.2061741e+01
   2.2625000e+02   1.2061285e+01
   2.2650000e+02   1.2060832e+01
   2.2675000e+02   1.2060382e+01
   2.2700000e+02   1.2059935e+01
   2.2725000e+02   1.2059492e+01
   2.2750000e+02   1.2059052e+01
   2.2775000e+02   1.2058616e+01
   2.2800000e+02   1.2058182e+01
   2.2825000e+02   1.2057752e+01
   2.2850000e+02   1.2057325e+01
   2.2875000e+02   1.2056901e+01
   2.2900000e+02   1.2056480e+01
   2.2925000e+02   1.2056063e+01
   2.2950000e+02   1.2055648e+01
   2.2975000e+02   1.2055237e+01
   2.3000000e+02   1.2054828e+01
   2.3025000e+02   1.2054423e+01
   2.3050000e+02   1.2054020e+01
   2.3075000e+02   1.2053621e+01
   2.3100000e+02   1.2053224e+01
   2.3125000e+02   1.2052831e+01
   2.3150000e+02   1.2052440e+01
   2.3175000e+02   1.2052052e+01
   2.3200000e+02   1.2051668e+01
   2.3225000e+02   1.2051286e+01
   2.3250000e+02   1.2050906e+01
   2.3275000e+02   1.2050530e+01
   2.3300000e+02   1.2050156e+01
   2.3325000e+02   1.2049785e+01
   2.3350000e+02   1.2049417e+01
   2.3375000e+02   1.2049052e+01
   2.3400000e+02   1.2048689e+01
   2.3425000e+02   1.2048329e+01
   2.3450000e+02   1.2047972e+01
   2.3475000e+02   1.2047617e+01
   2.3500000e+02   1.2047265e+01
   2.3525000e+02   1.2046915e+01
   2.3550000e+02   1.2046569e+01
   2.3575000e+02   1.2046224e+01
   2.3600000e+02   1.2045882e+01
   2.3625000e+02   1.2045543e+01
   2.3650000e+02   1.2045206e+01
   2.3675000e+02   1.2044872e+01
   2.3700000e+02   1.2044540e+01
   2.3725000e+02   1.2044211e+01
   2.3750000e+02   1.2043884e+01
   2.3775000e+02   1.2043559e+01
   2.3800000e+02   1.2043237e+01
   2.3825000e+02   1.2042918e+01
   2.3850000e+02   1.2042600e+01
   2.3875000e+02   1.2042285e+01
   2.3900000e+02   1.2041973e+01
   2.3925000e+02   1.2041662e+01
   2.3950000e+02   1.2041354e+01
   2.3975000e+02   1.2041048e+01
   2.4000000e+02   1.2040745e+01
   2.4025000e+02   1.2040444e+01
   2.4050000e+02   1.2040145e+01
   2.4075000e+02   1.2039848e+01
   2.4100000e+02   1.2039553e+01
   2.4125000e+02   1.2039261e+01
   2.4150000e+02   1.2038970e+01
   2.4175000e+02   1.2038682e+01
   2.4200000e+02   1.2038396e+01
   2.4225000e+02   1.2038112e+01
   2.4250000e+02   1.2037830e+01
   2.4275000e+02   1.2037551e+01
   2.4300000e+02   1.2037273e+01
   2.4325000e+02   1.2036997e+01
   2.4350000e+02   1.2036724e+01
   2.4375000e+02   1.2036452e+01
   2.4400000e+02   1.2036183e+01
   2.4425000e+02   1.2035915e+01
   2.4450000e+02   1.2035650e+01
   2.4475000e+02   1.2035386e+01
   2.4500000e+02   1.2035124e+01
   2.4525000e+02   1.2034865e+01
   2.4550000e+02   1.2034607e+01
   2.4575000e+02   1.2034351e+01
   2.4600000e+02   1.2034097e+01
   2.4625000e+02   1.2033845e+01
   2.4650000e+02   1.2033594e+01
   2.4675000e+02   1.2033346e+01
   2.4700000e+02   1.2033100e+01
   2.4725000e+02   1.2032855e+01
   2.4750000e+02   1.2032612e+01
   2.4775000e+02   1.2032371e+01
   2.4800000e+02   1.2032131e+01
   2.4825000e+02   1.2031894e+01
   2.4850000e+02   1.2031658e+01
   2.4875000e+02   1.2031424e+01
   2.4900000e+02   1.2031191e+01
   2.4925000e+02   1.2030961e+01
   2.4950000e+02   1.2030732e+01
   2.4975000e+02   1.2030505e+01
   2.5000000e+02   1.2030279e+01
   2.5025000e+02   1.2030055e+01
   2.5050000e+02   1.2029833e+01
   2.5075000e+02   1.2029612e+01
   2.5100000e+02   1.2029393e+01
   2.5125000e+02   1.2029176e+01
   2.5150000e+02   1.2028960e+01
   2.5175000e+02   1.2028746e+01
   2.5200000e+02   1.2028534e+01
   2.5225000e+02   1.2028323e+01
   2.5250000e+02   1.2028113e+01
   2.5275000e+02   1.2027905e+01
   2.5300000e+02   1.2027699e+01
   2.5325000e+02   1.2027494e+01
   2.5350000e+02   1.2027291e+01
   2.5375000e+02   1.2027089e+01
   2.5400000e+02   1.2026889e+01
   2.5425000e+02   1.2026690e+01
   2.5450000e+02   1.2026493e+01
   2.5475000e+02   1.2026297e+01
   2.5500000e+02   1.2026102e+01
   2.5525000e+02   1.2025909e+01
   2.5550000e+02   1.2025718e+01
   2.5575000e+02   1.2025527e+01
   2.5600000e+02   1.2025339e+01
   2.5625000e+02   1.2025151e+01
   2.5650000e+02   1.2024965e+01
   2.5675000e+02   1.2024781e+01
   2.5700000e+02   1.2024597e+01
   2.5725000e+02   1.2024416e+01
   2.5750000e+02   1.2024235e+01
   2.5775000e+02   1.2024056e+01
   2.5800000e+02   1.2023878e+01
   2.5825000e+02   1.2023701e+01
   2.5850000e+02   1.2023526e+01
   2.5875000e+02   1.2023352e+01
   2.5900000e+02   1.2023179e+01
   2.5925000e+02   1.2023008e+01
   2.5950000e+02   1.2022838e+01
   2.5975000e+02   1.2022669e+01
   2.6000000e+02   1.2022501e+01
   2.6025000e+02   1.2022335e+01
   2.6050000e+02   1.2022170e+01
   2.6075000e+02   1.2022006e+01
   2.6100000e+02   1.2021843e+01
   2.6125000e+02   1.2021682e+01
   2.6150000e+02   1.2021521e+01
   2.6175000e+02   1.2021362e+01
   2.6200000e+02   1.2021204e+01
   2.6225000e+02   1.2021048e+01
   2.6250000e+02   1.2020892e+01
   2.6275000e+02   1.2020737e+01
   2.6300000e+02   1.2020584e+01
   2.6325000e+02   1.2020432e+01
   2.6350000e+02   1.2020281e+01
   2.6375000e+02   1.2020131e+01
   2.6400000e+02   1.2019982e+01
   2.6425000e+02   1.2019834e+01
   2.6450000e+02   1.2019688e+01
   2.6475000e+02   1.2019542e+01
   2.6500000e+02   1.2019397e+01
   2.6525000e+02   1.2019254e+01
   2.6550000e+02   1.2019112e+01
   2.6575000e+02   1.2018970e+01
   2.6600000e+02   1.2018830e+01
   2.6625000e+02   1.2018691e+01
   2.6650000e+02   1.2018553e+01
   2.6675000e+02   1.2018415e+01
   2.6700000e+02   1.2018279e+01
   2.6725000e+02   1.2018144e+01
   2.6750000e+02   1.2018010e+01
   2.6775000e+02   1.2017877e+01
   2.6800000e+02   1.2017745e+01
   2.6825000e+02   1.2017613e+01
   2.6850000e+02   1.2017483e+01
   2.6875000e+02   1.2017354e+01
   2.6900000e+02   1.2017226e+01
   2.6925000e+02   1.2017098e+01
   2.6950000e+02   1.2016972e+01
   2.6975000e+02   1.2016846e+01
   2.7000000e+02   1.2016722e+01
   2.7025000e+02   1.2016598e+01
   2.7050000e+02   1.2016475e+01
   2.7075000e+02   1.2016353e+01
   2.7100000e+02   1.2016233e+01
   2.7125000e+02   1.2016113e+01
   2.7150000e+02   1.2015993e+01
   2.7175000e+02   1.2015875e+01
   2.7200000e+02   1.2015758e+01
   2.7225000e+02   1.2015641e+01
   2.7250000e+02   1.2015526e+01
   2.7275000e+02   1.2015411e+01
   2.7300000e+02   1.2015297e+01
   2.7325000e+02   1.2015184e+01
   2.7350000e+02   1.2015071e+01
   2.7375000e+02   1.2014960e+01
   2.7400000e+02   1.2014849e+01
   2.7425000e+02   1.2014740e+01
   2.7450000e+02   1.2014631e+01
   2.7475000e+02   1.2014522e+01
   2.7500000e+02   1.2014415e+01
   2.7525000e+02   1.2014308e+01
   2.7550000e+02   1.2014203e+01
   2.7575000e+02   1.2014098e+01
   2.7600000e+02   1.2013993e+01
   2.7625000e+02   1.2013890e+01
   2.7650000e+02   1.2013787e+01
   2.7675000e+02   1.2013685e+01
   2.7700000e+02   1.2013584e+01
   2.7725000e+02   1.2013484e+01
   2.7750000e+02   1.2013384e+01
   2.7775000e+02   1.2013285e+01
   2.7800000e+02   1.2013187e+01
   2.7825000e+02   1.2013089e+01
   2.7850000e+02   1.2012992e+01
   2.7875000e+02   1.2012896e+01
   2.7900000e+02   1.2012801e+01
   2.7925000e+02   1.2012706e+01
   2.7950000e+02   1.2012612e+01
   2.7975000e+02   1.2012519e+01
   2.8000000e+02   1.2012426e+01
   2.8025000e+02   1.2012335e+01
   2.8050000e+02   1.2012243e+01
   2.8075000e+02   1.2012153e+01
   2.8100000e+02   1.2012063e+01
   2.8125000e+02   1.2011974e+01
   2.8150000e+02   1.2011885e+01
   2.8175000e+02   1.2011797e+01
   2.8200000e+02   1.2011710e+01
   2.8225000e+02   1.2011624e+01
   2.8250000e+02   1.2011538e+01
   2.8275000e+02   1.2011452e+01
   2.8300000e+02   1.2011368e+01
   2.8325000e+02   1.2011284e+01
   2.8350000e+02   1.2011200e+01
   2.8375000e+02   1.2011117e+01
   2.8400000e+02   1.2011035e+01
   2.8425000e+02   1.2010953e+01
   2.8450000e+02   1.2010873e+01
   2.8475000e+02   1.2010792e+01
   2.8500000e+02   1.2010712e+01
   2.8525000e+02   1.2010633e+01
   2.8550000e+02   1.2010554e+01
   2.8575000e+02   1.2010476e+01
   2.8600000e+02   1.2010399e+01
   2.8625000e+02   1.2010322e+01
   2.8650000e+02   1.2010246e+01
   2.8675000e+02   1.2010170e+01
   2.8700000e+02   1.2010095e+01
   2.8725000e+02   1.2010020e+01
   2.8750000e+02   1.2009946e+01
   2.8775000e+02   1.2009872e+01
   2.8800000e+02   1.2009799e+01
   2.8825000e+02   1.2009727e+01
   2.8850000e+02   1.2009655e+01
   2.8875000e+02   1.2009584e+01
   2.8900000e+02   1.2009513e+01
   2.8925000e+02   1.2009443e+01
   2.8950000e+02   1.2009373e+01
   2.8975000e+02   1.2009303e+01
   2.9000000e+02   1.2009235e+01
   2.9025000e+02   1.2009166e+01
   2.9050000e+02   1.2009099e+01
   2.9075000e+02   1.2009031e+01
   2.9100000e+02   1.2008964e+01
   2.9125000e+02   1.2008898e+01
   2.9150000e+02   1.2008832e+01
   2.9175000e+02   1.2008767e+01
   2.9200000e+02   1.2008702e+01
   2.9225000e+02   1.2008638e+01
   2.9250000e+02   1.2008574e+01
   2.9275000e+02   1.2008511e+01
   2.9300000e+02   1.2008448e+01
   2.9325000e+02   1.2008385e+01
   2.9350000e+02   1.2008323e+01
   2.9375000e+02   1.2008262e+01
   2.9400000e+02   1.2008201e+01
   2.9425000e+02   1.2008140e+01
   2.9450000e+02   1.2008080e+01
   2.9475000e+02   1.2008020e+01
   2.9500000e+02   1.2007961e+01
   2.9525000e+02   1.2007902e+01
   2.9550000e+02   1.2007843e+01
   2.9575000e+02   1.2007785e+01
   2.9600000e+02   1.2007728e+01
   2.9625000e+02   1.2007671e+01
   2.9650000e+02   1.2007614e+01
   2.9675000e+02   1.2007558e+01
   2.9700000e+02   1.2007502e+01
   2.9725000e+02   1.2007446e+01
   2.9750000e+02   1.2007391e+01
   2.9775000e+02   1.2007337e+01
   2.9800000e+02   1.2007282e+01
   2.9825000e+02   1.2007229e+01
   2.9850000e+02   1.2007175e+01
   2.9875000e+02   1.2007122e+01
   2.9900000e+02   1.2007069e+01
   2.9925000e+02   1.2007017e+01
   2.9950000e+02   1.2006965e+01
   2.9975000e+02   1.2006914e+01
   3.0000000e+02   1.2006863e+01
   3.0025000e+02   1.2006812e+01
   3.0050000e+02   1.2006761e+01
   3.0075000e+02   1.2006711e+01
   3.0100000e+02   1.2006662e+01
   3.0125000e+02   1.2006613e+01
   3.0150000e+02   1.2006564e+01
   3.0175000e+02   1.2006515e+01
   3.0200000e+02   1.2006467e+01
   3.0225000e+02   1.2006419e+01
   3.0250000e+02   1.2006372e+01
   3.0275000e+02   1.2006325e+01
   3.0300000e+02   1.2006278e+01
   3.0325000e+02   1.2006231e+01
   3.0350000e+02   1.2006185e+01
   3.0375000e+02   1.2006140e+01
   3.0400000e+02   1.2006094e+01
   3.0425000e+02   1.2006049e+01
   3.0450000e+02   1.2006004e+01
   3.0475000e+02   1.2005960e+01
   3.0500000e+02   1.2005916e+01
   3.0525000e+02   1.2005872e+01
   3.0550000e+02   1.2005829e+01
   3.0575000e+02   1.2005786e+01
   3.0600000e+02   1.2005743e+01
   3.0625000e+02   1.2005700e+01
   3.0650000e+02   1.2005658e+01
   3.0675000e+02   1.2005616e+01
   3.0700000e+02   1.2005575e+01
   3.0725000e+02   1.2005534e+01
   3.0750000e+02   1.2005493e+01
   3.0775000e+02   1.2005452e+01
   3.0800000e+02   1.2005412e+01
   3.0825000e+02   1.2005372e+01
   3.0850000e+02   1.2005332e+01
   3.0875000e+02   1.2005293e+01
   3.0900000e+02   1.2005253e+01
   3.0925000e+02   1.2005215e+01
   3.0950000e+02   1.2005176e+01
   3.0975000e+02   1.2005138e+01
   3.1000000e+02   1.2005100e+01
   3.1025000e+02   1.2005062e+01
   3.1050000e+02   1.2005025e+01
   3.1075000e+02   1.2004988e+01
   3.1100000e+02   1.2004951e+01
   3.1125000e+02   1.2004914e+01
   3.1150000e+02   1.2004878e+01
   3.1175000e+02   1.2004842e+01
   3.1200000e+02   1.2004806e+01
   3.1225000e+02   1.2004770e+01
   3.1250000e+02   1.2004735e+01
   3.1275000e+02   1.2004700e+01
   3.1300000e+02   1.2004665e+01
   3.1325000e+02   1.2004631e+01
   3.1350000e+02   1.2004597e+01
   3.1375000e+02   1.2004563e+01
   3.1400000e+02   1.2004529e+01
   3.1425000e+02   1.2004495e+01
   3.1450000e+02   1.2004462e+01
   3.1475000e+02   1.2004429e+01
   3.1500000e+02   1.2004396e+01
   3.1525000e+02   1.2004364e+01
   3.1550000e+02   1.2004332e+01
   3.1575000e+02   1.2004300e+01
   3.1600000e+02   1.2004268e+01
   3.1625000e+02   1.2004236e+01
   3.1650000e+02   1.2004205e+01
   3.1675000e+02   1.2004174e+01
   3.1700000e+02   1.2004143e+01
   3.1725000e+02   1.2004112e+01
   3.1750000e+02   1.2004082e+01
   3.1775000e+02   1.2004052e+01
   3.1800000e+02   1.2004022e+01
   3.1825000e+02   1.2003992e+01
   3.1850000e+02   1.2003962e+01
   3.1875000e+02   1.2003933e+01
   3.1900000e+02   1.2003904e+01
   3.1925000e+02   1.2003875e+01
   3.1950000e+02   1.2003847e+01
   3.1975000e+02   1.2003818e+01
   3.2000000e+02   1.2003790e+01
   3.2025000e+02   1.2003762e+01
   3.2050000e+02   1.2003734e+01
   3.2075000e+02   1.2003706e+01
   3.2100000e+02   1.2003679e+01
   3.2125000e+02   1.2003652e+01
   3.2150000e+02   1.2003625e+01
   3.2175000e+02   1.2003598e+01
   3.2200000e+02   1.2003571e+01
   3.2225000e+02   1.2003545e+01
   3.2250000e+02   1.2003519e+01
   3.2275000e+02   1.2003493e+01
   3.2300000e+02   1.2003467e+01
   3.2325000e+02   1.2003441e+01
   3.2350000e+02   1.2003416e+01
   3.2375000e+02   1.2003391e+01
   3.2400000e+02   1.2003366e+01
   3.2425000e+02   1.2003341e+01
   3.2450000e+02   1.2003316e+01
   3.2475000e+02   1.2003291e+01
   3.2500000e+02   1.2003267e+01
   3.2525000e+02   1.2003243e+01
   3.2550000e+02   1.2003219e+01
   3.2575000e+02   1.2003195e+01
   3.2600000e+02   1.2003172e+01
   3.2625000e+02   1.2003148e+01
   3.2650000e+02   1.2003125e+01
   3.2675000e+02   1.2003102e+01
   3.2700000e+02   1.2003079e+01
   3.2725000e+02   1.2003056e+01
   3.2750000e+02   1.2003033e+01
   3.2775000e+02   1.2003011e+01
   3.2800000e+02   1.2002989e+01
   3.2825000e+02   1.2002967e+01
   3.2850000e+02   1.2002945e+01
   3.2875000e+02   1.2002923e+01
   3.2900000e+02   1.2002901e+01
   3.2925000e+02   1.2002880e+01
   3.2950000e+02   1.2002859e+01
   3.2975000e+02   1.2002837e+01
   3.3000000e+02   1.2002816e+01
   3.3025000e+02   1.2002796e+01
   3.3050000e+02   1.2002775e+01
   3.3075000e+02   1.2002754e+01
   3.3100000e+02   1.2002734e+01
   3.3125000e+02   1.2002714e+01
   3.3150000e+02   1.2002694e+01
   3.3175000e+02   1.2002674e+01
   3.3200000e+02   1.2002654e+01
   3.3225000e+02   1.2002634e+01
   3.3250000e+02   1.2002615e+01
   3.3275000e+02   1.2002596e+01
   3.3300000e+02   1.2002576e+01
   3.3325000e+02   1.2002557e+01
   3.3350000e+02   1.2002538e+01
   3.3375000e+02   1.2002520e+01
   3.3400000e+02   1.2002501e+01
   3.3425000e+02   1.2002483e+01
   3.3450000e+02   1.2002464e+01
   3.3475000e+02   1.2002446e+01
   3.3500000e+02   1.2002428e+01
   3.3525000e+02   1.2002410e+01
   3.3550000e+02   1.2002392e+01
   3.3575000e+02   1.2002374e+01
   3.3600000e+02   1.2002357e+01
   3.3625000e+02   1.2002339e+01
   3.3650000e+02   1.2002322e+01
   3.3675000e+02   1.2002305e+01
   3.3700000e+02   1.2002288e+01
   3.3725000e+02   1.2002271e+01
   3.3750000e+02   1.2002254e+01
   3.3775000e+02   1.2002238e+01
   3.3800000e+02   1.2002221e+01
   3.3825000e+02   1.2002205e+01
   3.3850000e+02   1.2002188e+01
   3.3875000e+02   1.2002172e+01
   3.3900000e+02   1.2002156e+01
   3.3925000e+02   1.2002140e+01
   3.3950000e+02   1.2002124e+01
   3.3975000e+02   1.2002109e+01
   3.4000000e+02   1.2002093e+01
   3.4025000e+02   1.2002077e+01
   3.4050000e+02   1.2002062e+01
   3.4075000e+02   1.2002047e+01
   3.4100000e+02   1.2002032e+01
   3.4125000e+02   1.2002017e+01
   3.4150000e+02   1.2002002e+01
   3.4175000e+02   1.2001987e+01
   3.4200000e+02   1.2001972e+01
   3.4225000e+02   1.2001958e+01
   3.4250000e+02   1.2001943e+01
   3.4275000e+02   1.2001929e+01
   3.4300000e+02   1.2001915e+01
   3.4325000e+02   1.2001900e+01
   3.4350000e+02   1.2001886e+01
   3.4375000e+02   1.2001872e+01
   3.4400000e+02   1.2001859e+01
   3.4425000e+02   1.2001845e+01
   3.4450000e+02   1.2001831e+01
   3.4475000e+02   1.2001818e+01
   3.4500000e+02   1.2001804e+01
   3.4525000e+02   1.2001791e+01
   3.4550000e+02   1.2001778e+01
   3.4575000e+02   1.2001765e+01
   3.4600000e+02   1.2001751e+01
   3.4625000e+02   1.2001739e+01
   3.4650000e+02   1.2001726e+01
   3.4675000e+02   1.2001713e+01
   3.4700000e+02   1.2001700e+01
   3.4725000e+02   1.2001688e+01
   3.4750000e+02   1.2001675e+01
   3.4775000e+02   1.2001663e+01
   3.4800000e+02   1.2001651e+01
   3.4825000e+02   1.2001638e+01
   3.4850000e+02   1.2001626e+01
   3.4875000e+02   1.2001614e+01
   3.4900000e+02   1.2001602e+01
   3.4925000e+02   1.2001590e+01
   3.4950000e+02   1.2001579e+01
   3.4975000e+02   1.2001567e+01
   3.5000000e+02   1.2001555e+01
   3.5025000e+02   1.2001544e+01
   3.5050000e+02   1.2001532e+01
   3.5075000e+02   1.2001521e+01
   3.5100000e+02   1.2001510e+01
   3.5125000e+02   1.2001499e+01
   3.5150000e+02   1.2001488e+01
   3.5175000e+02   1.2001477e+01
   3.5200000e+02   1.2001466e+01
   3.5225000e+02   1.2001455e+01
   3.5250000e+02   1.2001444e+01
   3.5275000e+02   1.2001433e+01
   3.5300000e+02   1.2001423e+01
   3.5325000e+02   1.2001412e+01
   3.5350000e+02   1.2001402e+01
   3.5375000e+02   1.2001391e+01
   3.5400000e+02   1.2001381e+01
   3.5425000e+02   1.2001371e+01
   3.5450000e+02   1.2001361e+01
   3.5475000e+02   1.2001351e+01
   3.5500000e+02   1.2001341e+01
   3.5525000e+02   1.2001331e+01
   3.5550000e+02   1.2001321e+01
   3.5575000e+02   1.2001311e+01
   3.5600000e+02   1.2001302e+01
   3.5625000e+02   1.2001292e+01
   3.5650000e+02   1.2001282e+01
   3.5675000e+02   1.2001273e+01
   3.5700000e+02   1.2001264e+01
   3.5725000e+02   1.2001254e+01
   3.5750000e+02   1.2001245e+01
   3.5775000e+02   1.2001236e+01
   3.5800000e+02   1.2001227e+01
   3.5825000e+02   1.2001217e+01
   3.5850000e+02   1.2001208e+01
   3.5875000e+02   1.2001200e+01
   3.5900000e+02   1.2001191e+01
   3.5925000e+02   1.2001182e+01
   3.5950000e+02   1.2001173e+01
   3.5975000e+02   1.2001164e+01
   3.6000000e+02   1.2001156e+01
   3.6025000e+02   1.2001147e+01
   3.6050000e+02   1.2001139e+01
   3.6075000e+02   1.2001130e+01
   3.6100000e+02   1.2001122e+01
   3.6125000e+02   1.2001114e+01
   3.6150000e+02   1.2001106e+01
   3.6175000e+02   1.2001097e+01
   3.6200000e+02   1.2001089e+01
   3.6225000e+02   1.2001081e+01
   3.6250000e+02   1.2001073e+01
   3.6275000e+02   1.2001065e+01
   3.6300000e+02   1.2001057e+01
   3.6325000e+02   1.2001050e+01
   3.6350000e+02   1.2001042e+01
   3.6375000e+02   1.2001034e+01
   3.6400000e+02   1.2001026e+01
   3.6425000e+02   1.2001019e+01
   3.6450000e+02   1.2001011e+01
   3.6475000e+02   1.2001004e+01
   3.6500000e+02   1.2000996e+01
   3.6525000e+02   1.2000989e+01
   3.6550000e+02   1.2000982e+01
   3.6575000e+02   1.2000974e+01
   3.6600000e+02   1.2000967e+01
   3.6625000e+02   1.2000960e+01
   3.6650000e+02   1.2000953e+01
   3.6675000e+02   1.2000946e+01
   3.6700000e+02   1.2000939e+01
   3.6725000e+02   1.2000932e+01
   3.6750000e+02   1.2000925e+01
   3.6775000e+02   1.2000918e+01
   3.6800000e+02   1.2000911e+01
   3.6825000e+02   1.2000905e+01
   3.6850000e+02   1.2000898e+01
   3.6875000e+02   1.2000891e+01
   3.6900000e+02   1.2000885e+01
   3.6925000e+02   1.2000878e+01
   3.6950000e+02   1.2000872e+01
   3.6975000e+02   1.2000865e+01
   3.7000000e+02   1.2000859e+01
   3.7025000e+02   1.2000853e+01
   3.7050000e+02   1.2000846e+01
   3.7075000e+02   1.2000840e+01
   3.7100000e+02   1.2000834e+01
   3.7125000e+02   1.2000828e+01
   3.7150000e+02   1.2000822e+01
   3.7175000e+02   1.2000815e+01
   3.7200000e+02   1.2000809e+01
   3.7225000e+02   1.2000803e+01
   3.7250000e+02   1.2000798e+01
   3.7275000e+02   1.2000792e+01
   3.7300000e+02   1.2000786e+01
   3.7325000e+02   1.2000780e+01
   3.7350000e+02   1.2000774e+01
   3.7375000e+02   1.2000768e+01
   3.7400000e+02   1.2000763e+01
   3.7425000e+02   1.2000757e+01
   3.7450000e+02   1.2000752e+01
   3.7475000e+02   1.2000746e+01
   3.7500000e+02   1.2000740e+01
   3.7525000e+02   1.2000735e+01
   3.7550000e+02   1.2000730e+01
   3.7575000e+02   1.2000724e+01
   3.7600000e+02   1.2000719e+01
   3.7625000e+02   1.2000713e+01
   3.7650000e+02   1.2000708e+01
   3.7675000e+02   1.2000703e+01
   3.7700000e+02   1.2000698e+01
   3.7725000e+02   1.2000693e+01
   3.7750000e+02   1.2000687e+01
   3.7775000e+02   1.2000682e+01
   3.7800000e+02   1.2000677e+01
   3.7825000e+02   1.2000672e+01
   3.7850000e+02   1.2000667e+01
   3.7875000e+02   1.2000662e+01
   3.7900000e+02   1.2000658e+01
   3.7925000e+02   1.2000653e+01
   3.7950000e+02   1.2000648e+01
   3.7975000e+02   1.2000643e+01
   3.8000000e+02   1.2000638e+01
   3.8025000e+02   1.2000634e+01
   3.8050000e+02   1.2000629e+01
   3.8075000e+02   1.2000624e+01
   3.8100000e+02   1.2000620e+01
   3.8125000e+02   1.2000615e+01
   3.8150000e+02   1.2000611e+01
   3.8175000e+02   1.2000606e+01
   3.8200000e+02   1.2000602e+01
   3.8225000e+02   1.2000597e+01
   3.8250000e+02   1.2000593e+01
   3.8275000e+02   1.2000588e+01
   3.8300000e+02   1.2000584e+01
   3.8325000e+02   1.2000580e+01
   3.8350000e+02   1.2000575e+01
   3.8375000e+02   1.2000571e+01
   3.8400000e+02   1.2000567e+01
   3.8425000e+02   1.2000563e+01
   3.8450000e+02   1.2000558e+01
   3.8475000e+02   1.2000554e+01
   3.8500000e+02   1.2000550e+01
   3.8525000e+02   1.2000546e+01
   3.8550000e+02   1.2000542e+01
   3.8575000e+02   1.2000538e+01
   3.8600000e+02   1.2000534e+01
   3.8625000e+02   1.2000530e+01
   3.8650000e+02   1.2000526e+01
   3.8675000e+02   1.2000522e+01
   3.8700000e+02   1.2000519e+01
   3.8725000e+02   1.2000515e+01
   3.8750000e+02   1.2000511e+01
   3.8775000e+02   1.2000507e+01
   3.8800000e+02   1.2000503e+01
   3.8825000e+02   1.2000500e+01
   3.8850000e+02   1.2000496e+01
   3.8875000e+02   1.2000492e+01
   3.8900000e+02   1.2000489e+01
   3.8925000e+02   1.2000485e+01
   3.8950000e+02   1.2000481e+01
   3.8975000e+02   1.2000478e+01
   3.9000000e+02   1.2000474e+01
   3.9025000e+02   1.2000471e+01
   3.9050000e+02   1.2000467e+01
   3.9075000e+02   1.2000464e+01
   3.9100000e+02   1.2000460e+01
   3.9125000e+02   1.2000457e+01
   3.9150000e+02   1.2000454e+01
   3.9175000e+02   1.2000450e+01
   3.9200000e+02   1.2000447e+01
   3.9225000e+02   1.2000444e+01
   3.9250000e+02   1.2000440e+01
   3.9275000e+02   1.2000437e+01
   3.9300000e+02   1.2000434e+01
   3.9325000e+02   1.2000431e+01
   3.9350000e+02   1.2000428e+01
   3.9375000e+02   1.2000424e+01
   3.9400000e+02   1.2000421e+01
   3.9425000e+02   1.2000418e+01
   3.9450000e+02   1.2000415e+01
   3.9475000e+02   1.2000412e+01
   3.9500000e+02   1.2000409e+01
   3.9525000e+02   1.2000406e+01
   3.9550000e+02   1.2000403e+01
   3.9575000e+02   1.2000400e+01
   3.9600000e+02   1.2000397e+01
   3.9625000e+02   1.2000394e+01
   3.9650000e+02   1.2000391e+01
   3.9675000e+02   1.2000388e+01
   3.9700000e+02   1.2000385e+01
   3.9725000e+02   1.2000382e+01
   3.9750000e+02   1.2000380e+01
   3.9775000e+02   1.2000377e+01
   3.9800000e+02   1.2000374e+01
   3.9825000e+02   1.2000371e+01
   3.9850000e+02   1.2000369e+01
   3.9875000e+02   1.2000366e+01
   3.9900000e+02   1.2000363e+01
   3.9925000e+02   1.2000360e+01
   3.9950000e+02   1.2000358e+01
   3.9975000e+02   1.2000355e+01
   4.0000000e+02   1.2000353e+01
   4.0025000e+02   1.2000350e+01
   4.0050000e+02   1.2000347e+01
   4.0075000e+02   1.2000345e+01
   4.0100000e+02   1.2000342e+01
   4.0125000e+02   1.2000340e+01
   4.0150000e+02   1.2000337e+01
   4.0175000e+02   1.2000335e+01
   4.0200000e+02   1.2000332e+01
   4.0225000e+02   1.2000330e+01
   4.0250000e+02   1.2000327e+01
   4.0275000e+02   1.2000325e+01
   4.0300000e+02   1.2000322e+01
   4.0325000e+02   1.2000320e+01
   4.0350000e+02   1.2000318e+01
   4.0375000e+02   1.2000315e+01
   4.0400000e+02   1.2000313e+01
   4.0425000e+02   1.2000311e+01
   4.0450000e+02   1.2000308e+01
   4.0475000e+02   1.2000306e+01
   4.0500000e+02   1.2000304e+01
   4.0525000e+02   1.2000302e+01
   4.0550000e+02   1.2000299e+01
   4.0575000e+02   1.2000297e+01
   4.0600000e+02   1.2000295e+01
   4.0625000e+02   1.2000293e+01
   4.0650000e+02   1.2000291e+01
   4.0675000e+02   1.2000289e+01
   4.0700000e+02   1.2000286e+01
   4.0725000e+02   1.2000284e+01
   4.0750000e+02   1.2000282e+01
   4.0775000e+02   1.2000280e+01
   4.0800000e+02   1.2000278e+01
   4.0825000e+02   1.2000276e+01
   4.0850000e+02   1.2000274e+01
   4.0875000e+02   1.2000272e+01
   4.0900000e+02   1.2000270e+01
   4.0925000e+02   1.2000268e+01
   4.0950000e+02   1.2000266e+01
   4.0975000e+02   1.2000264e+01
   4.1000000e+02   1.2000262e+01
   4.1025000e+02   1.2000260e+01
   4.1050000e+02   1.2000258e+01
   4.1075000e+02   1.2000256e+01
   4.1100000e+02   1.2000254e+01
   4.1125000e+02   1.2000252e+01
   4.1150000e+02   1.2000251e+01
   4.1175000e+02   1.2000249e+01
   4.1200000e+02   1.2000247e+01
   4.1225000e+02   1.2000245e+01
   4.1250000e+02   1.2000243e+01
   4.1275000e+02   1.2000241e+01
   4.1300000e+02   1.2000240e+01
   4.1325000e+02   1.2000238e+01
   4.1350000e+02   1.2000236e+01
   4.1375000e+02   1.2000234e+01
   4.1400000e+02   1.2000233e+01
   4.1425000e+02   1.2000231e+01
   4.1450000e+02   1.2000229e+01
   4.1475000e+02   1.2000228e+01
   4.1500000e+02   1.2000226e+01
   4.1525000e+02   1.2000224e+01
   4.1550000e+02   1.2000223e+01
   4.1575000e+02   1.2000221e+01
   4.1600000e+02   1.2000219e+01
   4.1625000e+02   1.2000218e+01
   4.1650000e+02   1.2000216e+01
   4.1675000e+02   1.2000214e+01
   4.1700000e+02   1.2000213e+01
   4.1725000e+02   1.2000211e+01
   4.1750000e+02   1.2000210e+01
   4.1775000e+02   1.2000208e+01
   4.1800000e+02   1.2000207e+01
   4.1825000e+02   1.2000205e+01
   4.1850000e+02   1.2000204e+01
   4.1875000e+02   1.2000202e+01
   4.1900000e+02   1.2000201e+01
   4.1925000e+02   1.2000199e+01
   4.1950000e+02   1.2000198e+01
   4.1975000e+02   1.2000196e+01
   4.2000000e+02   1.2000195e+01
   4.2025000e+02   1.2000193e+01
   4.2050000e+02   1.2000192e+01
   4.2075000e+02   1.2000190e+01
   4.2100000e+02   1.2000189e+01
   4.2125000e+02   1.2000188e+01
   4.2150000e+02   1.2000186e+01
   4.2175000e+02   1.2000185e+01
   4.2200000e+02   1.2000183e+01
   4.2225000e+02   1.2000182e+01
   4.2250000e+02   1.2000181e+01
   4.2275000e+02   1.2000179e+01
   4.2300000e+02   1.2000178e+01
   4.2325000e+02   1.2000177e+01
   4.2350000e+02   1.2000175e+01
   4.2375000e+02   1.2000174e+01
   4.2400000e+02   1.2000173e+01
   4.2425000e+02   1.2000172e+01
   4.2450000e+02   1.2000170e+01
   4.2475000e+02   1.2000169e+01
   4.2500000e+02   1.2000168e+01
   4.2525000e+02   1.2000167e+01
   4.2550000e+02   1.2000165e+01
   4.2575000e+02   1.2000164e+01
   4.2600000e+02   1.2000163e+01
   4.2625000e+02   1.2000162e+01
   4.2650000e+02   1.2000161e+01
   4.2675000e+02   1.2000159e+01
   4.2700000e+02   1.2000158e+01
   4.2725000e+02   1.2000157e+01
   4.2750000e+02   1.2000156e+01
   4.2775000e+02   1.2000155e+01
   4.2800000e+02   1.2000154e+01
   4.2825000e+02   1.2000152e+01
   4.2850000e+02   1.2000151e+01
   4.2875000e+02   1.2000150e+01
   4.2900000e+02   1.2000149e+01
   4.2925000e+02   1.2000148e+01
   4.2950000e+02   1.2000147e+01
   4.2975000e+02   1.2000146e+01
   4.3000000e+02   1.2000145e+01
   4.3025000e+02   1.2000144e+01
   4.3050000e+02   1.2000143e+01
   4.3075000e+02   1.2000141e+01
   4.3100000e+02   1.2000140e+01
   4.3125000e+02   1.2000139e+01
   4.3150000e+02   1.2000138e+01
   4.3175000e+02   1.2000137e+01
   4.3200000e+02   1.2000136e+01
   4.3225000e+02   1.2000135e+01
   4.3250000e+02   1.2000134e+01
   4.3275000e+02   1.2000133e+01
   4.3300000e+02   1.2000132e+01
   4.3325000e+02   1.2000131e+01
   4.3350000e+02   1.2000130e+01
   4.3375000e+02   1.2000129e+01
   4.3400000e+02   1.2000128e+01
   4.3425000e+02   1.2000128e+01
   4.3450000e+02   1.2000127e+01
   4.3475000e+02   1.2000126e+01
   4.3500000e+02   1.2000125e+01
   4.3525000e+02   1.2000124e+01
   4.3550000e+02   1.2000123e+01
   4.3575000e+02   1.2000122e+01
   4.3600000e+02   1.2000121e+01
   4.3625000e+02   1.2000120e+01
   4.3650000e+02   1.2000119e+01
   4.3675000e+02   1.2000118e+01
   4.3700000e+02   1.2000118e+01
   4.3725000e+02   1.2000117e+01
   4.3750000e+02   1.2000116e+01
   4.3775000e+02   1.2000115e+01
   4.3800000e+02   1.2000114e+01
   4.3825000e+02   1.2000113e+01
   4.3850000e+02   1.2000112e+01
   4.3875000e+02   1.2000112e+01
   4.3900000e+02   1.2000111e+01
   4.3925000e+02   1.2000110e+01
   4.3950000e+02   1.2000109e+01
   4.3975000e+02   1.2000108e+01
   4.4000000e+02   1.2000108e+01
   4.4025000e+02   1.2000107e+01
   4.4050000e+02   1.2000106e+01
   4.4075000e+02   1.2000105e+01
   4.4100000e+02   1.2000104e+01
   4.4125000e+02   1.2000104e+01
   4.4150000e+02   1.2000103e+01
   4.4175000e+02   1.2000102e+01
   4.4200000e+02   1.2000101e+01
   4.4225000e+02   1.2000101e+01
   4.4250000e+02   1.2000100e+01
   4.4275000e+02   1.2000099e+01
   4.4300000e+02   1.2000098e+01
   4.4325000e+02   1.2000098e+01
   4.4350000e+02   1.2000097e+01
   4.4375000e+02   1.2000096e+01
   4.4400000e+02   1.2000095e+01
   4.4425000e+02   1.2000095e+01
   4.4450000e+02   1.2000094e+01
   4.4475000e+02   1.2000093e+01
   4.4500000e+02   1.2000093e+01
   4.4525000e+02   1.2000092e+01
   4.4550000e+02   1.2000091e+01
   4.4575000e+02   1.2000091e+01
   4.4600000e+02   1.2000090e+01
   4.4625000e+02   1.2000089e+01
   4.4650000e+02   1.2000089e+01
   4.4675000e+02   1.2000088e+01
   4.4700000e+02   1.2000087e+01
   4.4725000e+02   1.2000087e+01
   4.4750000e+02   1.2000086e+01
   4.4775000e+02   1.2000085e+01
   4.4800000e+02   1.2000085e+01
   4.4825000e+02   1.2000084e+01
   4.4850000e+02   1.2000084e+01
   4.4875000e+02   1.2000083e+01
   4.4900000e+02   1.2000082e+01
   4.4925000e+02   1.2000082e+01
   4.4950000e+02   1.2000081e+01
   4.4975000e+02   1.2000080e+01
   4.5000000e+02   1.2000080e+01
   4.5025000e+02   1.2000079e+01
   4.5050000e+02   1.2000079e+01
   4.5075000e+02   1.2000078e+01
   4.5100000e+02   1.2000078e+01
   4.5125000e+02   1.2000077e+01
   4.5150000e+02   1.2000076e+01
   4.5175000e+02   1.2000076e+01
   4.5200000e+02   1.2000075e+01
   4.5225000e+02   1.2000075e+01
   4.5250000e+02   1.2000074e+01
   4.5275000e+02   1.2000074e+01
   4.5300000e+02   1.2000073e+01
   4.5325000e+02   1.2000073e+01
   4.5350000e+02   1.2000072e+01
   4.5375000e+02   1.2000071e+01
   4.5400000e+02   1.2000071e+01
   4.5425000e+02   1.2000070e+01
   4.5450000e+02   1.2000070e+01
   4.5475000e+02   1.2000069e+01
   4.5500000e+02   1.2000069e+01
   4.5525000e+02   1.2000068e+01
   4.5550000e+02   1.2000068e+01
   4.5575000e+02   1.2000067e+01
   4.5600000e+02   1.2000067e+01
   4.5625000e+02   1.2000066e+01
   4.5650000e+02   1.2000066e+01
   4.5675000e+02   1.2000065e+01
   4.5700000e+02   1.2000065e+01
   4.5725000e+02   1.2000064e+01
   4.5750000e+02   1.2000064e+01
   4.5775000e+02   1.2000063e+01
   4.5800000e+02   1.2000063e+01
   4.5825000e+02   1.2000063e+01
   4.5850000e+02   1.2000062e+01
   4.5875000e+02   1.2000062e+01
   4.5900000e+02   1.2000061e+01
   4.5925000e+02   1.2000061e+01
   4.5950000e+02   1.2000060e+01
   4.5975000e+02   1.2000060e+01
   4.6000000e+02   1.2000059e+01
   4.6025000e+02   1.2000059e+01
   4.6050000e+02   1.2000058e+01
   4.6075000e+02   1.2000058e+01
   4.6100000e+02   1.2000058e+01
   4.6125000e+02   1.2000057e+01
   4.6150000e+02   1.2000057e+01
   4.6175000e+02   1.2000056e+01
   4.6200000e+02   1.2000056e+01
   4.6225000e+02   1.2000056e+01
   4.6250000e+02   1.2000055e+01
   4.6275000e+02   1.2000055e+01
   4.6300000e+02   1.2000054e+01
   4.6325000e+02   1.2000054e+01
   4.6350000e+02   1.2000054e+01
   4.6375000e+02   1.2000053e+01
   4.6400000e+02   1.2000053e+01
   4.6425000e+02   1.2000052e+01
   4.6450000e+02   1.2000052e+01
   4.6475000e+02   1.2000052e+01
   4.6500000e+02   1.2000051e+01
   4.6525000e+02   1.2000051e+01
   4.6550000e+02   1.2000050e+01
   4.6575000e+02   1.2000050e+01
   4.6600000e+02   1.2000050e+01
   4.6625000e+02   1.2000049e+01
   4.6650000e+02   1.2000049e+01
   4.6675000e+02   1.2000049e+01
   4.6700000e+02   1.2000048e+01
   4.6725000e+02   1.2000048e+01
   4.6750000e+02   1.2000048e+01
   4.6775000e+02   1.2000047e+01
   4.6800000e+02   1.2000047e+01
   4.6825000e+02   1.2000046e+01
   4.6850000e+02   1.2000046e+01
   4.6875000e+02   1.2000046e+01
   4.6900000e+02   1.2000045e+01
   4.6925000e+02   1.2000045e+01
   4.6950000e+02   1.2000045e+01
   4.6975000e+02   1.2000044e+01
   4.7000000e+02   1.2000044e+01
   4.7025000e+02   1.2000044e+01
   4.7050000e+02   1.2000043e+01
   4.7075000e+02   1.2000043e+01
   4.7100000e+02   1.2000043e+01
   4.7125000e+02   1.2000043e+01
   4.7150000e+02   1.2000042e+01
   4.7175000e+02   1.2000042e+01
   4.7200000e+02   1.2000042e+01
   4.7225000e+02   1.2000041e+01
   4.7250000e+02   1.2000041e+01
   4.7275000e+02   1.2000041e+01
   4.7300000e+02   1.2000040e+01
   4.7325000e+02   1.2000040e+01
   4.7350000e+02   1.2000040e+01
   4.7375000e+02   1.2000039e+01
   4.7400000e+02   1.2000039e+01
   4.7425000e+02   1.2000039e+01
   4.7450000e+02   1.2000039e+01
   4.7475000e+02   1.2000038e+01
   4.7500000e+02   1.2000038e+01
   4.7525000e+02   1.2000038e+01
   4.7550000e+02   1.2000037e+01
   4.7575000e+02   1.2000037e+01
   4.7600000e+02   1.2000037e+01
   4.7625000e+02   1.2000037e+01
   4.7650000e+02   1.2000036e+01
   4.7675000e+02   1.2000036e+01
   4.7700000e+02   1.2000036e+01
   4.7725000e+02   1.2000036e+01
   4.7750000e+02   1.2000035e+01
   4.7775000e+02   1.2000035e+01
   4.7800000e+02   1.2000035e+01
   4.7825000e+02   1.2000035e+01
   4.7850000e+02   1.2000034e+01
   4.7875000e+02   1.2000034e+01
   4.7900000e+02   1.2000034e+01
   4.7925000e+02   1.2000034e+01
   4.7950000e+02   1.2000033e+01
   4.7975000e+02   1.2000033e+01
   4.8000000e+02   1.2000033e+01
   4.8025000e+02   1.2000033e+01
   4.8050000e+02   1.2000032e+01
   4.8075000e+02   1.2000032e+01
   4.8100000e+02   1.2000032e+01
   4.8125000e+02   1.2000032e+01
   4.8150000e+02   1.2000031e+01
   4.8175000e+02   1.2000031e+01
   4.8200000e+02   1.2000031e+01
   4.8225000e+02   1.2000031e+01
   4.8250000e+02   1.2000030e+01
   4.8275000e+02   1.2000030e+01
   4.8300000e+02   1.2000030e+01
   4.8325000e+02   1.2000030e+01
   4.8350000e+02   1.2000030e+01
   4.8375000e+02   1.2000029e+01
   4.8400000e+02   1.2000029e+01
   4.8425000e+02   1.2000029e+01
   4.8450000e+02   1.2000029e+01
   4.8475000e+02   1.2000028e+01
   4.8500000e+02   1.2000028e+01
   4.8525000e+02   1.2000028e+01
   4.8550000e+02   1.2000028e+01
   4.8575000e+02   1.2000028e+01
   4.8600000e+02   1.2000027e+01
   4.8625000e+02   1.2000027e+01
   4.8650000e+02   1.2000027e+01
   4.8675000e+02   1.2000027e+01
   4.8700000e+02   1.2000027e+01
   4.8725000e+02   1.2000026e+01
   4.8750000e+02   1.2000026e+01
   4.8775000e+02   1.2000026e+01
   4.8800000e+02   1.2000026e+01
   4.8825000e+02   1.2000026e+01
   4.8850000e+02   1.2000025e+01
   4.8875000e+02   1.2000025e+01
   4.8900000e+02   1.2000025e+01
   4.8925000e+02   1.2000025e+01
   4.8950000e+02   1.2000025e+01
   4.8975000e+02   1.2000025e+01
   4.9000000e+02   1.2000024e+01
   4.9025000e+02   1.2000024e+01
   4.9050000e+02   1.2000024e+01
   4.9075000e+02   1.2000024e+01
   4.9100000e+02   1.2000024e+01
   4.9125000e+02   1.2000023e+01
   4.9150000e+02   1.2000023e+01
   4.9175000e+02   1.2000023e+01
   4.9200000e+02   1.2000023e+01
   4.9225000e+02   1.2000023e+01
   4.9250000e+02   1.2000023e+01
   4.9275000e+02   1.2000022e+01
   4.9300000e+02   1.2000022e+01
   4.9325000e+02   1.2000022e+01
   4.9350000e+02   1.2000022e+01
   4.9375000e+02   1.2000022e+01
   4.9400000e+02   1.2000022e+01
   4.9425000e+02   1.2000021e+01
   4.9450000e+02   1.2000021e+01
   4.9475000e+02   1.2000021e+01
   4.9500000e+02   1.2000021e+01
   4.9525000e+02   1.2000021e+01
   4.9550000e+02   1.2000021e+01
   4.9575000e+02   1.2000021e+01
   4.9600000e+02   1.2000020e+01
   4.9625000e+02   1.2000020e+01
   4.9650000e+02   1.2000020e+01
   4.9675000e+02   1.2000020e+01
   4.9700000e+02   1.2000020e+01
   4.9725000e+02   1.2000020e+01
   4.9750000e+02   1.2000020e+01
   4.9775000e+02   1.2000019e+01
   4.9800000e+02   1.2000019e+01
   4.9825000e+02   1.2000019e+01
   4.9850000e+02   1.2000019e+01
   4.9875000e+02   1.2000019e+01
   4.9900000e+02   1.2000019e+01
   4.9925000e+02   1.2000019e+01
   4.9950000e+02   1.2000018e+01
   4.9975000e+02   1.2000018e+01
   5.0000000e+02   1.2000018e+01
   5.0025000e+02   1.2000018e+01
   5.0050000e+02   1.2000018e+01
   5.0075000e+02   1.2000018e+01
   5.0100000e+02   1.2000018e+01
   5.0125000e+02   1.2000017e+01
   5.0150000e+02   1.2000017e+01
   5.0175000e+02   1.2000017e+01
   5.0200000e+02   1.2000017e+01
   5.0225000e+02   1.2000017e+01
   5.0250000e+02   1.2000017e+01
   5.0275000e+02   1.2000017e+01
   5.0300000e+02   1.2000017e+01
   5.0325000e+02   1.2000016e+01
   5.0350000e+02   1.2000016e+01
   5.0375000e+02   1.2000016e+01
   5.0400000e+02   1.2000016e+01
   5.0425000e+02   1.2000016e+01
   5.0450000e+02   1.2000016e+01
   5.0475000e+02   1.2000016e+01
   5.0500000e+02   1.2000016e+01
   5.0525000e+02   1.2000015e+01
   5.0550000e+02   1.2000015e+01
   5.0575000e+02   1.2000015e+01
   5.0600000e+02   1.2000015e+01
   5.0625000e+02   1.2000015e+01
   5.0650000e+02   1.2000015e+01
   5.0675000e+02   1.2000015e+01
   5.0700000e+02   1.2000015e+01
   5.0725000e+02   1.2000015e+01
   5.0750000e+02   1.2000014e+01
   5.0775000e+02   1.2000014e+01
   5.0800000e+02   1.2000014e+01
   5.0825000e+02   1.2000014e+01
   5.0850000e+02   1.2000014e+01
   5.0875000e+02   1.2000014e+01
   5.0900000e+02   1.2000014e+01
   5.0925000e+02   1.2000014e+01
   5.0950000e+02   1.2000014e+01
   5.0975000e+02   1.2000014e+01
   5.1000000e+02   1.2000013e+01
   5.1025000e+02   1.2000013e+01
   5.1050000e+02   1.2000013e+01
   5.1075000e+02   1.2000013e+01
   5.1100000e+02   1.2000013e+01
   5.1125000e+02   1.2000013e+01
   5.1150000e+02   1.2000013e+01
   5.1175000e+02   1.2000013e+01
   5.1200000e+02   1.2000013e+01
   5.1225000e+02   1.2000013e+01
   5.1250000e+02   1.2000012e+01
   5.1275000e+02   1.2000012e+01
   5.1300000e+02   1.2000012e+01
   5.1325000e+02   1.2000012e+01
   5.1350000e+02   1.2000012e+01
   5.1375000e+02   1.2000012e+01
   5.1400000e+02   1.2000012e+01
   5.1425000e+02   1.2000012e+01
   5.1450000e+02   1.2000012e+01
   5.1475000e+02   1.2000012e+01
   5.1500000e+02   1.2000012e+01
   5.1525000e+02   1.2000012e+01
   5.1550000e+02   1.2000011e+01
   5.1575000e+02   1.2000011e+01
   5.1600000e+02   1.2000011e+01
   5.1625000e+02   1.2000011e+01
   5.1650000e+02   1.2000011e+01
   5.1675000e+02   1.2000011e+01
   5.1700000e+02   1.2000011e+01
   5.1725000e+02   1.2000011e+01
   5.1750000e+02   1.2000011e+01
   5.1775000e+02   1.2000011e+01
   5.1800000e+02   1.2000011e+01
   5.1825000e+02   1.2000011e+01
   5.1850000e+02   1.2000010e+01
   5.1875000e+02   1.2000010e+01
   5.1900000e+02   1.2000010e+01
   5.1925000e+02   1.2000010e+01
   5.1950000e+02   1.2000010e+01
   5.1975000e+02   1.2000010e+01
   5.2000000e+02   1.2000010e+01
   5.2025000e+02   1.2000010e+01
   5.2050000e+02   1.2000010e+01
   5.2075000e+02   1.2000010e+01
   5.2100000e+02   1.2000010e+01
   5.2125000e+02   1.2000010e+01
   5.2150000e+02   1.2000010e+01
   5.2175000e+02   1.2000009e+01
   5.2200000e+02   1.2000009e+01
   5.2225000e+02   1.2000009e+01
   5.2250000e+02   1.2000009e+01
   5.2275000e+02   1.2000009e+01
   5.2300000e+02   1.2000009e+01
   5.2325000e+02   1.2000009e+01
   5.2350000e+02   1.2000009e+01
   5.2375000e+02   1.2000009e+01
   5.2400000e+02   1.2000009e+01
   5.2425000e+02   1.2000009e+01
   5.2450000e+02   1.2000009e+01
   5.2475000e+02   1.2000009e+01
   5.2500000e+02   1.2000009e+01
   5.2525000e+02   1.2000009e+01
   5.2550000e+02   1.2000008e+01
   5.2575000e+02   1.2000008e+01
   5.2600000e+02   1.2000008e+01
   5.2625000e+02   1.2000008e+01
   5.2650000e+02   1.2000008e+01
   5.2675000e+02   1.2000008e+01
   5.2700000e+02   1.2000008e+01
   5.2725000e+02   1.2000008e+01
   5.2750000e+02   1.2000008e+01
   5.2775000e+02   1.2000008e+01
   5.2800000e+02   1.2000008e+01
   5.2825000e+02   1.2000008e+01
   5.2850000e+02   1.2000008e+01
   5.2875000e+02   1.2000008e+01
   5.2900000e+02   1.2000008e+01
   5.2925000e+02   1.2000008e+01
   5.2950000e+02   1.2000008e+01
   5.2975000e+02   1.2000007e+01
   5.3000000e+02   1.2000007e+01
   5.3025000e+02   1.2000007e+01
   5.3050000e+02   1.2000007e+01
   5.3075000e+02   1.2000007e+01
   5.3100000e+02   1.2000007e+01
   5.3125000e+02   1.2000007e+01
   5.3150000e+02   1.2000007e+01
   5.3175000e+02   1.2000007e+01
   5.3200000e+02   1.2000007e+01
   5.3225000e+02   1.2000007e+01
   5.3250000e+02   1.2000007e+01
   5.3275000e+02   1.2000007e+01
   5.3300000e+02   1.2000007e+01
   5.3325000e+02   1.2000007e+01
   5.3350000e+02   1.2000007e+01
   5.3375000e+02   1.2000007e+01
   5.3400000e+02   1.2000007e+01
   5.3425000e+02   1.2000007e+01
   5.3450000e+02   1.2000007e+01
   5.3475000e+02   1.2000006e+01
   5.3500000e+02   1.2000006e+01
   5.3525000e+02   1.2000006e+01
   5.3550000e+02   1.2000006e+01
   5.3575000e+02   1.2000006e+01
   5.3600000e+02   1.2000006e+01
   5.3625000e+02   1.2000006e+01
   5.3650000e+02   1.2000006e+01
   5.3675000e+02   1.2000006e+01
   5.3700000e+02   1.2000006e+01
   5.3725000e+02   1.2000006e+01
   5.3750000e+02   1.2000006e+01
   5.3775000e+02   1.2000006e+01
   5.3800000e+02   1.2000006e+01
   5.3825000e+02   1.2000006e+01
   5.3850000e+02   1.2000006e+01
   5.3875000e+02   1.2000006e+01
   5.3900000e+02   1.2000006e+01
   5.3925000e+02   1.2000006e+01
   5.3950000e+02   1.2000006e+01
   5.3975000e+02   1.2000006e+01
   5.4000000e+02   1.2000006e+01
   5.4025000e+02   1.2000005e+01
   5.4050000e+02   1.2000005e+01
   5.4075000e+02   1.2000005e+01
   5.4100000e+02   1.2000005e+01
   5.4125000e+02   1.2000005e+01
   5.4150000e+02   1.2000005e+01
   5.4175000e+02   1.2000005e+01
   5.4200000e+02   1.2000005e+01
   5.4225000e+02   1.2000005e+01
   5.4250000e+02   1.2000005e+01
   5.4275000e+02   1.2000005e+01
   5.4300000e+02   1.2000005e+01
   5.4325000e+02   1.2000005e+01
   5.4350000e+02   1.2000005e+01
   5.4375000e+02   1.2000005e+01
   5.4400000e+02   1.2000005e+01
   5.4425000e+02   1.2000005e+01
   5.4450000e+02   1.2000005e+01
   5.4475000e+02   1.2000005e+01
   5.4500000e+02   1.2000005e+01
   5.4525000e+02   1.2000005e+01
   5.4550000e+02   1.2000005e+01
   5.4575000e+02   1.2000005e+01
   5.4600000e+02   1.2000005e+01
   5.4625000e+02   1.2000005e+01
   5.4650000e+02   1.2000005e+01
   5.4675000e+02   1.2000005e+01
   5.4700000e+02   1.2000004e+01
   5.4725000e+02   1.2000004e+01
   5.4750000e+02   1.2000004e+01
   5.4775000e+02   1.2000004e+01
   5.4800000e+02   1.2000004e+01
   5.4825000e+02   1.2000004e+01
   5.4850000e+02   1.2000004e+01
   5.4875000e+02   1.2000004e+01
   5.4900000e+02   1.2000004e+01
   5.4925000e+02   1.2000004e+01
   5.4950000e+02   1.2000004e+01
   5.4975000e+02   1.2000004e+01
   5.5000000e+02   1.2000004e+01
   5.5025000e+02   1.2000004e+01
   5.5050000e+02   1.2000004e+01
   5.5075000e+02   1.2000004e+01
   5.5100000e+02   1.2000004e+01
   5.5125000e+02   1.2000004e+01
   5.5150000e+02   1.2000004e+01
   5.5175000e+02   1.2000004e+01
   5.5200000e+02   1.2000004e+01
   5.5225000e+02   1.2000004e+01
   5.5250000e+02   1.2000004e+01
   5.5275000e+02   1.2000004e+01
   5.5300000e+02   1.2000004e+01
   5.5325000e+02   1.2000004e+01
   5.5350000e+02   1.2000004e+01
   5.5375000e+02   1.2000004e+01
   5.5400000e+02   1.2000004e+01
   5.5425000e+02   1.2000004e+01
   5.5450000e+02   1.2000004e+01
   5.5475000e+02   1.2000004e+01
   5.5500000e+02   1.2000004e+01
   5.5525000e+02   1.2000004e+01
   5.5550000e+02   1.2000003e+01
   5.5575000e+02   1.2000003e+01
   5.5600000e+02   1.2000003e+01
   5.5625000e+02   1.2000003e+01
   5.5650000e+02   1.2000003e+01
   5.5675000e+02   1.2000003e+01
   5.5700000e+02   1.2000003e+01
   5.5725000e+02   1.2000003e+01
   5.5750000e+02   1.2000003e+01
   5.5775000e+02   1.2000003e+01
   5.5800000e+02   1.2000003e+01
   5.5825000e+02   1.2000003e+01
   5.5850000e+02   1.2000003e+01
   5.5875000e+02   1.2000003e+01
   5.5900000e+02   1.2000003e+01
   5.5925000e+02   1.2000003e+01
   5.5950000e+02   1.2000003e+01
   5.5975000e+02   1.2000003e+01
   5.6000000e+02   1.2000003e+01
   5.6025000e+02   1.2000003e+01
   5.6050000e+02   1.2000003e+01
   5.6075000e+02   1.2000003e+01
   5.6100000e+02   1.2000003e+01
   5.6125000e+02   1.2000003e+01
   5.6150000e+02   1.2000003e+01
   5.6175000e+02   1.2000003e+01
   5.6200000e+02   1.2000003e+01
   5.6225000e+02   1.2000003e+01
   5.6250000e+02   1.2000003e+01
   5.6275000e+02   1.2000003e+01
   5.6300000e+02   1.2000003e+01
   5.6325000e+02   1.2000003e+01
   5.6350000e+02   1.2000003e+01
   5.6375000e+02   1.2000003e+01
   5.6400000e+02   1.2000003e+01
   5.6425000e+02   1.2000003e+01
   5.6450000e+02   1.2000003e+01
   5.6475000e+02   1.2000003e+01
   5.6500000e+02   1.2000003e+01
   5.6525000e+02   1.2000003e+01
   5.6550000e+02   1.2000003e+01
   5.6575000e+02   1.2000003e+01
   5.6600000e+02   1.2000003e+01
   5.6625000e+02   1.2000003e+01
   5.6650000e+02   1.2000003e+01
   5.6675000e+02   1.2000002e+01
   5.6700000e+02   1.2000002e+01
   5.6725000e+02   1.2000002e+01
   5.6750000e+02   1.2000002e+01
   5.6775000e+02   1.2000002e+01
   5.6800000e+02   1.2000002e+01
   5.6825000e+02   1.2000002e+01
   5.6850000e+02   1.2000002e+01
   5.6875000e+02   1.2000002e+01
   5.6900000e+02   1.2000002e+01
   5.6925000e+02   1.2000002e+01
   5.6950000e+02   1.2000002e+01
   5.6975000e+02   1.2000002e+01
   5.7000000e+02   1.2000002e+01
   5.7025000e+02   1.2000002e+01
   5.7050000e+02   1.2000002e+01
   5.7075000e+02   1.2000002e+01
   5.7100000e+02   1.2000002e+01
   5.7125000e+02   1.2000002e+01
   5.7150000e+02   1.2000002e+01
   5.7175000e+02   1.2000002e+01
   5.7200000e+02   1.2000002e+01
   5.7225000e+02   1.2000002e+01
   5.7250000e+02   1.2000002e+01
   5.7275000e+02   1.2000002e+01
   5.7300000e+02   1.2000002e+01
   5.7325000e+02   1.2000002e+01
   5.7350000e+02   1.2000002e+01
   5.7375000e+02   1.2000002e+01
   5.7400000e+02   1.2000002e+01
   5.7425000e+02   1.2000002e+01
   5.7450000e+02   1.2000002e+01
   5.7475000e+02   1.2000002e+01
   5.7500000e+02   1.2000002e+01
   5.7525000e+02   1.2000002e+01
   5.7550000e+02   1.2000002e+01
   5.7575000e+02   1.2000002e+01
   5.7600000e+02   1.2000002e+01
   5.7625000e+02   1.2000002e+01
   5.7650000e+02   1.2000002e+01
   5.7675000e+02   1.2000002e+01
   5.7700000e+02   1.2000002e+01
   5.7725000e+02   1.2000002e+01
   5.7750000e+02   1.2000002e+01
   5.7775000e+02   1.2000002e+01
   5.7800000e+02   1.2000002e+01
   5.7825000e+02   1.2000002e+01
   5.7850000e+02   1.2000002e+01
   5.7875000e+02   1.2000002e+01
   5.7900000e+02   1.2000002e+01
   5.7925000e+02   1.2000002e+01
   5.7950000e+02   1.2000002e+01
   5.7975000e+02   1.2000002e+01
   5.8000000e+02   1.2000002e+01
   5.8025000e+02   1.2000002e+01
   5.8050000e+02   1.2000002e+01
   5.8075000e+02   1.2000002e+01
   5.8100000e+02   1.2000002e+01
   5.8125000e+02   1.2000002e+01
   5.8150000e+02   1.2000002e+01
   5.8175000e+02   1.2000002e+01
   5.8200000e+02   1.2000002e+01
   5.8225000e+02   1.2000002e+01
   5.8250000e+02   1.2000002e+01
   5.8275000e+02   1.2000002e+01
   5.8300000e+02   1.2000002e+01
   5.8325000e+02   1.2000002e+01
   5.8350000e+02   1.2000002e+01
   5.8375000e+02   1.2000002e+01
   5.8400000e+02   1.2000001e+01
   5.8425000e+02   1.2000001e+01
   5.8450000e+02   1.2000001e+01
   5.8475000e+02   1.2000001e+01
   5.8500000e+02   1.2000001e+01
   5.8525000e+02   1.2000001e+01
   5.8550000e+02   1.2000001e+01
   5.8575000e+02   1.2000001e+01
   5.8600000e+02   1.2000001e+01
   5.8625000e+02   1.2000001e+01
   5.8650000e+02   1.2000001e+01
   5.8675000e+02   1.2000001e+01
   5.8700000e+02   1.2000001e+01
   5.8725000e+02   1.2000001e+01
   5.8750000e+02   1.2000001e+01
   5.8775000e+02   1.2000001e+01
   5.8800000e+02   1.2000001e+01
   5.8825000e+02   1.2000001e+01
   5.8850000e+02   1.2000001e+01
   5.8875000e+02   1.2000001e+01
   5.8900000e+02   1.2000001e+01
   5.8925000e+02   1.2000001e+01
   5.8950000e+02   1.2000001e+01
   5.8975000e+02   1.2000001e+01
   5.9000000e+02   1.2000001e+01
   5.9025000e+02   1.2000001e+01
   5.9050000e+02   1.2000001e+01
   5.9075000e+02   1.2000001e+01
   5.9100000e+02   1.2000001e+01
   5.9125000e+02   1.2000001e+01
   5.9150000e+02   1.2000001e+01
   5.9175000e+02   1.2000001e+01
   5.9200000e+02   1.2000001e+01
   5.9225000e+02   1.2000001e+01
   5.9250000e+02   1.2000001e+01
   5.9275000e+02   1.2000001e+01
   5.9300000e+02   1.2000001e+01
   5.9325000e+02   1.2000001e+01
   5.9350000e+02   1.2000001e+01
   5.9375000e+02   1.2000001e+01
   5.9400000e+02   1.2000001e+01
   5.9425000e+02   1.2000001e+01
   5.9450000e+02   1.2000001e+01
   5.9475000e+02   1.2000001e+01
   5.9500000e+02   1.2000001e+01
   5.9525000e+02   1.2000001e+01
   5.9550000e+02   1.2000001e+01
   5.9575000e+02   1.2000001e+01
   5.9600000e+02   1.2000001e+01
   5.9625000e+02   1.2000001e+01
   5.9650000e+02   1.2000001e+01
   5.9675000e+02   1.2000001e+01
   5.9700000e+02   1.2000001e+01
   5.9725000e+02   1.2000001e+01
   5.9750000e+02   1.2000001e+01
   5.9775000e+02   1.2000001e+01
   5.9800000e+02   1.2000001e+01
   5.9825000e+02   1.2000001e+01
   5.9850000e+02   1.2000001e+01
   5.9875000e+02   1.2000001e+01
   5.9900000e+02   1.2000001e+01
   5.9925000e+02   1.2000001e+01
   5.9950000e+02   1.2000001e+01
   5.9975000e+02   1.2000001e+01
   6.0000000e+02   1.2000001e+01
