   0.0000000e+00   6.7684211e+01
   2.5000000e-01   6.7385686e+01
   5.0000000e-01   6.7088885e+01
   7.5000000e-01   6.6793799e+01
   1.0000000e+00   6.6500417e+01
   1.2500000e+00   6.6208730e+01
   1.5000000e+00   6.5918727e+01
   1.7500000e+00   6.5630400e+01
   2.0000000e+00   6.5343738e+01
   2.2500000e+00   6.5058732e+01
   2.5000000e+00   6.4775371e+01
   2.7500000e+00   6.4493648e+01
   3.0000000e+00   6.4213552e+01
   3.2500000e+00   6.3935073e+01
   3.5000000e+00   6.3658203e+01
   3.7500000e+00   6.3382932e+01
   4.0000000e+00   6.3109251e+01
   4.2500000e+00   6.2837151e+01
   4.5000000e+00   6.2566623e+01
   4.7500000e+00   6.2297657e+01
   5.0000000e+00   6.2030245e+01
   5.2500000e+00   6.1764377e+01
   5.5000000e+00   6.1500045e+01
   5.7500000e+00   6.1237239e+01
   6.0000000e+00   6.0975952e+01
   6.2500000e+00   6.0716173e+01
   6.5000000e+00   6.0457896e+01
   6.7500000e+00   6.0201109e+01
   7.0000000e+00   5.9945807e+01
   7.2500000e+00   5.9691978e+01
   7.5000000e+00   5.9439616e+01
   7.7500000e+00   5.9188712e+01
   8.0000000e+00   5.8939256e+01
   8.2500000e+00   5.8691242e+01
   8.5000000e+00   5.8444660e+01
   8.7500000e+00   5.8199502e+01
   9.0000000e+00   5.7955761e+01
   9.2500000e+00   5.7713427e+01
   9.5000000e+00   5.7472493e+01
   9.7500000e+00   5.7232950e+01
   1.0000000e+01   5.6994791e+01
   1.0250000e+01   5.6758008e+01
   1.0500000e+01   5.6522592e+01
   1.0750000e+01   5.6288536e+01
   1.1000000e+01   5.6055832e+01
   1.1250000e+01   5.5824472e+01
   1.1500000e+01   5.5594448e+01
   1.1750000e+01   5.5365753e+01
   1.2000000e+01   5.5138379e+01
   1.2250000e+01   5.4912318e+01
   1.2500000e+01   5.4687563e+01
   1.2750000e+01   5.4464106e+01
   1.3000000e+01   5.4241940e+01
   1.3250000e+01   5.4021057e+01
   1.3500000e+01   5.3801450e+01
   1.3750000e+01   5.3583111e+01
   1.4000000e+01   5.3366033e+01
   1.4250000e+01   5.3150209e+01
   1.4500000e+01   5.2935632e+01
   1.4750000e+01   5.2722294e+01
   1.5000000e+01   5.2510188e+01
   1.5250000e+01   5.2299308e+01
   1.5500000e+01   5.2089645e+01
   1.5750000e+01   5.1881194e+01
   1.6000000e+01   5.1673946e+01
   1.6250000e+01   5.1467896e+01
   1.6500000e+01   5.1263035e+01
   1.6750000e+01   5.1059358e+01
   1.7000000e+01   5.0856858e+01
   1.7250000e+01   5.0655526e+01
   1.7500000e+01   5.0455358e+01
   1.7750000e+01   5.0256346e+01
   1.8000000e+01   5.0058484e+01
   1.8250000e+01   4.9861764e+01
   1.8500000e+01   4.9666181e+01
   1.8750000e+01   4.9471727e+01
   1.9000000e+01   4.9278396e+01
   1.9250000e+01   4.9086182e+01
   1.9500000e+01   4.8895079e+01
   1.9750000e+01   4.8705079e+01
   2.0000000e+01   4.8516176e+01
   2.0250000e+01   4.8328365e+01
   2.0500000e+01   4.8141638e+01
   2.0750000e+01   4.7955990e+01
   2.1000000e+01   4.7771414e+01
   2.1250000e+01   4.7587905e+01
   2.1500000e+01   4.7405455e+01
   2.1750000e+01   4.7224059e+01
   2.2000000e+01   4.7043711e+01
   2.2250000e+01   4.6864404e+01
   2.2500000e+01   4.6686133e+01
   2.2750000e+01   4.6508892e+01
   2.3000000e+01   4.6332675e+01
   2.3250000e+01   4.6157475e+01
   2.3500000e+01   4.5983287e+01
   2.3750000e+01   4.5810106e+01
   2.4000000e+01   4.5637924e+01
   2.4250000e+01   4.5466738e+01
   2.4500000e+01   4.5296539e+01
   2.4750000e+01   4.5127324e+01
   2.5000000e+01   4.4959087e+01
   2.5250000e+01   4.4791821e+01
   2.5500000e+01   4.4625521e+01
   2.5750000e+01   4.4460182e+01
   2.6000000e+01   4.4295798e+01
   2.6250000e+01   4.4132363e+01
   2.6500000e+01   4.3969872e+01
   2.6750000e+01   4.3808320e+01
   2.7000000e+01   4.3647701e+01
   2.7250000e+01   4.3488009e+01
   2.7500000e+01   4.3329240e+01
   2.7750000e+01   4.3171388e+01
   2.8000000e+01   4.3014448e+01
   2.8250000e+01   4.2858414e+01
   2.8500000e+01   4.2703282e+01
   2.8750000e+01   4.2549045e+01
   2.9000000e+01   4.2395700e+01
   2.9250000e+01   4.2243240e+01
   2.9500000e+01   4.2091661e+01
   2.9750000e+01   4.1940957e+01
   3.0000000e+01   4.1791123e+01
   3.0250000e+01   4.1642155e+01
   3.0500000e+01   4.1494048e+01
   3.0750000e+01   4.1346796e+01
   3.1000000e+01   4.1200394e+01
   3.1250000e+01   4.1054839e+01
   3.1500000e+01   4.0910123e+01
   3.1750000e+01   4.0766244e+01
   3.2000000e+01   4.0623196e+01
   3.2250000e+01   4.0480974e+01
   3.2500000e+01   4.0339573e+01
   3.2750000e+01   4.0198989e+01
   3.3000000e+01   4.0059217e+01
   3.3250000e+01   3.9920253e+01
   3.3500000e+01   3.9782091e+01
   3.3750000e+01   3.9644727e+01
   3.4000000e+01   3.9508157e+01
   3.4250000e+01   3.9372375e+01
   3.4500000e+01   3.9237378e+01
   3.4750000e+01   3.9103160e+01
   3.5000000e+01   3.8969718e+01
   3.5250000e+01   3.8837046e+01
   3.5500000e+01   3.8705141e+01
   3.5750000e+01   3.8573997e+01
   3.6000000e+01   3.8443611e+01
   3.6250000e+01   3.8313978e+01
   3.6500000e+01   3.8185094e+01
   3.6750000e+01   3.8056954e+01
   3.7000000e+01   3.7929555e+01
   3.7250000e+01   3.7802891e+01
   3.7500000e+01   3.7676959e+01
   3.7750000e+01   3.7551754e+01
   3.8000000e+01   3.7427272e+01
   3.8250000e+01   3.7303510e+01
   3.8500000e+01   3.7180462e+01
   3.8750000e+01   3.7058125e+01
   3.9000000e+01   3.6936495e+01
   3.9250000e+01   3.6815567e+01
   3.9500000e+01   3.6695337e+01
   3.9750000e+01   3.6575802e+01
   4.0000000e+01   3.6456958e+01
   4.0250000e+01   3.6338800e+01
   4.0500000e+01   3.6221324e+01
   4.0750000e+01   3.6104527e+01
   4.1000000e+01   3.5988404e+01
   4.1250000e+01   3.5872953e+01
   4.1500000e+01   3.5758168e+01
   4.1750000e+01   3.5644046e+01
   4.2000000e+01   3.5530583e+01
   4.2250000e+01   3.5417776e+01
   4.2500000e+01   3.5305620e+01
   4.2750000e+01   3.5194112e+01
   4.3000000e+01   3.5083248e+01
   4.3250000e+01   3.4973024e+01
   4.3500000e+01   3.4863437e+01
   4.3750000e+01   3.4754483e+01
   4.4000000e+01   3.4646158e+01
   4.4250000e+01   3.4538459e+01
   4.4500000e+01   3.4431382e+01
   4.4750000e+01   3.4324924e+01
   4.5000000e+01   3.4219080e+01
   4.5250000e+01   3.4113848e+01
   4.5500000e+01   3.4009223e+01
   4.5750000e+01   3.3905203e+01
   4.6000000e+01   3.3801784e+01
   4.6250000e+01   3.3698962e+01
   4.6500000e+01   3.3596734e+01
   4.6750000e+01   3.3495096e+01
   4.7000000e+01   3.3394046e+01
   4.7250000e+01   3.3293579e+01
   4.7500000e+01   3.3193692e+01
   4.7750000e+01   3.3094382e+01
   4.8000000e+01   3.2995646e+01
   4.8250000e+01   3.2897480e+01
   4.8500000e+01   3.2799882e+01
   4.8750000e+01   3.2702847e+01
   4.9000000e+01   3.2606372e+01
   4.9250000e+01   3.2510455e+01
   4.9500000e+01   3.2415091e+01
   4.9750000e+01   3.2320279e+01
   5.0000000e+01   3.2226014e+01
   5.0250000e+01   3.2132293e+01
   5.0500000e+01   3.2039114e+01
   5.0750000e+01   3.1946473e+01
   5.1000000e+01   3.1854367e+01
   5.1250000e+01   3.1762794e+01
   5.1500000e+01   3.1671749e+01
   5.1750000e+01   3.1581230e+01
   5.2000000e+01   3.1491233e+01
   5.2250000e+01   3.1401757e+01
   5.2500000e+01   3.1312797e+01
   5.2750000e+01   3.1224352e+01
   5.3000000e+01   3.1136417e+01
   5.3250000e+01   3.1048990e+01
   5.3500000e+01   3.0962068e+01
   5.3750000e+01   3.0875648e+01
   5.4000000e+01   3.0789727e+01
   5.4250000e+01   3.0704302e+01
   5.4500000e+01   3.0619371e+01
   5.4750000e+01   3.0534931e+01
   5.5000000e+01   3.0450978e+01
   5.5250000e+01   3.0367510e+01
   5.5500000e+01   3.0284524e+01
   5.5750000e+01   3.0202018e+01
   5.6000000e+01   3.0119988e+01
   5.6250000e+01   3.0038431e+01
   5.6500000e+01   2.9957346e+01
   5.6750000e+01   2.9876730e+01
   5.7000000e+01   2.9796578e+01
   5.7250000e+01   2.9716890e+01
   5.7500000e+01   2.9637662e+01
   5.7750000e+01   2.9558892e+01
   5.8000000e+01   2.9480577e+01
   5.8250000e+01   2.9402714e+01
   5.8500000e+01   2.9325301e+01
   5.8750000e+01   2.9248334e+01
   5.9000000e+01   2.9171813e+01
   5.9250000e+01   2.9095733e+01
   5.9500000e+01   2.9020093e+01
   5.9750000e+01   2.8944890e+01
   6.0000000e+01   2.8870121e+01
   6.0250000e+01   2.8795784e+01
   6.0500000e+01   2.8721876e+01
   6.0750000e+01   2.8648396e+01
   6.1000000e+01   2.8575339e+01
   6.1250000e+01   2.8502705e+01
   6.1500000e+01   2.8430490e+01
   6.1750000e+01   2.8358692e+01
   6.2000000e+01   2.8287309e+01
   6.2250000e+01   2.8216339e+01
   6.2500000e+01   2.8145778e+01
   6.2750000e+01   2.8075624e+01
   6.3000000e+01   2.8005876e+01
   6.3250000e+01   2.7936531e+01
   6.3500000e+01   2.7867587e+01
   6.3750000e+01   2.7799040e+01
   6.4000000e+01   2.7730890e+01
   6.4250000e+01   2.7663133e+01
   6.4500000e+01   2.7595767e+01
   6.4750000e+01   2.7528791e+01
   6.5000000e+01   2.7462201e+01
   6.5250000e+01   2.7395996e+01
   6.5500000e+01   2.7330174e+01
   6.5750000e+01   2.7264731e+01
   6.6000000e+01   2.7199667e+01
   6.6250000e+01   2.7134978e+01
   6.6500000e+01   2.7070663e+01
   6.6750000e+01   2.7006720e+01
   6.7000000e+01   2.6943146e+01
   6.7250000e+01   2.6879939e+01
   6.7500000e+01   2.6817097e+01
   6.7750000e+01   2.6754618e+01
   6.8000000e+01   2.6692500e+01
   6.8250000e+01   2.6630741e+01
   6.8500000e+01   2.6569338e+01
   6.8750000e+01   2.6508291e+01
   6.9000000e+01   2.6447595e+01
   6.9250000e+01   2.6387251e+01
   6.9500000e+01   2.6327255e+01
   6.9750000e+01   2.6267605e+01
   7.0000000e+01   2.6208300e+01
   7.0250000e+01   2.6149337e+01
   7.0500000e+01   2.6090716e+01
   7.0750000e+01   2.6032432e+01
   7.1000000e+01   2.5974485e+01
   7.1250000e+01   2.5916873e+01
   7.1500000e+01   2.5859594e+01
   7.1750000e+01   2.5802646e+01
   7.2000000e+01   2.5746026e+01
   7.2250000e+01   2.5689734e+01
   7.2500000e+01   2.5633767e+01
   7.2750000e+01   2.5578123e+01
   7.3000000e+01   2.5522800e+01
   7.3250000e+01   2.5467797e+01
   7.3500000e+01   2.5413111e+01
   7.3750000e+01   2.5358742e+01
   7.4000000e+01   2.5304686e+01
   7.4250000e+01   2.5250943e+01
   7.4500000e+01   2.5197510e+01
   7.4750000e+01   2.5144386e+01
   7.5000000e+01   2.5091569e+01
   7.5250000e+01   2.5039056e+01
   7.5500000e+01   2.4986847e+01
   7.5750000e+01   2.4934940e+01
   7.6000000e+01   2.4883332e+01
   7.6250000e+01   2.4832022e+01
   7.6500000e+01   2.4781009e+01
   7.6750000e+01   2.4730291e+01
   7.7000000e+01   2.4679865e+01
   7.7250000e+01   2.4629731e+01
   7.7500000e+01   2.4579886e+01
   7.7750000e+01   2.4530329e+01
   7.8000000e+01   2.4481058e+01
   7.8250000e+01   2.4432072e+01
   7.8500000e+01   2.4383369e+01
   7.8750000e+01   2.4334947e+01
   7.9000000e+01   2.4286805e+01
   7.9250000e+01   2.4238941e+01
   7.9500000e+01   2.4191354e+01
   7.9750000e+01   2.4144041e+01
   8.0000000e+01   2.4097001e+01
   8.0250000e+01   2.4050234e+01
   8.0500000e+01   2.4003736e+01
   8.0750000e+01   2.3957507e+01
   8.1000000e+01   2.3911545e+01
   8.1250000e+01   2.3865848e+01
   8.1500000e+01   2.3820416e+01
   8.1750000e+01   2.3775245e+01
   8.2000000e+01   2.3730336e+01
   8.2250000e+01   2.3685686e+01
   8.2500000e+01   2.3641294e+01
   8.2750000e+01   2.3597158e+01
   8.3000000e+01   2.3553278e+01
   8.3250000e+01   2.3509650e+01
   8.3500000e+01   2.3466275e+01
   8.3750000e+01   2.3423150e+01
   8.4000000e+01   2.3380275e+01
   8.4250000e+01   2.3337647e+01
   8.4500000e+01   2.3295265e+01
   8.4750000e+01   2.3253128e+01
   8.5000000e+01   2.3211234e+01
   8.5250000e+01   2.3169583e+01
   8.5500000e+01   2.3128172e+01
   8.5750000e+01   2.3087000e+01
   8.6000000e+01   2.3046066e+01
   8.6250000e+01   2.3005368e+01
   8.6500000e+01   2.2964905e+01
   8.6750000e+01   2.2924677e+01
   8.7000000e+01   2.2884680e+01
   8.7250000e+01   2.2844915e+01
   8.7500000e+01   2.2805379e+01
   8.7750000e+01   2.2766071e+01
   8.8000000e+01   2.2726991e+01
   8.8250000e+01   2.2688136e+01
   8.8500000e+01   2.2649506e+01
   8.8750000e+01   2.2611099e+01
   8.9000000e+01   2.2572914e+01
   8.9250000e+01   2.2534949e+01
   8.9500000e+01   2.2497203e+01
   8.9750000e+01   2.2459676e+01
   9.0000000e+01   2.2422365e+01
   9.0250000e+01   2.2385270e+01
   9.0500000e+01   2.2348389e+01
   9.0750000e+01   2.2311721e+01
   9.1000000e+01   2.2275265e+01
   9.1250000e+01   2.2239020e+01
   9.1500000e+01   2.2202983e+01
   9.1750000e+01   2.2167155e+01
   9.2000000e+01   2.2131534e+01
   9.2250000e+01   2.2096119e+01
   9.2500000e+01   2.2060908e+01
   9.2750000e+01   2.2025901e+01
   9.3000000e+01   2.1991095e+01
   9.3250000e+01   2.1956491e+01
   9.3500000e+01   2.1922087e+01
   9.3750000e+01   2.1887881e+01
   9.4000000e+01   2.1853873e+01
   9.4250000e+01   2.1820062e+01
   9.4500000e+01   2.1786445e+01
   9.4750000e+01   2.1753023e+01
   9.5000000e+01   2.1719794e+01
   9.5250000e+01   2.1686757e+01
   9.5500000e+01   2.1653911e+01
   9.5750000e+01   2.1621254e+01
   9.6000000e+01   2.1588786e+01
   9.6250000e+01   2.1556505e+01
   9.6500000e+01   2.1524411e+01
   9.6750000e+01   2.1492503e+01
   9.7000000e+01   2.1460778e+01
   9.7250000e+01   2.1429237e+01
   9.7500000e+01   2.1397878e+01
   9.7750000e+01   2.1366701e+01
   9.8000000e+01   2.1335703e+01
   9.8250000e+01   2.1304884e+01
   9.8500000e+01   2.1274243e+01
   9.8750000e+01   2.1243780e+01
   9.9000000e+01   2.1213492e+01
   9.9250000e+01   2.1183379e+01
   9.9500000e+01   2.1153440e+01
   9.9750000e+01   2.1123674e+01
   1.0000000e+02   2.1094080e+01
   1.0025000e+02   2.1064657e+01
   1.0050000e+02   2.1035404e+01
   1.0075000e+02   2.1006320e+01
   1.0100000e+02   2.0977404e+01
   1.0125000e+02   2.0948655e+01
   1.0150000e+02   2.0920071e+01
   1.0175000e+02   2.0891653e+01
   1.0200000e+02   2.0863400e+01
   1.0225000e+02   2.0835309e+01
   1.0250000e+02   2.0807380e+01
   1.0275000e+02   2.0779613e+01
   1.0300000e+02   2.0752007e+01
   1.0325000e+02   2.0724559e+01
   1.0350000e+02   2.0697271e+01
   1.0375000e+02   2.0670139e+01
   1.0400000e+02   2.0643165e+01
   1.0425000e+02   2.0616346e+01
   1.0450000e+02   2.0589683e+01
   1.0475000e+02   2.0563173e+01
   1.0500000e+02   2.0536816e+01
   1.0525000e+02   2.0510612e+01
   1.0550000e+02   2.0484559e+01
   1.0575000e+02   2.0458656e+01
   1.0600000e+02   2.0432903e+01
   1.0625000e+02   2.0407299e+01
   1.0650000e+02   2.0381843e+01
   1.0675000e+02   2.0356534e+01
   1.0700000e+02   2.0331371e+01
   1.0725000e+02   2.0306353e+01
   1.0750000e+02   2.0281480e+01
   1.0775000e+02   2.0256750e+01
   1.0800000e+02   2.0232163e+01
   1.0825000e+02   2.0207719e+01
   1.0850000e+02   2.0183415e+01
   1.0875000e+02   2.0159252e+01
   1.0900000e+02   2.0135228e+01
   1.0925000e+02   2.0111344e+01
   1.0950000e+02   2.0087597e+01
   1.0975000e+02   2.0063987e+01
   1.1000000e+02   2.0040514e+01
   1.1025000e+02   2.0017176e+01
   1.1050000e+02   1.9993973e+01
   1.1075000e+02   1.9970904e+01
   1.1100000e+02   1.9947968e+01
   1.1125000e+02   1.9925165e+01
   1.1150000e+02   1.9902494e+01
   1.1175000e+02   1.9879953e+01
   1.1200000e+02   1.9857543e+01
   1.1225000e+02   1.9835262e+01
   1.1250000e+02   1.9813110e+01
   1.1275000e+02   1.9791085e+01
   1.1300000e+02   1.9769188e+01
   1.1325000e+02   1.9747418e+01
   1.1350000e+02   1.9725773e+01
   1.1375000e+02   1.9704253e+01
   1.1400000e+02   1.9682857e+01
   1.1425000e+02   1.9661585e+01
   1.1450000e+02   1.9640436e+01
   1.1475000e+02   1.9619409e+01
   1.1500000e+02   1.9598504e+01
   1.1525000e+02   1.9577719e+01
   1.1550000e+02   1.9557055e+01
   1.1575000e+02   1.9536509e+01
   1.1600000e+02   1.9516083e+01
   1.1625000e+02   1.9495774e+01
   1.1650000e+02   1.9475582e+01
   1.1675000e+02   1.9455508e+01
   1.1700000e+02   1.9435549e+01
   1.1725000e+02   1.9415705e+01
   1.1750000e+02   1.9395977e+01
   1.1775000e+02   1.9376362e+01
   1.1800000e+02   1.9356860e+01
   1.1825000e+02   1.9337471e+01
   1.1850000e+02   1.9318194e+01
   1.1875000e+02   1.9299028e+01
   1.1900000e+02   1.9279973e+01
   1.1925000e+02   1.9261028e+01
   1.1950000e+02   1.9242193e+01
   1.1975000e+02   1.9223466e+01
   1.2000000e+02   1.9204848e+01
   1.2025000e+02   1.9186337e+01
   1.2050000e+02   1.9167932e+01
   1.2075000e+02   1.9149635e+01
   1.2100000e+02   1.9131443e+01
   1.2125000e+02   1.9113356e+01
   1.2150000e+02   1.9095373e+01
   1.2175000e+02   1.9077494e+01
   1.2200000e+02   1.9059719e+01
   1.2225000e+02   1.9042046e+01
   1.2250000e+02   1.9024476e+01
   1.2275000e+02   1.9007006e+01
   1.2300000e+02   1.8989638e+01
   1.2325000e+02   1.8972370e+01
   1.2350000e+02   1.8955202e+01
   1.2375000e+02   1.8938133e+01
   1.2400000e+02   1.8921162e+01
   1.2425000e+02   1.8904290e+01
   1.2450000e+02   1.8887515e+01
   1.2475000e+02   1.8870837e+01
   1.2500000e+02   1.8854255e+01
   1.2525000e+02   1.8837769e+01
   1.2550000e+02   1.8821378e+01
   1.2575000e+02   1.8805082e+01
   1.2600000e+02   1.8788880e+01
   1.2625000e+02   1.8772772e+01
   1.2650000e+02   1.8756756e+01
   1.2675000e+02   1.8740834e+01
   1.2700000e+02   1.8725003e+01
   1.2725000e+02   1.8709263e+01
   1.2750000e+02   1.8693615e+01
   1.2775000e+02   1.8678057e+01
   1.2800000e+02   1.8662588e+01
   1.2825000e+02   1.8647209e+01
   1.2850000e+02   1.8631919e+01
   1.2875000e+02   1.8616717e+01
   1.2900000e+02   1.8601603e+01
   1.2925000e+02   1.8586577e+01
   1.2950000e+02   1.8571637e+01
   1.2975000e+02   1.8556783e+01
   1.3000000e+02   1.8542015e+01
   1.3025000e+02   1.8527333e+01
   1.3050000e+02   1.8512735e+01
   1.3075000e+02   1.8498222e+01
   1.3100000e+02   1.8483792e+01
   1.3125000e+02   1.8469446e+01
   1.3150000e+02   1.8455183e+01
   1.3175000e+02   1.8441002e+01
   1.3200000e+02   1.8426902e+01
   1.3225000e+02   1.8412885e+01
   1.3250000e+02   1.8398948e+01
   1.3275000e+02   1.8385092e+01
   1.3300000e+02   1.8371316e+01
   1.3325000e+02   1.8357619e+01
   1.3350000e+02   1.8344002e+01
   1.3375000e+02   1.8330463e+01
   1.3400000e+02   1.8317002e+01
   1.3425000e+02   1.8303620e+01
   1.3450000e+02   1.8290314e+01
   1.3475000e+02   1.8277085e+01
   1.3500000e+02   1.8263933e+01
   1.3525000e+02   1.8250857e+01
   1.3550000e+02   1.8237856e+01
   1.3575000e+02   1.8224930e+01
   1.3600000e+02   1.8212079e+01
   1.3625000e+02   1.8199302e+01
   1.3650000e+02   1.8186599e+01
   1.3675000e+02   1.8173970e+01
   1.3700000e+02   1.8161413e+01
   1.3725000e+02   1.8148929e+01
   1.3750000e+02   1.8136517e+01
   1.3775000e+02   1.8124176e+01
   1.3800000e+02   1.8111907e+01
   1.3825000e+02   1.8099709e+01
   1.3850000e+02   1.8087581e+01
   1.3875000e+02   1.8075523e+01
   1.3900000e+02   1.8063535e+01
   1.3925000e+02   1.8051616e+01
   1.3950000e+02   1.8039766e+01
   1.3975000e+02   1.8027985e+01
   1.4000000e+02   1.8016271e+01
   1.4025000e+02   1.8004625e+01
   1.4050000e+02   1.7993047e+01
   1.4075000e+02   1.7981535e+01
   1.4100000e+02   1.7970090e+01
   1.4125000e+02   1.7958711e+01
   1.4150000e+02   1.7947397e+01
   1.4175000e+02   1.7936149e+01
   1.4200000e+02   1.7924966e+01
   1.4225000e+02   1.7913848e+01
   1.4250000e+02   1.7902793e+01
   1.4275000e+02   1.7891803e+01
   1.4300000e+02   1.7880876e+01
   1.4325000e+02   1.7870012e+01
   1.4350000e+02   1.7859211e+01
   1.4375000e+02   1.7848473e+01
   1.4400000e+02   1.7837796e+01
   1.4425000e+02   1.7827181e+01
   1.4450000e+02   1.7816627e+01
   1.4475000e+02   1.7806134e+01
   1.4500000e+02   1.7795702e+01
   1.4525000e+02   1.7785330e+01
   1.4550000e+02   1.7775019e+01
   1.4575000e+02   1.7764766e+01
   1.4600000e+02   1.7754573e+01
   1.4625000e+02   1.7744439e+01
   1.4650000e+02   1.7734363e+01
   1.4675000e+02   1.7724345e+01
   1.4700000e+02   1.7714386e+01
   1.4725000e+02   1.7704483e+01
   1.4750000e+02   1.7694638e+01
   1.4775000e+02   1.7684850e+01
   1.4800000e+02   1.7675119e+01
   1.4825000e+02   1.7665443e+01
   1.4850000e+02   1.7655824e+01
   1.4875000e+02   1.7646260e+01
   1.4900000e+02   1.7636751e+01
   1.4925000e+02   1.7627297e+01
   1.4950000e+02   1.7617898e+01
   1.4975000e+02   1.7608553e+01
   1.5000000e+02   1.7599262e+01
   1.5025000e+02   1.7590025e+01
   1.5050000e+02   1.7580841e+01
   1.5075000e+02   1.7571711e+01
   1.5100000e+02   1.7562632e+01
   1.5125000e+02   1.7553607e+01
   1.5150000e+02   1.7544633e+01
   1.5175000e+02   1.7535712e+01
   1.5200000e+02   1.7526841e+01
   1.5225000e+02   1.7518022e+01
   1.5250000e+02   1.7509254e+01
   1.5275000e+02   1.7500537e+01
   1.5300000e+02   1.7491870e+01
   1.5325000e+02   1.7483253e+01
   1.5350000e+02   1.7474686e+01
   1.5375000e+02   1.7466168e+01
   1.5400000e+02   1.7457700e+01
   1.5425000e+02   1.7449280e+01
   1.5450000e+02   1.7440909e+01
   1.5475000e+02   1.7432587e+01
   1.5500000e+02   1.7424312e+01
   1.5525000e+02   1.7416085e+01
   1.5550000e+02   1.7407906e+01
   1.5575000e+02   1.7399774e+01
   1.5600000e+02   1.7391689e+01
   1.5625000e+02   1.7383651e+01
   1.5650000e+02   1.7375659e+01
   1.5675000e+02   1.7367713e+01
   1.5700000e+02   1.7359813e+01
   1.5725000e+02   1.7351959e+01
   1.5750000e+02   1.7344150e+01
   1.5775000e+02   1.7336387e+01
   1.5800000e+02   1.7328668e+01
   1.5825000e+02   1.7320993e+01
   1.5850000e+02   1.7313363e+01
   1.5875000e+02   1.7305778e+01
   1.5900000e+02   1.7298235e+01
   1.5925000e+02   1.7290737e+01
   1.5950000e+02   1.7283282e+01
   1.5975000e+02   1.7275870e+01
   1.6000000e+02   1.7268500e+01
   1.6025000e+02   1.7261173e+01
   1.6050000e+02   1.7253889e+01
   1.6075000e+02   1.7246647e+01
   1.6100000e+02   1.7239446e+01
   1.6125000e+02   1.7232287e+01
   1.6150000e+02   1.7225169e+01
   1.6175000e+02   1.7218093e+01
   1.6200000e+02   1.7211057e+01
   1.6225000e+02   1.7204062e+01
   1.6250000e+02   1.7197108e+01
   1.6275000e+02   1.7190193e+01
   1.6300000e+02   1.7183319e+01
   1.6325000e+02   1.7176484e+01
   1.6350000e+02   1.7169689e+01
   1.6375000e+02   1.7162933e+01
   1.6400000e+02   1.7156216e+01
   1.6425000e+02   1.7149537e+01
   1.6450000e+02   1.7142898e+01
   1.6475000e+02   1.7136296e+01
   1.6500000e+02   1.7129733e+01
   1.6525000e+02   1.7123208e+01
   1.6550000e+02   1.7116720e+01
   1.6575000e+02   1.7110270e+01
   1.6600000e+02   1.7103858e+01
   1.6625000e+02   1.7097482e+01
   1.6650000e+02   1.7091143e+01
   1.6675000e+02   1.7084840e+01
   1.6700000e+02   1.7078574e+01
   1.6725000e+02   1.7072345e+01
   1.6750000e+02   1.7066151e+01
   1.6775000e+02   1.7059993e+01
   1.6800000e+02   1.7053870e+01
   1.6825000e+02   1.7047783e+01
   1.6850000e+02   1.7041731e+01
   1.6875000e+02   1.7035714e+01
   1.6900000e+02   1.7029732e+01
   1.6925000e+02   1.7023784e+01
   1.6950000e+02   1.7017871e+01
   1.6975000e+02   1.7011992e+01
   1.7000000e+02   1.7006147e+01
   1.7025000e+02   1.7000335e+01
   1.7050000e+02   1.6994557e+01
   1.7075000e+02   1.6988813e+01
   1.7100000e+02   1.6983102e+01
   1.7125000e+02   1.6977423e+01
   1.7150000e+02   1.6971778e+01
   1.7175000e+02   1.6966165e+01
   1.7200000e+02   1.6960584e+01
   1.7225000e+02   1.6955036e+01
   1.7250000e+02   1.6949520e+01
   1.7275000e+02   1.6944035e+01
   1.7300000e+02   1.6938583e+01
   1.7325000e+02   1.6933162e+01
   1.7350000e+02   1.6927772e+01
   1.7375000e+02   1.6922413e+01
   1.7400000e+02   1.6917085e+01
   1.7425000e+02   1.6911788e+01
   1.7450000e+02   1.6906522e+01
   1.7475000e+02   1.6901286e+01
   1.7500000e+02   1.6896080e+01
   1.7525000e+02   1.6890904e+01
   1.7550000e+02   1.6885758e+01
   1.7575000e+02   1.6880642e+01
   1.7600000e+02   1.6875556e+01
   1.7625000e+02   1.6870499e+01
   1.7650000e+02   1.6865471e+01
   1.7675000e+02   1.6860472e+01
   1.7700000e+02   1.6855502e+01
   1.7725000e+02   1.6850560e+01
   1.7750000e+02   1.6845648e+01
   1.7775000e+02   1.6840763e+01
   1.7800000e+02   1.6835907e+01
   1.7825000e+02   1.6831079e+01
   1.7850000e+02   1.6826279e+01
   1.7875000e+02   1.6821506e+01
   1.7900000e+02   1.6816761e+01
   1.7925000e+02   1.6812044e+01
   1.7950000e+02   1.6807353e+01
   1.7975000e+02   1.6802690e+01
   1.8000000e+02   1.6798054e+01
   1.8025000e+02   1.6793444e+01
   1.8050000e+02   1.6788861e+01
   1.8075000e+02   1.6784305e+01
   1.8100000e+02   1.6779775e+01
   1.8125000e+02   1.6775271e+01
   1.8150000e+02   1.6770793e+01
   1.8175000e+02   1.6766341e+01
   1.8200000e+02   1.6761915e+01
   1.8225000e+02   1.6757514e+01
   1.8250000e+02   1.6753138e+01
   1.8275000e+02   1.6748788e+01
   1.8300000e+02   1.6744463e+01
   1.8325000e+02   1.6740163e+01
   1.8350000e+02   1.6735888e+01
   1.8375000e+02   1.6731638e+01
   1.8400000e+02   1.6727412e+01
   1.8425000e+02   1.6723210e+01
   1.8450000e+02   1.6719033e+01
   1.8475000e+02   1.6714880e+01
   1.8500000e+02   1.6710751e+01
   1.8525000e+02   1.6706646e+01
   1.8550000e+02   1.6702564e+01
   1.8575000e+02   1.6698506e+01
   1.8600000e+02   1.6694472e+01
   1.8625000e+02   1.6690461e+01
   1.8650000e+02   1.6686472e+01
   1.8675000e+02   1.6682507e+01
   1.8700000e+02   1.6678565e+01
   1.8725000e+02   1.6674646e+01
   1.8750000e+02   1.6670749e+01
   1.8775000e+02   1.6666875e+01
   1.8800000e+02   1.6663023e+01
   1.8825000e+02   1.6659194e+01
   1.8850000e+02   1.6655386e+01
   1.8875000e+02   1.6651601e+01
   1.8900000e+02   1.6647837e+01
   1.8925000e+02   1.6644095e+01
   1.8950000e+02   1.6640375e+01
   1.8975000e+02   1.6636676e+01
   1.9000000e+02   1.6632999e+01
   1.9025000e+02   1.6629343e+01
   1.9050000e+02   1.6625708e+01
   1.9075000e+02   1.6622094e+01
   1.9100000e+02   1.6618500e+01
   1.9125000e+02   1.6614928e+01
   1.9150000e+02   1.6611376e+01
   1.9175000e+02   1.6607845e+01
   1.9200000e+02   1.6604334e+01
   1.9225000e+02   1.6600843e+01
   1.9250000e+02   1.6597373e+01
   1.9275000e+02   1.6593923e+01
   1.9300000e+02   1.6590492e+01
   1.9325000e+02   1.6587082e+01
   1.9350000e+02   1.6583691e+01
   1.9375000e+02   1.6580319e+01
   1.9400000e+02   1.6576967e+01
   1.9425000e+02   1.6573635e+01
   1.9450000e+02   1.6570322e+01
   1.9475000e+02   1.6567027e+01
   1.9500000e+02   1.6563752e+01
   1.9525000e+02   1.6560496e+01
   1.9550000e+02   1.6557259e+01
   1.9575000e+02   1.6554040e+01
   1.9600000e+02   1.6550840e+01
   1.9625000e+02   1.6547658e+01
   1.9650000e+02   1.6544495e+01
   1.9675000e+02   1.6541350e+01
   1.9700000e+02   1.6538223e+01
   1.9725000e+02   1.6535115e+01
   1.9750000e+02   1.6532024e+01
   1.9775000e+02   1.6528951e+01
   1.9800000e+02   1.6525896e+01
   1.9825000e+02   1.6522858e+01
   1.9850000e+02   1.6519838e+01
   1.9875000e+02   1.6516836e+01
   1.9900000e+02   1.6513850e+01
   1.9925000e+02   1.6510882e+01
   1.9950000e+02   1.6507932e+01
   1.9975000e+02   1.6504998e+01
   2.0000000e+02   1.6502081e+01
   2.0025000e+02   1.6499181e+01
   2.0050000e+02   1.6496298e+01
   2.0075000e+02   1.6493431e+01
   2.0100000e+02   1.6490581e+01
   2.0125000e+02   1.6487747e+01
   2.0150000e+02   1.6484930e+01
   2.0175000e+02   1.6482129e+01
   2.0200000e+02   1.6479345e+01
   2.0225000e+02   1.6476576e+01
   2.0250000e+02   1.6473823e+01
   2.0275000e+02   1.6471087e+01
   2.0300000e+02   1.6468366e+01
   2.0325000e+02   1.6465660e+01
   2.0350000e+02   1.6462971e+01
   2.0375000e+02   1.6460297e+01
   2.0400000e+02   1.6457638e+01
   2.0425000e+02   1.6454995e+01
   2.0450000e+02   1.6452367e+01
   2.0475000e+02   1.6449754e+01
   2.0500000e+02   1.6447156e+01
   2.0525000e+02   1.6444573e+01
   2.0550000e+02   1.6442005e+01
   2.0575000e+02   1.6439452e+01
   2.0600000e+02   1.6436914e+01
   2.0625000e+02   1.6434391e+01
   2.0650000e+02   1.6431882e+01
   2.0675000e+02   1.6429387e+01
   2.0700000e+02   1.6426907e+01
   2.0725000e+02   1.6424441e+01
   2.0750000e+02   1.6421990e+01
   2.0775000e+02   1.6419552e+01
   2.0800000e+02   1.6417129e+01
   2.0825000e+02   1.6414720e+01
   2.0850000e+02   1.6412324e+01
   2.0875000e+02   1.6409943e+01
   2.0900000e+02   1.6407575e+01
   2.0925000e+02   1.6405221e+01
   2.0950000e+02   1.6402880e+01
   2.0975000e+02   1.6400553e+01
   2.1000000e+02   1.6398240e+01
   2.1025000e+02   1.6395939e+01
   2.1050000e+02   1.6393653e+01
   2.1075000e+02   1.6391379e+01
   2.1100000e+02   1.6389118e+01
   2.1125000e+02   1.6386871e+01
   2.1150000e+02   1.6384636e+01
   2.1175000e+02   1.6382415e+01
   2.1200000e+02   1.6380206e+01
   2.1225000e+02   1.6378010e+01
   2.1250000e+02   1.6375826e+01
   2.1275000e+02   1.6373656e+01
   2.1300000e+02   1.6371497e+01
   2.1325000e+02   1.6369352e+01
   2.1350000e+02   1.6367218e+01
   2.1375000e+02   1.6365097e+01
   2.1400000e+02   1.6362988e+01
   2.1425000e+02   1.6360892e+01
   2.1450000e+02   1.6358807e+01
   2.1475000e+02   1.6356735e+01
   2.1500000e+02   1.6354674e+01
   2.1525000e+02   1.6352626e+01
   2.1550000e+02   1.6350589e+01
   2.1575000e+02   1.6348564e+01
   2.1600000e+02   1.6346551e+01
   2.1625000e+02   1.6344549e+01
   2.1650000e+02   1.6342559e+01
   2.1675000e+02   1.6340580e+01
   2.1700000e+02   1.6338613e+01
   2.1725000e+02   1.6336658e+01
   2.1750000e+02   1.6334713e+01
   2.1775000e+02   1.6332780e+01
   2.1800000e+02   1.6330858e+01
   2.1825000e+02   1.6328947e+01
   2.1850000e+02   1.6327047e+01
   2.1875000e+02   1.6325158e+01
   2.1900000e+02   1.6323280e+01
   2.1925000e+02   1.6321412e+01
   2.1950000e+02   1.6319556e+01
   2.1975000e+02   1.6317710e+01
   2.2000000e+02   1.6315875e+01
   2.2025000e+02   1.6314051e+01
   2.2050000e+02   1.6312237e+01
   2.2075000e+02   1.6310433e+01
   2.2100000e+02   1.6308640e+01
   2.2125000e+02   1.6306857e+01
   2.2150000e+02   1.6305085e+01
   2.2175000e+02   1.6303323e+01
   2.2200000e+02   1.6301571e+01
   2.2225000e+02   1.6299829e+01
   2.2250000e+02   1.6298097e+01
   2.2275000e+02   1.6296375e+01
   2.2300000e+02   1.6294664e+01
   2.2325000e+02   1.6292962e+01
   2.2350000e+02   1.6291270e+01
   2.2375000e+02   1.6289587e+01
   2.2400000e+02   1.6287915e+01
   2.2425000e+02   1.6286252e+01
   2.2450000e+02   1.6284598e+01
   2.2475000e+02   1.6282954e+01
   2.2500000e+02   1.6281320e+01
   2.2525000e+02   1.6279695e+01
   2.2550000e+02   1.6278080e+01
   2.2575000e+02   1.6276473e+01
   2.2600000e+02   1.6274877e+01
   2.2625000e+02   1.6273289e+01
   2.2650000e+02   1.6271710e+01
   2.2675000e+02   1.6270141e+01
   2.2700000e+02   1.6268581e+01
   2.2725000e+02   1.6267029e+01
   2.2750000e+02   1.6265487e+01
   2.2775000e+02   1.6263954e+01
   2.2800000e+02   1.6262429e+01
   2.2825000e+02   1.6260913e+01
   2.2850000e+02   1.6259406e+01
   2.2875000e+02   1.6257908e+01
   2.2900000e+02   1.6256418e+01
   2.2925000e+02   1.6254937e+01
   2.2950000e+02   1.6253465e+01
   2.2975000e+02   1.6252001e+01
   2.3000000e+02   1.6250545e+01
   2.3025000e+02   1.6249098e+01
   2.3050000e+02   1.6247659e+01
   2.3075000e+02   1.6246229e+01
   2.3100000e+02   1.6244807e+01
   2.3125000e+02   1.6243393e+01
   2.3150000e+02   1.6241987e+01
   2.3175000e+02   1.6240589e+01
   2.3200000e+02   1.6239199e+01
   2.3225000e+02   1.6237818e+01
   2.3250000e+02   1.6236444e+01
   2.3275000e+02   1.6235079e+01
   2.3300000e+02   1.6233721e+01
   2.3325000e+02   1.6232371e+01
   2.3350000e+02   1.6231029e+01
   2.3375000e+02   1.6229694e+01
   2.3400000e+02   1.6228368e+01
   2.3425000e+02   1.6227049e+01
   2.3450000e+02   1.6225737e+01
   2.3475000e+02   1.6224433e+01
   2.3500000e+02   1.6223137e+01
   2.3525000e+02   1.6221848e+01
   2.3550000e+02   1.6220567e+01
   2.3575000e+02   1.6219293e+01
   2.3600000e+02   1.6218026e+01
   2.3625000e+02   1.6216767e+01
   2.3650000e+02   1.6215515e+01
   2.3675000e+02   1.6214270e+01
   2.3700000e+02   1.6213032e+01
   2.3725000e+02   1.6211802e+01
   2.3750000e+02   1.6210579e+01
   2.3775000e+02   1.6209362e+01
   2.3800000e+02   1.6208153e+01
   2.3825000e+02   1.6206951e+01
   2.3850000e+02   1.6205755e+01
   2.3875000e+02   1.6204567e+01
   2.3900000e+02   1.6203385e+01
   2.3925000e+02   1.6202211e+01
   2.3950000e+02   1.6201043e+01
   2.3975000e+02   1.6199881e+01
   2.4000000e+02   1.6198727e+01
   2.4025000e+02   1.6197579e+01
   2.4050000e+02   1.6196438e+01
   2.4075000e+02   1.6195303e+01
   2.4100000e+02   1.6194175e+01
   2.4125000e+02   1.6193054e+01
   2.4150000e+02   1.6191939e+01
   2.4175000e+02   1.6190830e+01
   2.4200000e+02   1.6189728e+01
   2.4225000e+02   1.6188632e+01
   2.4250000e+02   1.6187542e+01
   2.4275000e+02   1.6186459e+01
   2.4300000e+02   1.6185382e+01
   2.4325000e+02   1.6184311e+01
   2.4350000e+02   1.6183247e+01
   2.4375000e+02   1.6182188e+01
   2.4400000e+02   1.6181136e+01
   2.4425000e+02   1.6180090e+01
   2.4450000e+02   1.6179050e+01
   2.4475000e+02   1.6178016e+01
   2.4500000e+02   1.6176987e+01
   2.4525000e+02   1.6175965e+01
   2.4550000e+02   1.6174949e+01
   2.4575000e+02   1.6173938e+01
   2.4600000e+02   1.6172934e+01
   2.4625000e+02   1.6171935e+01
   2.4650000e+02   1.6170942e+01
   2.4675000e+02   1.6169954e+01
   2.4700000e+02   1.6168973e+01
   2.4725000e+02   1.6167997e+01
   2.4750000e+02   1.6167026e+01
   2.4775000e+02   1.6166062e+01
   2.4800000e+02   1.6165102e+01
   2.4825000e+02   1.6164149e+01
   2.4850000e+02   1.6163201e+01
   2.4875000e+02   1.6162258e+01
   2.4900000e+02   1.6161321e+01
   2.4925000e+02   1.6160389e+01
   2.4950000e+02   1.6159463e+01
   2.4975000e+02   1.6158542e+01
   2.5000000e+02   1.6157626e+01
   2.5025000e+02   1.6156715e+01
   2.5050000e+02   1.6155810e+01
   2.5075000e+02   1.6154910e+01
   2.5100000e+02   1.6154016e+01
   2.5125000e+02   1.6153126e+01
   2.5150000e+02   1.6152242e+01
   2.5175000e+02   1.6151362e+01
   2.5200000e+02   1.6150488e+01
   2.5225000e+02   1.6149619e+01
   2.5250000e+02   1.6148755e+01
   2.5275000e+02   1.6147895e+01
   2.5300000e+02   1.6147041e+01
   2.5325000e+02   1.6146192e+01
   2.5350000e+02   1.6145347e+01
   2.5375000e+02   1.6144508e+01
   2.5400000e+02   1.6143673e+01
   2.5425000e+02   1.6142843e+01
   2.5450000e+02   1.6142018e+01
   2.5475000e+02   1.6141198e+01
   2.5500000e+02   1.6140383e+01
   2.5525000e+02   1.6139572e+01
   2.5550000e+02   1.6138766e+01
   2.5575000e+02   1.6137964e+01
   2.5600000e+02   1.6137167e+01
   2.5625000e+02   1.6136375e+01
   2.5650000e+02   1.6135587e+01
   2.5675000e+02   1.6134804e+01
   2.5700000e+02   1.6134025e+01
   2.5725000e+02   1.6133251e+01
   2.5750000e+02   1.6132482e+01
   2.5775000e+02   1.6131716e+01
   2.5800000e+02   1.6130956e+01
   2.5825000e+02   1.6130199e+01
   2.5850000e+02   1.6129447e+01
   2.5875000e+02   1.6128700e+01
   2.5900000e+02   1.6127956e+01
   2.5925000e+02   1.6127217e+01
   2.5950000e+02   1.6126482e+01
   2.5975000e+02   1.6125752e+01
   2.6000000e+02   1.6125025e+01
   2.6025000e+02   1.6124303e+01
   2.6050000e+02   1.6123585e+01
   2.6075000e+02   1.6122872e+01
   2.6100000e+02   1.6122162e+01
   2.6125000e+02   1.6121456e+01
   2.6150000e+02   1.6120755e+01
   2.6175000e+02   1.6120057e+01
   2.6200000e+02   1.6119364e+01
   2.6225000e+02   1.6118674e+01
   2.6250000e+02   1.6117989e+01
   2.6275000e+02   1.6117307e+01
   2.6300000e+02   1.6116630e+01
   2.6325000e+02   1.6115956e+01
   2.6350000e+02   1.6115286e+01
   2.6375000e+02   1.6114621e+01
   2.6400000e+02   1.6113959e+01
   2.6425000e+02   1.6113300e+01
   2.6450000e+02   1.6112646e+01
   2.6475000e+02   1.6111995e+01
   2.6500000e+02   1.6111348e+01
   2.6525000e+02   1.6110705e+01
   2.6550000e+02   1.6110066e+01
   2.6575000e+02   1.6109430e+01
   2.6600000e+02   1.6108798e+01
   2.6625000e+02   1.6108170e+01
   2.6650000e+02   1.6107545e+01
   2.6675000e+02   1.6106924e+01
   2.6700000e+02   1.6106306e+01
   2.6725000e+02   1.6105692e+01
   2.6750000e+02   1.6105082e+01
   2.6775000e+02   1.6104475e+01
   2.6800000e+02   1.6103871e+01
   2.6825000e+02   1.6103271e+01
   2.6850000e+02   1.6102675e+01
   2.6875000e+02   1.6102082e+01
   2.6900000e+02   1.6101492e+01
   2.6925000e+02   1.6100906e+01
   2.6950000e+02   1.6100323e+01
   2.6975000e+02   1.6099744e+01
   2.7000000e+02   1.6099167e+01
   2.7025000e+02   1.6098595e+01
   2.7050000e+02   1.6098025e+01
   2.7075000e+02   1.6097459e+01
   2.7100000e+02   1.6096896e+01
   2.7125000e+02   1.6096336e+01
   2.7150000e+02   1.6095780e+01
   2.7175000e+02   1.6095227e+01
   2.7200000e+02   1.6094677e+01
   2.7225000e+02   1.6094130e+01
   2.7250000e+02   1.6093586e+01
   2.7275000e+02   1.6093046e+01
   2.7300000e+02   1.6092508e+01
   2.7325000e+02   1.6091974e+01
   2.7350000e+02   1.6091443e+01
   2.7375000e+02   1.6090915e+01
   2.7400000e+02   1.6090389e+01
   2.7425000e+02   1.6089867e+01
   2.7450000e+02   1.6089348e+01
   2.7475000e+02   1.6088832e+01
   2.7500000e+02   1.6088319e+01
   2.7525000e+02   1.6087809e+01
   2.7550000e+02   1.6087302e+01
   2.7575000e+02   1.6086798e+01
   2.7600000e+02   1.6086296e+01
   2.7625000e+02   1.6085798e+01
   2.7650000e+02   1.6085302e+01
   2.7675000e+02   1.6084810e+01
   2.7700000e+02   1.6084320e+01
   2.7725000e+02   1.6083833e+01
   2.7750000e+02   1.6083348e+01
   2.7775000e+02   1.6082867e+01
   2.7800000e+02   1.6082388e+01
   2.7825000e+02   1.6081912e+01
   2.7850000e+02   1.6081439e+01
   2.7875000e+02   1.6080969e+01
   2.7900000e+02   1.6080501e+01
   2.7925000e+02   1.6080036e+01
   2.7950000e+02   1.6079574e+01
   2.7975000e+02   1.6079114e+01
   2.8000000e+02   1.6078657e+01
   2.8025000e+02   1.6078203e+01
   2.8050000e+02   1.6077751e+01
   2.8075000e+02   1.6077302e+01
   2.8100000e+02   1.6076856e+01
   2.8125000e+02   1.6076412e+01
   2.8150000e+02   1.6075971e+01
   2.8175000e+02   1.6075532e+01
   2.8200000e+02   1.6075096e+01
   2.8225000e+02   1.6074662e+01
   2.8250000e+02   1.6074231e+01
   2.8275000e+02   1.6073802e+01
   2.8300000e+02   1.6073376e+01
   2.8325000e+02   1.6072952e+01
   2.8350000e+02   1.6072530e+01
   2.8375000e+02   1.6072111e+01
   2.8400000e+02   1.6071695e+01
   2.8425000e+02   1.6071281e+01
   2.8450000e+02   1.6070869e+01
   2.8475000e+02   1.6070460e+01
   2.8500000e+02   1.6070053e+01
   2.8525000e+02   1.6069648e+01
   2.8550000e+02   1.6069246e+01
   2.8575000e+02   1.6068846e+01
   2.8600000e+02   1.6068448e+01
   2.8625000e+02   1.6068053e+01
   2.8650000e+02   1.6067660e+01
   2.8675000e+02   1.6067269e+01
   2.8700000e+02   1.6066881e+01
   2.8725000e+02   1.6066494e+01
   2.8750000e+02   1.6066110e+01
   2.8775000e+02   1.6065728e+01
   2.8800000e+02   1.6065349e+01
   2.8825000e+02   1.6064971e+01
   2.8850000e+02   1.6064596e+01
   2.8875000e+02   1.6064223e+01
   2.8900000e+02   1.6063852e+01
   2.8925000e+02   1.6063483e+01
   2.8950000e+02   1.6063116e+01
   2.8975000e+02   1.6062752e+01
   2.9000000e+02   1.6062389e+01
   2.9025000e+02   1.6062029e+01
   2.9050000e+02   1.6061671e+01
   2.9075000e+02   1.6061315e+01
   2.9100000e+02   1.6060960e+01
   2.9125000e+02   1.6060608e+01
   2.9150000e+02   1.6060258e+01
   2.9175000e+02   1.6059910e+01
   2.9200000e+02   1.6059564e+01
   2.9225000e+02   1.6059220e+01
   2.9250000e+02   1.6058878e+01
   2.9275000e+02   1.6058538e+01
   2.9300000e+02   1.6058200e+01
   2.9325000e+02   1.6057864e+01
   2.9350000e+02   1.6057529e+01
   2.9375000e+02   1.6057197e+01
   2.9400000e+02   1.6056867e+01
   2.9425000e+02   1.6056538e+01
   2.9450000e+02   1.6056212e+01
   2.9475000e+02   1.6055887e+01
   2.9500000e+02   1.6055564e+01
   2.9525000e+02   1.6055243e+01
   2.9550000e+02   1.6054924e+01
   2.9575000e+02   1.6054607e+01
   2.9600000e+02   1.6054292e+01
   2.9625000e+02   1.6053978e+01
   2.9650000e+02   1.6053666e+01
   2.9675000e+02   1.6053356e+01
   2.9700000e+02   1.6053048e+01
   2.9725000e+02   1.6052742e+01
   2.9750000e+02   1.6052437e+01
   2.9775000e+02   1.6052134e+01
   2.9800000e+02   1.6051833e+01
   2.9825000e+02   1.6051534e+01
   2.9850000e+02   1.6051236e+01
   2.9875000e+02   1.6050940e+01
   2.9900000e+02   1.6050646e+01
   2.9925000e+02   1.6050353e+01
   2.9950000e+02   1.6050063e+01
   2.9975000e+02   1.6049773e+01
   3.0000000e+02   1.6049486e+01
   3.0025000e+02   1.6049200e+01
   3.0050000e+02   1.6048916e+01
   3.0075000e+02   1.6048633e+01
   3.0100000e+02   1.6048352e+01
   3.0125000e+02   1.6048073e+01
   3.0150000e+02   1.6047796e+01
   3.0175000e+02   1.6047519e+01
   3.0200000e+02   1.6047245e+01
   3.0225000e+02   1.6046972e+01
   3.0250000e+02   1.6046701e+01
   3.0275000e+02   1.6046431e+01
   3.0300000e+02   1.6046163e+01
   3.0325000e+02   1.6045896e+01
   3.0350000e+02   1.6045631e+01
   3.0375000e+02   1.6045368e+01
   3.0400000e+02   1.6045106e+01
   3.0425000e+02   1.6044845e+01
   3.0450000e+02   1.6044586e+01
   3.0475000e+02   1.6044328e+01
   3.0500000e+02   1.6044072e+01
   3.0525000e+02   1.6043818e+01
   3.0550000e+02   1.6043565e+01
   3.0575000e+02   1.6043313e+01
   3.0600000e+02   1.6043063e+01
   3.0625000e+02   1.6042814e+01
   3.0650000e+02   1.6042567e+01
   3.0675000e+02   1.6042321e+01
   3.0700000e+02   1.6042077e+01
   3.0725000e+02   1.6041834e+01
   3.0750000e+02   1.6041592e+01
   3.0775000e+02   1.6041352e+01
   3.0800000e+02   1.6041113e+01
   3.0825000e+02   1.6040875e+01
   3.0850000e+02   1.6040639e+01
   3.0875000e+02   1.6040405e+01
   3.0900000e+02   1.6040171e+01
   3.0925000e+02   1.6039939e+01
   3.0950000e+02   1.6039709e+01
   3.0975000e+02   1.6039479e+01
   3.1000000e+02   1.6039251e+01
   3.1025000e+02   1.6039024e+01
   3.1050000e+02   1.6038799e+01
   3.1075000e+02   1.6038575e+01
   3.1100000e+02   1.6038352e+01
   3.1125000e+02   1.6038131e+01
   3.1150000e+02   1.6037910e+01
   3.1175000e+02   1.6037691e+01
   3.1200000e+02   1.6037474e+01
   3.1225000e+02   1.6037257e+01
   3.1250000e+02   1.6037042e+01
   3.1275000e+02   1.6036828e+01
   3.1300000e+02   1.6036615e+01
   3.1325000e+02   1.6036404e+01
   3.1350000e+02   1.6036194e+01
   3.1375000e+02   1.6035985e+01
   3.1400000e+02   1.6035777e+01
   3.1425000e+02   1.6035570e+01
   3.1450000e+02   1.6035365e+01
   3.1475000e+02   1.6035160e+01
   3.1500000e+02   1.6034957e+01
   3.1525000e+02   1.6034755e+01
   3.1550000e+02   1.6034555e+01
   3.1575000e+02   1.6034355e+01
   3.1600000e+02   1.6034157e+01
   3.1625000e+02   1.6033959e+01
   3.1650000e+02   1.6033763e+01
   3.1675000e+02   1.6033568e+01
   3.1700000e+02   1.6033374e+01
   3.1725000e+02   1.6033182e+01
   3.1750000e+02   1.6032990e+01
   3.1775000e+02   1.6032799e+01
   3.1800000e+02   1.6032610e+01
   3.1825000e+02   1.6032422e+01
   3.1850000e+02   1.6032234e+01
   3.1875000e+02   1.6032048e+01
   3.1900000e+02   1.6031863e+01
   3.1925000e+02   1.6031679e+01
   3.1950000e+02   1.6031496e+01
   3.1975000e+02   1.6031314e+01
   3.2000000e+02   1.6031133e+01
   3.2025000e+02   1.6030953e+01
   3.2050000e+02   1.6030775e+01
   3.2075000e+02   1.6030597e+01
   3.2100000e+02   1.6030420e+01
   3.2125000e+02   1.6030244e+01
   3.2150000e+02   1.6030070e+01
   3.2175000e+02   1.6029896e+01
   3.2200000e+02   1.6029723e+01
   3.2225000e+02   1.6029552e+01
   3.2250000e+02   1.6029381e+01
   3.2275000e+02   1.6029211e+01
   3.2300000e+02   1.6029043e+01
   3.2325000e+02   1.6028875e+01
   3.2350000e+02   1.6028708e+01
   3.2375000e+02   1.6028542e+01
   3.2400000e+02   1.6028377e+01
   3.2425000e+02   1.6028213e+01
   3.2450000e+02   1.6028050e+01
   3.2475000e+02   1.6027888e+01
   3.2500000e+02   1.6027727e+01
   3.2525000e+02   1.6027567e+01
   3.2550000e+02   1.6027408e+01
   3.2575000e+02   1.6027250e+01
   3.2600000e+02   1.6027092e+01
   3.2625000e+02   1.6026936e+01
   3.2650000e+02   1.6026780e+01
   3.2675000e+02   1.6026626e+01
   3.2700000e+02   1.6026472e+01
   3.2725000e+02   1.6026319e+01
   3.2750000e+02   1.6026167e+01
   3.2775000e+02   1.6026016e+01
   3.2800000e+02   1.6025865e+01
   3.2825000e+02   1.6025716e+01
   3.2850000e+02   1.6025568e+01
   3.2875000e+02   1.6025420e+01
   3.2900000e+02   1.6025273e+01
   3.2925000e+02   1.6025127e+01
   3.2950000e+02   1.6024982e+01
   3.2975000e+02   1.6024838e+01
   3.3000000e+02   1.6024694e+01
   3.3025000e+02   1.6024552e+01
   3.3050000e+02   1.6024410e+01
   3.3075000e+02   1.6024269e+01
   3.3100000e+02   1.6024129e+01
   3.3125000e+02   1.6023989e+01
   3.3150000e+02   1.6023851e+01
   3.3175000e+02   1.6023713e+01
   3.3200000e+02   1.6023576e+01
   3.3225000e+02   1.6023440e+01
   3.3250000e+02   1.6023304e+01
   3.3275000e+02   1.6023170e+01
   3.3300000e+02   1.6023036e+01
   3.3325000e+02   1.6022903e+01
   3.3350000e+02   1.6022771e+01
   3.3375000e+02   1.6022639e+01
   3.3400000e+02   1.6022508e+01
   3.3425000e+02   1.6022378e+01
   3.3450000e+02   1.6022249e+01
   3.3475000e+02   1.6022121e+01
   3.3500000e+02   1.6021993e+01
   3.3525000e+02   1.6021866e+01
   3.3550000e+02   1.6021739e+01
   3.3575000e+02   1.6021614e+01
   3.3600000e+02   1.6021489e+01
   3.3625000e+02   1.6021365e+01
   3.3650000e+02   1.6021241e+01
   3.3675000e+02   1.6021119e+01
   3.3700000e+02   1.6020997e+01
   3.3725000e+02   1.6020876e+01
   3.3750000e+02   1.6020755e+01
   3.3775000e+02   1.6020635e+01
   3.3800000e+02   1.6020516e+01
   3.3825000e+02   1.6020397e+01
   3.3850000e+02   1.6020280e+01
   3.3875000e+02   1.6020162e+01
   3.3900000e+02   1.6020046e+01
   3.3925000e+02   1.6019930e+01
   3.3950000e+02   1.6019815e+01
   3.3975000e+02   1.6019701e+01
   3.4000000e+02   1.6019587e+01
   3.4025000e+02   1.6019474e+01
   3.4050000e+02   1.6019361e+01
   3.4075000e+02   1.6019249e+01
   3.4100000e+02   1.6019138e+01
   3.4125000e+02   1.6019028e+01
   3.4150000e+02   1.6018918e+01
   3.4175000e+02   1.6018809e+01
   3.4200000e+02   1.6018700e+01
   3.4225000e+02   1.6018592e+01
   3.4250000e+02   1.6018484e+01
   3.4275000e+02   1.6018378e+01
   3.4300000e+02   1.6018272e+01
   3.4325000e+02   1.6018166e+01
   3.4350000e+02   1.6018061e+01
   3.4375000e+02   1.6017957e+01
   3.4400000e+02   1.6017853e+01
   3.4425000e+02   1.6017750e+01
   3.4450000e+02   1.6017647e+01
   3.4475000e+02   1.6017546e+01
   3.4500000e+02   1.6017444e+01
   3.4525000e+02   1.6017343e+01
   3.4550000e+02   1.6017243e+01
   3.4575000e+02   1.6017144e+01
   3.4600000e+02   1.6017045e+01
   3.4625000e+02   1.6016946e+01
   3.4650000e+02   1.6016848e+01
   3.4675000e+02   1.6016751e+01
   3.4700000e+02   1.6016654e+01
   3.4725000e+02   1.6016558e+01
   3.4750000e+02   1.6016462e+01
   3.4775000e+02   1.6016367e+01
   3.4800000e+02   1.6016273e+01
   3.4825000e+02   1.6016179e+01
   3.4850000e+02   1.6016085e+01
   3.4875000e+02   1.6015992e+01
   3.4900000e+02   1.6015900e+01
   3.4925000e+02   1.6015808e+01
   3.4950000e+02   1.6015717e+01
   3.4975000e+02   1.6015626e+01
   3.5000000e+02   1.6015536e+01
   3.5025000e+02   1.6015446e+01
   3.5050000e+02   1.6015357e+01
   3.5075000e+02   1.6015268e+01
   3.5100000e+02   1.6015180e+01
   3.5125000e+02   1.6015092e+01
   3.5150000e+02   1.6015005e+01
   3.5175000e+02   1.6014919e+01
   3.5200000e+02   1.6014832e+01
   3.5225000e+02   1.6014747e+01
   3.5250000e+02   1.6014661e+01
   3.5275000e+02   1.6014577e+01
   3.5300000e+02   1.6014493e+01
   3.5325000e+02   1.6014409e+01
   3.5350000e+02   1.6014326e+01
   3.5375000e+02   1.6014243e+01
   3.5400000e+02   1.6014161e+01
   3.5425000e+02   1.6014079e+01
   3.5450000e+02   1.6013998e+01
   3.5475000e+02   1.6013917e+01
   3.5500000e+02   1.6013836e+01
   3.5525000e+02   1.6013756e+01
   3.5550000e+02   1.6013677e+01
   3.5575000e+02   1.6013598e+01
   3.5600000e+02   1.6013519e+01
   3.5625000e+02   1.6013441e+01
   3.5650000e+02   1.6013364e+01
   3.5675000e+02   1.6013287e+01
   3.5700000e+02   1.6013210e+01
   3.5725000e+02   1.6013133e+01
   3.5750000e+02   1.6013058e+01
   3.5775000e+02   1.6012982e+01
   3.5800000e+02   1.6012907e+01
   3.5825000e+02   1.6012833e+01
   3.5850000e+02   1.6012759e+01
   3.5875000e+02   1.6012685e+01
   3.5900000e+02   1.6012612e+01
   3.5925000e+02   1.6012539e+01
   3.5950000e+02   1.6012466e+01
   3.5975000e+02   1.6012394e+01
   3.6000000e+02   1.6012323e+01
   3.6025000e+02   1.6012252e+01
   3.6050000e+02   1.6012181e+01
   3.6075000e+02   1.6012110e+01
   3.6100000e+02   1.6012040e+01
   3.6125000e+02   1.6011971e+01
   3.6150000e+02   1.6011902e+01
   3.6175000e+02   1.6011833e+01
   3.6200000e+02   1.6011765e+01
   3.6225000e+02   1.6011697e+01
   3.6250000e+02   1.6011629e+01
   3.6275000e+02   1.6011562e+01
   3.6300000e+02   1.6011495e+01
   3.6325000e+02   1.6011429e+01
   3.6350000e+02   1.6011363e+01
   3.6375000e+02   1.6011297e+01
   3.6400000e+02   1.6011232e+01
   3.6425000e+02   1.6011167e+01
   3.6450000e+02   1.6011103e+01
   3.6475000e+02   1.6011038e+01
   3.6500000e+02   1.6010975e+01
   3.6525000e+02   1.6010911e+01
   3.6550000e+02   1.6010848e+01
   3.6575000e+02   1.6010786e+01
   3.6600000e+02   1.6010723e+01
   3.6625000e+02   1.6010661e+01
   3.6650000e+02   1.6010600e+01
   3.6675000e+02   1.6010539e+01
   3.6700000e+02   1.6010478e+01
   3.6725000e+02   1.6010417e+01
   3.6750000e+02   1.6010357e+01
   3.6775000e+02   1.6010297e+01
   3.6800000e+02   1.6010238e+01
   3.6825000e+02   1.6010179e+01
   3.6850000e+02   1.6010120e+01
   3.6875000e+02   1.6010061e+01
   3.6900000e+02   1.6010003e+01
   3.6925000e+02   1.6009945e+01
   3.6950000e+02   1.6009888e+01
   3.6975000e+02   1.6009831e+01
   3.7000000e+02   1.6009774e+01
   3.7025000e+02   1.6009718e+01
   3.7050000e+02   1.6009662e+01
   3.7075000e+02   1.6009606e+01
   3.7100000e+02   1.6009550e+01
   3.7125000e+02   1.6009495e+01
   3.7150000e+02   1.6009440e+01
   3.7175000e+02   1.6009386e+01
   3.7200000e+02   1.6009331e+01
   3.7225000e+02   1.6009278e+01
   3.7250000e+02   1.6009224e+01
   3.7275000e+02   1.6009171e+01
   3.7300000e+02   1.6009118e+01
   3.7325000e+02   1.6009065e+01
   3.7350000e+02   1.6009013e+01
   3.7375000e+02   1.6008961e+01
   3.7400000e+02   1.6008909e+01
   3.7425000e+02   1.6008857e+01
   3.7450000e+02   1.6008806e+01
   3.7475000e+02   1.6008755e+01
   3.7500000e+02   1.6008705e+01
   3.7525000e+02   1.6008655e+01
   3.7550000e+02   1.6008605e+01
   3.7575000e+02   1.6008555e+01
   3.7600000e+02   1.6008505e+01
   3.7625000e+02   1.6008456e+01
   3.7650000e+02   1.6008408e+01
   3.7675000e+02   1.6008359e+01
   3.7700000e+02   1.6008311e+01
   3.7725000e+02   1.6008263e+01
   3.7750000e+02   1.6008215e+01
   3.7775000e+02   1.6008168e+01
   3.7800000e+02   1.6008120e+01
   3.7825000e+02   1.6008073e+01
   3.7850000e+02   1.6008027e+01
   3.7875000e+02   1.6007980e+01
   3.7900000e+02   1.6007934e+01
   3.7925000e+02   1.6007889e+01
   3.7950000e+02   1.6007843e+01
   3.7975000e+02   1.6007798e+01
   3.8000000e+02   1.6007753e+01
   3.8025000e+02   1.6007708e+01
   3.8050000e+02   1.6007663e+01
   3.8075000e+02   1.6007619e+01
   3.8100000e+02   1.6007575e+01
   3.8125000e+02   1.6007531e+01
   3.8150000e+02   1.6007488e+01
   3.8175000e+02   1.6007445e+01
   3.8200000e+02   1.6007402e+01
   3.8225000e+02   1.6007359e+01
   3.8250000e+02   1.6007316e+01
   3.8275000e+02   1.6007274e+01
   3.8300000e+02   1.6007232e+01
   3.8325000e+02   1.6007190e+01
   3.8350000e+02   1.6007149e+01
   3.8375000e+02   1.6007107e+01
   3.8400000e+02   1.6007066e+01
   3.8425000e+02   1.6007026e+01
   3.8450000e+02   1.6006985e+01
   3.8475000e+02   1.6006945e+01
   3.8500000e+02   1.6006905e+01
   3.8525000e+02   1.6006865e+01
   3.8550000e+02   1.6006825e+01
   3.8575000e+02   1.6006786e+01
   3.8600000e+02   1.6006746e+01
   3.8625000e+02   1.6006707e+01
   3.8650000e+02   1.6006669e+01
   3.8675000e+02   1.6006630e+01
   3.8700000e+02   1.6006592e+01
   3.8725000e+02   1.6006554e+01
   3.8750000e+02   1.6006516e+01
   3.8775000e+02   1.6006478e+01
   3.8800000e+02   1.6006441e+01
   3.8825000e+02   1.6006404e+01
   3.8850000e+02   1.6006367e+01
   3.8875000e+02   1.6006330e+01
   3.8900000e+02   1.6006293e+01
   3.8925000e+02   1.6006257e+01
   3.8950000e+02   1.6006221e+01
   3.8975000e+02   1.6006185e+01
   3.9000000e+02   1.6006149e+01
   3.9025000e+02   1.6006114e+01
   3.9050000e+02   1.6006078e+01
   3.9075000e+02   1.6006043e+01
   3.9100000e+02   1.6006008e+01
   3.9125000e+02   1.6005974e+01
   3.9150000e+02   1.6005939e+01
   3.9175000e+02   1.6005905e+01
   3.9200000e+02   1.6005871e+01
   3.9225000e+02   1.6005837e+01
   3.9250000e+02   1.6005803e+01
   3.9275000e+02   1.6005770e+01
   3.9300000e+02   1.6005736e+01
   3.9325000e+02   1.6005703e+01
   3.9350000e+02   1.6005670e+01
   3.9375000e+02   1.6005637e+01
   3.9400000e+02   1.6005605e+01
   3.9425000e+02   1.6005573e+01
   3.9450000e+02   1.6005540e+01
   3.9475000e+02   1.6005508e+01
   3.9500000e+02   1.6005477e+01
   3.9525000e+02   1.6005445e+01
   3.9550000e+02   1.6005413e+01
   3.9575000e+02   1.6005382e+01
   3.9600000e+02   1.6005351e+01
   3.9625000e+02   1.6005320e+01
   3.9650000e+02   1.6005289e+01
   3.9675000e+02   1.6005259e+01
   3.9700000e+02   1.6005229e+01
   3.9725000e+02   1.6005198e+01
   3.9750000e+02   1.6005168e+01
   3.9775000e+02   1.6005138e+01
   3.9800000e+02   1.6005109e+01
   3.9825000e+02   1.6005079e+01
   3.9850000e+02   1.6005050e+01
   3.9875000e+02   1.6005021e+01
   3.9900000e+02   1.6004992e+01
   3.9925000e+02   1.6004963e+01
   3.9950000e+02   1.6004934e+01
   3.9975000e+02   1.6004906e+01
   4.0000000e+02   1.6004877e+01
   4.0025000e+02   1.6004849e+01
   4.0050000e+02   1.6004821e+01
   4.0075000e+02   1.6004793e+01
   4.0100000e+02   1.6004766e+01
   4.0125000e+02   1.6004738e+01
   4.0150000e+02   1.6004711e+01
   4.0175000e+02   1.6004684e+01
   4.0200000e+02   1.6004657e+01
   4.0225000e+02   1.6004630e+01
   4.0250000e+02   1.6004603e+01
   4.0275000e+02   1.6004576e+01
   4.0300000e+02   1.6004550e+01
   4.0325000e+02   1.6004524e+01
   4.0350000e+02   1.6004497e+01
   4.0375000e+02   1.6004472e+01
   4.0400000e+02   1.6004446e+01
   4.0425000e+02   1.6004420e+01
   4.0450000e+02   1.6004394e+01
   4.0475000e+02   1.6004369e+01
   4.0500000e+02   1.6004344e+01
   4.0525000e+02   1.6004319e+01
   4.0550000e+02   1.6004294e+01
   4.0575000e+02   1.6004269e+01
   4.0600000e+02   1.6004244e+01
   4.0625000e+02   1.6004220e+01
   4.0650000e+02   1.6004195e+01
   4.0675000e+02   1.6004171e+01
   4.0700000e+02   1.6004147e+01
   4.0725000e+02   1.6004123e+01
   4.0750000e+02   1.6004099e+01
   4.0775000e+02   1.6004076e+01
   4.0800000e+02   1.6004052e+01
   4.0825000e+02   1.6004029e+01
   4.0850000e+02   1.6004005e+01
   4.0875000e+02   1.6003982e+01
   4.0900000e+02   1.6003959e+01
   4.0925000e+02   1.6003936e+01
   4.0950000e+02   1.6003914e+01
   4.0975000e+02   1.6003891e+01
   4.1000000e+02   1.6003869e+01
   4.1025000e+02   1.6003846e+01
   4.1050000e+02   1.6003824e+01
   4.1075000e+02   1.6003802e+01
   4.1100000e+02   1.6003780e+01
   4.1125000e+02   1.6003758e+01
   4.1150000e+02   1.6003737e+01
   4.1175000e+02   1.6003715e+01
   4.1200000e+02   1.6003693e+01
   4.1225000e+02   1.6003672e+01
   4.1250000e+02   1.6003651e+01
   4.1275000e+02   1.6003630e+01
   4.1300000e+02   1.6003609e+01
   4.1325000e+02   1.6003588e+01
   4.1350000e+02   1.6003567e+01
   4.1375000e+02   1.6003547e+01
   4.1400000e+02   1.6003526e+01
   4.1425000e+02   1.6003506e+01
   4.1450000e+02   1.6003486e+01
   4.1475000e+02   1.6003465e+01
   4.1500000e+02   1.6003445e+01
   4.1525000e+02   1.6003426e+01
   4.1550000e+02   1.6003406e+01
   4.1575000e+02   1.6003386e+01
   4.1600000e+02   1.6003367e+01
   4.1625000e+02   1.6003347e+01
   4.1650000e+02   1.6003328e+01
   4.1675000e+02   1.6003309e+01
   4.1700000e+02   1.6003289e+01
   4.1725000e+02   1.6003270e+01
   4.1750000e+02   1.6003252e+01
   4.1775000e+02   1.6003233e+01
   4.1800000e+02   1.6003214e+01
   4.1825000e+02   1.6003196e+01
   4.1850000e+02   1.6003177e+01
   4.1875000e+02   1.6003159e+01
   4.1900000e+02   1.6003140e+01
   4.1925000e+02   1.6003122e+01
   4.1950000e+02   1.6003104e+01
   4.1975000e+02   1.6003086e+01
   4.2000000e+02   1.6003069e+01
   4.2025000e+02   1.6003051e+01
   4.2050000e+02   1.6003033e+01
   4.2075000e+02   1.6003016e+01
   4.2100000e+02   1.6002998e+01
   4.2125000e+02   1.6002981e+01
   4.2150000e+02   1.6002964e+01
   4.2175000e+02   1.6002947e+01
   4.2200000e+02   1.6002930e+01
   4.2225000e+02   1.6002913e+01
   4.2250000e+02   1.6002896e+01
   4.2275000e+02   1.6002879e+01
   4.2300000e+02   1.6002862e+01
   4.2325000e+02   1.6002846e+01
   4.2350000e+02   1.6002830e+01
   4.2375000e+02   1.6002813e+01
   4.2400000e+02   1.6002797e+01
   4.2425000e+02   1.6002781e+01
   4.2450000e+02   1.6002765e+01
   4.2475000e+02   1.6002749e+01
   4.2500000e+02   1.6002733e+01
   4.2525000e+02   1.6002717e+01
   4.2550000e+02   1.6002701e+01
   4.2575000e+02   1.6002686e+01
   4.2600000e+02   1.6002670e+01
   4.2625000e+02   1.6002655e+01
   4.2650000e+02   1.6002640e+01
   4.2675000e+02   1.6002624e+01
   4.2700000e+02   1.6002609e+01
   4.2725000e+02   1.6002594e+01
   4.2750000e+02   1.6002579e+01
   4.2775000e+02   1.6002564e+01
   4.2800000e+02   1.6002549e+01
   4.2825000e+02   1.6002535e+01
   4.2850000e+02   1.6002520e+01
   4.2875000e+02   1.6002505e+01
   4.2900000e+02   1.6002491e+01
   4.2925000e+02   1.6002477e+01
   4.2950000e+02   1.6002462e+01
   4.2975000e+02   1.6002448e+01
   4.3000000e+02   1.6002434e+01
   4.3025000e+02   1.6002420e+01
   4.3050000e+02   1.6002406e+01
   4.3075000e+02   1.6002392e+01
   4.3100000e+02   1.6002378e+01
   4.3125000e+02   1.6002364e+01
   4.3150000e+02   1.6002351e+01
   4.3175000e+02   1.6002337e+01
   4.3200000e+02   1.6002324e+01
   4.3225000e+02   1.6002310e+01
   4.3250000e+02   1.6002297e+01
   4.3275000e+02   1.6002284e+01
   4.3300000e+02   1.6002270e+01
   4.3325000e+02   1.6002257e+01
   4.3350000e+02   1.6002244e+01
   4.3375000e+02   1.6002231e+01
   4.3400000e+02   1.6002218e+01
   4.3425000e+02   1.6002206e+01
   4.3450000e+02   1.6002193e+01
   4.3475000e+02   1.6002180e+01
   4.3500000e+02   1.6002168e+01
   4.3525000e+02   1.6002155e+01
   4.3550000e+02   1.6002143e+01
   4.3575000e+02   1.6002130e+01
   4.3600000e+02   1.6002118e+01
   4.3625000e+02   1.6002106e+01
   4.3650000e+02   1.6002094e+01
   4.3675000e+02   1.6002082e+01
   4.3700000e+02   1.6002069e+01
   4.3725000e+02   1.6002058e+01
   4.3750000e+02   1.6002046e+01
   4.3775000e+02   1.6002034e+01
   4.3800000e+02   1.6002022e+01
   4.3825000e+02   1.6002010e+01
   4.3850000e+02   1.6001999e+01
   4.3875000e+02   1.6001987e+01
   4.3900000e+02   1.6001976e+01
   4.3925000e+02   1.6001964e+01
   4.3950000e+02   1.6001953e+01
   4.3975000e+02   1.6001942e+01
   4.4000000e+02   1.6001931e+01
   4.4025000e+02   1.6001919e+01
   4.4050000e+02   1.6001908e+01
   4.4075000e+02   1.6001897e+01
   4.4100000e+02   1.6001886e+01
   4.4125000e+02   1.6001875e+01
   4.4150000e+02   1.6001865e+01
   4.4175000e+02   1.6001854e+01
   4.4200000e+02   1.6001843e+01
   4.4225000e+02   1.6001832e+01
   4.4250000e+02   1.6001822e+01
   4.4275000e+02   1.6001811e+01
   4.4300000e+02   1.6001801e+01
   4.4325000e+02   1.6001790e+01
   4.4350000e+02   1.6001780e+01
   4.4375000e+02   1.6001770e+01
   4.4400000e+02   1.6001760e+01
   4.4425000e+02   1.6001749e+01
   4.4450000e+02   1.6001739e+01
   4.4475000e+02   1.6001729e+01
   4.4500000e+02   1.6001719e+01
   4.4525000e+02   1.6001709e+01
   4.4550000e+02   1.6001700e+01
   4.4575000e+02   1.6001690e+01
   4.4600000e+02   1.6001680e+01
   4.4625000e+02   1.6001670e+01
   4.4650000e+02   1.6001661e+01
   4.4675000e+02   1.6001651e+01
   4.4700000e+02   1.6001641e+01
   4.4725000e+02   1.6001632e+01
   4.4750000e+02   1.6001623e+01
   4.4775000e+02   1.6001613e+01
   4.4800000e+02   1.6001604e+01
   4.4825000e+02   1.6001595e+01
   4.4850000e+02   1.6001585e+01
   4.4875000e+02   1.6001576e+01
   4.4900000e+02   1.6001567e+01
   4.4925000e+02   1.6001558e+01
   4.4950000e+02   1.6001549e+01
   4.4975000e+02   1.6001540e+01
   4.5000000e+02   1.6001531e+01
   4.5025000e+02   1.6001522e+01
   4.5050000e+02   1.6001514e+01
   4.5075000e+02   1.6001505e+01
   4.5100000e+02   1.6001496e+01
   4.5125000e+02   1.6001488e+01
   4.5150000e+02   1.6001479e+01
   4.5175000e+02   1.6001470e+01
   4.5200000e+02   1.6001462e+01
   4.5225000e+02   1.6001453e+01
   4.5250000e+02   1.6001445e+01
   4.5275000e+02   1.6001437e+01
   4.5300000e+02   1.6001428e+01
   4.5325000e+02   1.6001420e+01
   4.5350000e+02   1.6001412e+01
   4.5375000e+02   1.6001404e+01
   4.5400000e+02   1.6001396e+01
   4.5425000e+02   1.6001388e+01
   4.5450000e+02   1.6001380e+01
   4.5475000e+02   1.6001372e+01
   4.5500000e+02   1.6001364e+01
   4.5525000e+02   1.6001356e+01
   4.5550000e+02   1.6001348e+01
   4.5575000e+02   1.6001340e+01
   4.5600000e+02   1.6001332e+01
   4.5625000e+02   1.6001325e+01
   4.5650000e+02   1.6001317e+01
   4.5675000e+02   1.6001310e+01
   4.5700000e+02   1.6001302e+01
   4.5725000e+02   1.6001294e+01
   4.5750000e+02   1.6001287e+01
   4.5775000e+02   1.6001280e+01
   4.5800000e+02   1.6001272e+01
   4.5825000e+02   1.6001265e+01
   4.5850000e+02   1.6001258e+01
   4.5875000e+02   1.6001250e+01
   4.5900000e+02   1.6001243e+01
   4.5925000e+02   1.6001236e+01
   4.5950000e+02   1.6001229e+01
   4.5975000e+02   1.6001222e+01
   4.6000000e+02   1.6001215e+01
   4.6025000e+02   1.6001208e+01
   4.6050000e+02   1.6001201e+01
   4.6075000e+02   1.6001194e+01
   4.6100000e+02   1.6001187e+01
   4.6125000e+02   1.6001180e+01
   4.6150000e+02   1.6001173e+01
   4.6175000e+02   1.6001166e+01
   4.6200000e+02   1.6001160e+01
   4.6225000e+02   1.6001153e+01
   4.6250000e+02   1.6001146e+01
   4.6275000e+02   1.6001140e+01
   4.6300000e+02   1.6001133e+01
   4.6325000e+02   1.6001126e+01
   4.6350000e+02   1.6001120e+01
   4.6375000e+02   1.6001113e+01
   4.6400000e+02   1.6001107e+01
   4.6425000e+02   1.6001101e+01
   4.6450000e+02   1.6001094e+01
   4.6475000e+02   1.6001088e+01
   4.6500000e+02   1.6001082e+01
   4.6525000e+02   1.6001075e+01
   4.6550000e+02   1.6001069e+01
   4.6575000e+02   1.6001063e+01
   4.6600000e+02   1.6001057e+01
   4.6625000e+02   1.6001051e+01
   4.6650000e+02   1.6001045e+01
   4.6675000e+02   1.6001039e+01
   4.6700000e+02   1.6001033e+01
   4.6725000e+02   1.6001027e+01
   4.6750000e+02   1.6001021e+01
   4.6775000e+02   1.6001015e+01
   4.6800000e+02   1.6001009e+01
   4.6825000e+02   1.6001003e+01
   4.6850000e+02   1.6000997e+01
   4.6875000e+02   1.6000992e+01
   4.6900000e+02   1.6000986e+01
   4.6925000e+02   1.6000980e+01
   4.6950000e+02   1.6000975e+01
   4.6975000e+02   1.6000969e+01
   4.7000000e+02   1.6000963e+01
   4.7025000e+02   1.6000958e+01
   4.7050000e+02   1.6000952e+01
   4.7075000e+02   1.6000947e+01
   4.7100000e+02   1.6000941e+01
   4.7125000e+02   1.6000936e+01
   4.7150000e+02   1.6000930e+01
   4.7175000e+02   1.6000925e+01
   4.7200000e+02   1.6000920e+01
   4.7225000e+02   1.6000914e+01
   4.7250000e+02   1.6000909e+01
   4.7275000e+02   1.6000904e+01
   4.7300000e+02   1.6000899e+01
   4.7325000e+02   1.6000893e+01
   4.7350000e+02   1.6000888e+01
   4.7375000e+02   1.6000883e+01
   4.7400000e+02   1.6000878e+01
   4.7425000e+02   1.6000873e+01
   4.7450000e+02   1.6000868e+01
   4.7475000e+02   1.6000863e+01
   4.7500000e+02   1.6000858e+01
   4.7525000e+02   1.6000853e+01
   4.7550000e+02   1.6000848e+01
   4.7575000e+02   1.6000843e+01
   4.7600000e+02   1.6000838e+01
   4.7625000e+02   1.6000833e+01
   4.7650000e+02   1.6000829e+01
   4.7675000e+02   1.6000824e+01
   4.7700000e+02   1.6000819e+01
   4.7725000e+02   1.6000814e+01
   4.7750000e+02   1.6000810e+01
   4.7775000e+02   1.6000805e+01
   4.7800000e+02   1.6000800e+01
   4.7825000e+02   1.6000796e+01
   4.7850000e+02   1.6000791e+01
   4.7875000e+02   1.6000787e+01
   4.7900000e+02   1.6000782e+01
   4.7925000e+02   1.6000778e+01
   4.7950000e+02   1.6000773e+01
   4.7975000e+02   1.6000769e+01
   4.8000000e+02   1.6000764e+01
   4.8025000e+02   1.6000760e+01
   4.8050000e+02   1.6000755e+01
   4.8075000e+02   1.6000751e+01
   4.8100000e+02   1.6000747e+01
   4.8125000e+02   1.6000742e+01
   4.8150000e+02   1.6000738e+01
   4.8175000e+02   1.6000734e+01
   4.8200000e+02   1.6000730e+01
   4.8225000e+02   1.6000725e+01
   4.8250000e+02   1.6000721e+01
   4.8275000e+02   1.6000717e+01
   4.8300000e+02   1.6000713e+01
   4.8325000e+02   1.6000709e+01
   4.8350000e+02   1.6000705e+01
   4.8375000e+02   1.6000701e+01
   4.8400000e+02   1.6000696e+01
   4.8425000e+02   1.6000692e+01
   4.8450000e+02   1.6000688e+01
   4.8475000e+02   1.6000684e+01
   4.8500000e+02   1.6000681e+01
   4.8525000e+02   1.6000677e+01
   4.8550000e+02   1.6000673e+01
   4.8575000e+02   1.6000669e+01
   4.8600000e+02   1.6000665e+01
   4.8625000e+02   1.6000661e+01
   4.8650000e+02   1.6000657e+01
   4.8675000e+02   1.6000653e+01
   4.8700000e+02   1.6000650e+01
   4.8725000e+02   1.6000646e+01
   4.8750000e+02   1.6000642e+01
   4.8775000e+02   1.6000639e+01
   4.8800000e+02   1.6000635e+01
   4.8825000e+02   1.6000631e+01
   4.8850000e+02   1.6000628e+01
   4.8875000e+02   1.6000624e+01
   4.8900000e+02   1.6000620e+01
   4.8925000e+02   1.6000617e+01
   4.8950000e+02   1.6000613e+01
   4.8975000e+02   1.6000610e+01
   4.9000000e+02   1.6000606e+01
   4.9025000e+02   1.6000603e+01
   4.9050000e+02   1.6000599e+01
   4.9075000e+02   1.6000596e+01
   4.9100000e+02   1.6000592e+01
   4.9125000e+02   1.6000589e+01
   4.9150000e+02   1.6000585e+01
   4.9175000e+02   1.6000582e+01
   4.9200000e+02   1.6000579e+01
   4.9225000e+02   1.6000575e+01
   4.9250000e+02   1.6000572e+01
   4.9275000e+02   1.6000569e+01
   4.9300000e+02   1.6000565e+01
   4.9325000e+02   1.6000562e+01
   4.9350000e+02   1.6000559e+01
   4.9375000e+02   1.6000556e+01
   4.9400000e+02   1.6000552e+01
   4.9425000e+02   1.6000549e+01
   4.9450000e+02   1.6000546e+01
   4.9475000e+02   1.6000543e+01
   4.9500000e+02   1.6000540e+01
   4.9525000e+02   1.6000537e+01
   4.9550000e+02   1.6000534e+01
   4.9575000e+02   1.6000530e+01
   4.9600000e+02   1.6000527e+01
   4.9625000e+02   1.6000524e+01
   4.9650000e+02   1.6000521e+01
   4.9675000e+02   1.6000518e+01
   4.9700000e+02   1.6000515e+01
   4.9725000e+02   1.6000512e+01
   4.9750000e+02   1.6000509e+01
   4.9775000e+02   1.6000506e+01
   4.9800000e+02   1.6000504e+01
   4.9825000e+02   1.6000501e+01
   4.9850000e+02   1.6000498e+01
   4.9875000e+02   1.6000495e+01
   4.9900000e+02   1.6000492e+01
   4.9925000e+02   1.6000489e+01
   4.9950000e+02   1.6000486e+01
   4.9975000e+02   1.6000484e+01
   5.0000000e+02   1.6000481e+01
   5.0025000e+02   1.6000478e+01
   5.0050000e+02   1.6000475e+01
   5.0075000e+02   1.6000472e+01
   5.0100000e+02   1.6000470e+01
   5.0125000e+02   1.6000467e+01
   5.0150000e+02   1.6000464e+01
   5.0175000e+02   1.6000462e+01
   5.0200000e+02   1.6000459e+01
   5.0225000e+02   1.6000456e+01
   5.0250000e+02   1.6000454e+01
   5.0275000e+02   1.6000451e+01
   5.0300000e+02   1.6000448e+01
   5.0325000e+02   1.6000446e+01
   5.0350000e+02   1.6000443e+01
   5.0375000e+02   1.6000441e+01
   5.0400000e+02   1.6000438e+01
   5.0425000e+02   1.6000436e+01
   5.0450000e+02   1.6000433e+01
   5.0475000e+02   1.6000431e+01
   5.0500000e+02   1.6000428e+01
   5.0525000e+02   1.6000426e+01
   5.0550000e+02   1.6000423e+01
   5.0575000e+02   1.6000421e+01
   5.0600000e+02   1.6000418e+01
   5.0625000e+02   1.6000416e+01
   5.0650000e+02   1.6000414e+01
   5.0675000e+02   1.6000411e+01
   5.0700000e+02   1.6000409e+01
   5.0725000e+02   1.6000406e+01
   5.0750000e+02   1.6000404e+01
   5.0775000e+02   1.6000402e+01
   5.0800000e+02   1.6000399e+01
   5.0825000e+02   1.6000397e+01
   5.0850000e+02   1.6000395e+01
   5.0875000e+02   1.6000393e+01
   5.0900000e+02   1.6000390e+01
   5.0925000e+02   1.6000388e+01
   5.0950000e+02   1.6000386e+01
   5.0975000e+02   1.6000384e+01
   5.1000000e+02   1.6000381e+01
   5.1025000e+02   1.6000379e+01
   5.1050000e+02   1.6000377e+01
   5.1075000e+02   1.6000375e+01
   5.1100000e+02   1.6000373e+01
   5.1125000e+02   1.6000370e+01
   5.1150000e+02   1.6000368e+01
   5.1175000e+02   1.6000366e+01
   5.1200000e+02   1.6000364e+01
   5.1225000e+02   1.6000362e+01
   5.1250000e+02   1.6000360e+01
   5.1275000e+02   1.6000358e+01
   5.1300000e+02   1.6000356e+01
   5.1325000e+02   1.6000354e+01
   5.1350000e+02   1.6000352e+01
   5.1375000e+02   1.6000350e+01
   5.1400000e+02   1.6000348e+01
   5.1425000e+02   1.6000346e+01
   5.1450000e+02   1.6000344e+01
   5.1475000e+02   1.6000342e+01
   5.1500000e+02   1.6000340e+01
   5.1525000e+02   1.6000338e+01
   5.1550000e+02   1.6000336e+01
   5.1575000e+02   1.6000334e+01
   5.1600000e+02   1.6000332e+01
   5.1625000e+02   1.6000330e+01
   5.1650000e+02   1.6000328e+01
   5.1675000e+02   1.6000326e+01
   5.1700000e+02   1.6000324e+01
   5.1725000e+02   1.6000322e+01
   5.1750000e+02   1.6000320e+01
   5.1775000e+02   1.6000319e+01
   5.1800000e+02   1.6000317e+01
   5.1825000e+02   1.6000315e+01
   5.1850000e+02   1.6000313e+01
   5.1875000e+02   1.6000311e+01
   5.1900000e+02   1.6000310e+01
   5.1925000e+02   1.6000308e+01
   5.1950000e+02   1.6000306e+01
   5.1975000e+02   1.6000304e+01
   5.2000000e+02   1.6000302e+01
   5.2025000e+02   1.6000301e+01
   5.2050000e+02   1.6000299e+01
   5.2075000e+02   1.6000297e+01
   5.2100000e+02   1.6000296e+01
   5.2125000e+02   1.6000294e+01
   5.2150000e+02   1.6000292e+01
   5.2175000e+02   1.6000290e+01
   5.2200000e+02   1.6000289e+01
   5.2225000e+02   1.6000287e+01
   5.2250000e+02   1.6000285e+01
   5.2275000e+02   1.6000284e+01
   5.2300000e+02   1.6000282e+01
   5.2325000e+02   1.6000281e+01
   5.2350000e+02   1.6000279e+01
   5.2375000e+02   1.6000277e+01
   5.2400000e+02   1.6000276e+01
   5.2425000e+02   1.6000274e+01
   5.2450000e+02   1.6000272e+01
   5.2475000e+02   1.6000271e+01
   5.2500000e+02   1.6000269e+01
   5.2525000e+02   1.6000268e+01
   5.2550000e+02   1.6000266e+01
   5.2575000e+02   1.6000265e+01
   5.2600000e+02   1.6000263e+01
   5.2625000e+02   1.6000262e+01
   5.2650000e+02   1.6000260e+01
   5.2675000e+02   1.6000259e+01
   5.2700000e+02   1.6000257e+01
   5.2725000e+02   1.6000256e+01
   5.2750000e+02   1.6000254e+01
   5.2775000e+02   1.6000253e+01
   5.2800000e+02   1.6000251e+01
   5.2825000e+02   1.6000250e+01
   5.2850000e+02   1.6000248e+01
   5.2875000e+02   1.6000247e+01
   5.2900000e+02   1.6000246e+01
   5.2925000e+02   1.6000244e+01
   5.2950000e+02   1.6000243e+01
   5.2975000e+02   1.6000241e+01
   5.3000000e+02   1.6000240e+01
   5.3025000e+02   1.6000239e+01
   5.3050000e+02   1.6000237e+01
   5.3075000e+02   1.6000236e+01
   5.3100000e+02   1.6000234e+01
   5.3125000e+02   1.6000233e+01
   5.3150000e+02   1.6000232e+01
   5.3175000e+02   1.6000230e+01
   5.3200000e+02   1.6000229e+01
   5.3225000e+02   1.6000228e+01
   5.3250000e+02   1.6000226e+01
   5.3275000e+02   1.6000225e+01
   5.3300000e+02   1.6000224e+01
   5.3325000e+02   1.6000222e+01
   5.3350000e+02   1.6000221e+01
   5.3375000e+02   1.6000220e+01
   5.3400000e+02   1.6000219e+01
   5.3425000e+02   1.6000217e+01
   5.3450000e+02   1.6000216e+01
   5.3475000e+02   1.6000215e+01
   5.3500000e+02   1.6000214e+01
   5.3525000e+02   1.6000212e+01
   5.3550000e+02   1.6000211e+01
   5.3575000e+02   1.6000210e+01
   5.3600000e+02   1.6000209e+01
   5.3625000e+02   1.6000208e+01
   5.3650000e+02   1.6000206e+01
   5.3675000e+02   1.6000205e+01
   5.3700000e+02   1.6000204e+01
   5.3725000e+02   1.6000203e+01
   5.3750000e+02   1.6000202e+01
   5.3775000e+02   1.6000200e+01
   5.3800000e+02   1.6000199e+01
   5.3825000e+02   1.6000198e+01
   5.3850000e+02   1.6000197e+01
   5.3875000e+02   1.6000196e+01
   5.3900000e+02   1.6000195e+01
   5.3925000e+02   1.6000194e+01
   5.3950000e+02   1.6000192e+01
   5.3975000e+02   1.6000191e+01
   5.4000000e+02   1.6000190e+01
   5.4025000e+02   1.6000189e+01
   5.4050000e+02   1.6000188e+01
   5.4075000e+02   1.6000187e+01
   5.4100000e+02   1.6000186e+01
   5.4125000e+02   1.6000185e+01
   5.4150000e+02   1.6000184e+01
   5.4175000e+02   1.6000183e+01
   5.4200000e+02   1.6000182e+01
   5.4225000e+02   1.6000181e+01
   5.4250000e+02   1.6000180e+01
   5.4275000e+02   1.6000179e+01
   5.4300000e+02   1.6000177e+01
   5.4325000e+02   1.6000176e+01
   5.4350000e+02   1.6000175e+01
   5.4375000e+02   1.6000174e+01
   5.4400000e+02   1.6000173e+01
   5.4425000e+02   1.6000172e+01
   5.4450000e+02   1.6000171e+01
   5.4475000e+02   1.6000170e+01
   5.4500000e+02   1.6000169e+01
   5.4525000e+02   1.6000168e+01
   5.4550000e+02   1.6000168e+01
   5.4575000e+02   1.6000167e+01
   5.4600000e+02   1.6000166e+01
   5.4625000e+02   1.6000165e+01
   5.4650000e+02   1.6000164e+01
   5.4675000e+02   1.6000163e+01
   5.4700000e+02   1.6000162e+01
   5.4725000e+02   1.6000161e+01
   5.4750000e+02   1.6000160e+01
   5.4775000e+02   1.6000159e+01
   5.4800000e+02   1.6000158e+01
   5.4825000e+02   1.6000157e+01
   5.4850000e+02   1.6000156e+01
   5.4875000e+02   1.6000155e+01
   5.4900000e+02   1.6000154e+01
   5.4925000e+02   1.6000154e+01
   5.4950000e+02   1.6000153e+01
   5.4975000e+02   1.6000152e+01
   5.5000000e+02   1.6000151e+01
   5.5025000e+02   1.6000150e+01
   5.5050000e+02   1.6000149e+01
   5.5075000e+02   1.6000148e+01
   5.5100000e+02   1.6000147e+01
   5.5125000e+02   1.6000147e+01
   5.5150000e+02   1.6000146e+01
   5.5175000e+02   1.6000145e+01
   5.5200000e+02   1.6000144e+01
   5.5225000e+02   1.6000143e+01
   5.5250000e+02   1.6000142e+01
   5.5275000e+02   1.6000142e+01
   5.5300000e+02   1.6000141e+01
   5.5325000e+02   1.6000140e+01
   5.5350000e+02   1.6000139e+01
   5.5375000e+02   1.6000138e+01
   5.5400000e+02   1.6000138e+01
   5.5425000e+02   1.6000137e+01
   5.5450000e+02   1.6000136e+01
   5.5475000e+02   1.6000135e+01
   5.5500000e+02   1.6000134e+01
   5.5525000e+02   1.6000134e+01
   5.5550000e+02   1.6000133e+01
   5.5575000e+02   1.6000132e+01
   5.5600000e+02   1.6000131e+01
   5.5625000e+02   1.6000131e+01
   5.5650000e+02   1.6000130e+01
   5.5675000e+02   1.6000129e+01
   5.5700000e+02   1.6000128e+01
   5.5725000e+02   1.6000128e+01
   5.5750000e+02   1.6000127e+01
   5.5775000e+02   1.6000126e+01
   5.5800000e+02   1.6000125e+01
   5.5825000e+02   1.6000125e+01
   5.5850000e+02   1.6000124e+01
   5.5875000e+02   1.6000123e+01
   5.5900000e+02   1.6000123e+01
   5.5925000e+02   1.6000122e+01
   5.5950000e+02   1.6000121e+01
   5.5975000e+02   1.6000120e+01
   5.6000000e+02   1.6000120e+01
   5.6025000e+02   1.6000119e+01
   5.6050000e+02   1.6000118e+01
   5.6075000e+02   1.6000118e+01
   5.6100000e+02   1.6000117e+01
   5.6125000e+02   1.6000116e+01
   5.6150000e+02   1.6000116e+01
   5.6175000e+02   1.6000115e+01
   5.6200000e+02   1.6000114e+01
   5.6225000e+02   1.6000114e+01
   5.6250000e+02   1.6000113e+01
   5.6275000e+02   1.6000112e+01
   5.6300000e+02   1.6000112e+01
   5.6325000e+02   1.6000111e+01
   5.6350000e+02   1.6000110e+01
   5.6375000e+02   1.6000110e+01
   5.6400000e+02   1.6000109e+01
   5.6425000e+02   1.6000108e+01
   5.6450000e+02   1.6000108e+01
   5.6475000e+02   1.6000107e+01
   5.6500000e+02   1.6000107e+01
   5.6525000e+02   1.6000106e+01
   5.6550000e+02   1.6000105e+01
   5.6575000e+02   1.6000105e+01
   5.6600000e+02   1.6000104e+01
   5.6625000e+02   1.6000104e+01
   5.6650000e+02   1.6000103e+01
   5.6675000e+02   1.6000102e+01
   5.6700000e+02   1.6000102e+01
   5.6725000e+02   1.6000101e+01
   5.6750000e+02   1.6000101e+01
   5.6775000e+02   1.6000100e+01
   5.6800000e+02   1.6000099e+01
   5.6825000e+02   1.6000099e+01
   5.6850000e+02   1.6000098e+01
   5.6875000e+02   1.6000098e+01
   5.6900000e+02   1.6000097e+01
   5.6925000e+02   1.6000097e+01
   5.6950000e+02   1.6000096e+01
   5.6975000e+02   1.6000096e+01
   5.7000000e+02   1.6000095e+01
   5.7025000e+02   1.6000094e+01
   5.7050000e+02   1.6000094e+01
   5.7075000e+02   1.6000093e+01
   5.7100000e+02   1.6000093e+01
   5.7125000e+02   1.6000092e+01
   5.7150000e+02   1.6000092e+01
   5.7175000e+02   1.6000091e+01
   5.7200000e+02   1.6000091e+01
   5.7225000e+02   1.6000090e+01
   5.7250000e+02   1.6000090e+01
   5.7275000e+02   1.6000089e+01
   5.7300000e+02   1.6000089e+01
   5.7325000e+02   1.6000088e+01
   5.7350000e+02   1.6000088e+01
   5.7375000e+02   1.6000087e+01
   5.7400000e+02   1.6000087e+01
   5.7425000e+02   1.6000086e+01
   5.7450000e+02   1.6000086e+01
   5.7475000e+02   1.6000085e+01
   5.7500000e+02   1.6000085e+01
   5.7525000e+02   1.6000084e+01
   5.7550000e+02   1.6000084e+01
   5.7575000e+02   1.6000083e+01
   5.7600000e+02   1.6000083e+01
   5.7625000e+02   1.6000082e+01
   5.7650000e+02   1.6000082e+01
   5.7675000e+02   1.6000081e+01
   5.7700000e+02   1.6000081e+01
   5.7725000e+02   1.6000080e+01
   5.7750000e+02   1.6000080e+01
   5.7775000e+02   1.6000079e+01
   5.7800000e+02   1.6000079e+01
   5.7825000e+02   1.6000078e+01
   5.7850000e+02   1.6000078e+01
   5.7875000e+02   1.6000078e+01
   5.7900000e+02   1.6000077e+01
   5.7925000e+02   1.6000077e+01
   5.7950000e+02   1.6000076e+01
   5.7975000e+02   1.6000076e+01
   5.8000000e+02   1.6000075e+01
   5.8025000e+02   1.6000075e+01
   5.8050000e+02   1.6000074e+01
   5.8075000e+02   1.6000074e+01
   5.8100000e+02   1.6000074e+01
   5.8125000e+02   1.6000073e+01
   5.8150000e+02   1.6000073e+01
   5.8175000e+02   1.6000072e+01
   5.8200000e+02   1.6000072e+01
   5.8225000e+02   1.6000071e+01
   5.8250000e+02   1.6000071e+01
   5.8275000e+02   1.6000071e+01
   5.8300000e+02   1.6000070e+01
   5.8325000e+02   1.6000070e+01
   5.8350000e+02   1.6000069e+01
   5.8375000e+02   1.6000069e+01
   5.8400000e+02   1.6000069e+01
   5.8425000e+02   1.6000068e+01
   5.8450000e+02   1.6000068e+01
   5.8475000e+02   1.6000067e+01
   5.8500000e+02   1.6000067e+01
   5.8525000e+02   1.6000067e+01
   5.8550000e+02   1.6000066e+01
   5.8575000e+02   1.6000066e+01
   5.8600000e+02   1.6000066e+01
   5.8625000e+02   1.6000065e+01
   5.8650000e+02   1.6000065e+01
   5.8675000e+02   1.6000064e+01
   5.8700000e+02   1.6000064e+01
   5.8725000e+02   1.6000064e+01
   5.8750000e+02   1.6000063e+01
   5.8775000e+02   1.6000063e+01
   5.8800000e+02   1.6000063e+01
   5.8825000e+02   1.6000062e+01
   5.8850000e+02   1.6000062e+01
   5.8875000e+02   1.6000061e+01
   5.8900000e+02   1.6000061e+01
   5.8925000e+02   1.6000061e+01
   5.8950000e+02   1.6000060e+01
   5.8975000e+02   1.6000060e+01
   5.9000000e+02   1.6000060e+01
   5.9025000e+02   1.6000059e+01
   5.9050000e+02   1.6000059e+01
   5.9075000e+02   1.6000059e+01
   5.9100000e+02   1.6000058e+01
   5.9125000e+02   1.6000058e+01
   5.9150000e+02   1.6000058e+01
   5.9175000e+02   1.6000057e+01
   5.9200000e+02   1.6000057e+01
   5.9225000e+02   1.6000057e+01
   5.9250000e+02   1.6000056e+01
   5.9275000e+02   1.6000056e+01
   5.9300000e+02   1.6000056e+01
   5.9325000e+02   1.6000055e+01
   5.9350000e+02   1.6000055e+01
   5.9375000e+02   1.6000055e+01
   5.9400000e+02   1.6000054e+01
   5.9425000e+02   1.6000054e+01
   5.9450000e+02   1.6000054e+01
   5.9475000e+02   1.6000054e+01
   5.9500000e+02   1.6000053e+01
   5.9525000e+02   1.6000053e+01
   5.9550000e+02   1.6000053e+01
   5.9575000e+02   1.6000052e+01
   5.9600000e+02   1.6000052e+01
   5.9625000e+02   1.6000052e+01
   5.9650000e+02   1.6000051e+01
   5.9675000e+02   1.6000051e+01
   5.9700000e+02   1.6000051e+01
   5.9725000e+02   1.6000050e+01
   5.9750000e+02   1.6000050e+01
   5.9775000e+02   1.6000050e+01
   5.9800000e+02   1.6000050e+01
   5.9825000e+02   1.6000049e+01
   5.9850000e+02   1.6000049e+01
   5.9875000e+02   1.6000049e+01
   5.9900000e+02   1.6000048e+01
   5.9925000e+02   1.6000048e+01
   5.9950000e+02   1.6000048e+01
   5.9975000e+02   1.6000048e+01
   6.0000000e+02   1.6000047e+01
