   0.0000000e+00   6.0105263e+01
   2.5000000e-01   5.9674399e+01
   5.0000000e-01   5.9247240e+01
   7.5000000e-01   5.8823754e+01
   1.0000000e+00   5.8403910e+01
   1.2500000e+00   5.7987676e+01
   1.5000000e+00   5.7575022e+01
   1.7500000e+00   5.7165916e+01
   2.0000000e+00   5.6760328e+01
   2.2500000e+00   5.6358227e+01
   2.5000000e+00   5.5959585e+01
   2.7500000e+00   5.5564370e+01
   3.0000000e+00   5.5172554e+01
   3.2500000e+00   5.4784107e+01
   3.5000000e+00   5.4399001e+01
   3.7500000e+00   5.4017206e+01
   4.0000000e+00   5.3638694e+01
   4.2500000e+00   5.3263437e+01
   4.5000000e+00   5.2891407e+01
   4.7500000e+00   5.2522576e+01
   5.0000000e+00   5.2156917e+01
   5.2500000e+00   5.1794403e+01
   5.5000000e+00   5.1435005e+01
   5.7500000e+00   5.1078698e+01
   6.0000000e+00   5.0725455e+01
   6.2500000e+00   5.0375250e+01
   6.5000000e+00   5.0028056e+01
   6.7500000e+00   4.9683847e+01
   7.0000000e+00   4.9342599e+01
   7.2500000e+00   4.9004285e+01
   7.5000000e+00   4.8668880e+01
   7.7500000e+00   4.8336360e+01
   8.0000000e+00   4.8006698e+01
   8.2500000e+00   4.7679872e+01
   8.5000000e+00   4.7355856e+01
   8.7500000e+00   4.7034627e+01
   9.0000000e+00   4.6716159e+01
   9.2500000e+00   4.6400430e+01
   9.5000000e+00   4.6087417e+01
   9.7500000e+00   4.5777095e+01
   1.0000000e+01   4.5469441e+01
   1.0250000e+01   4.5164433e+01
   1.0500000e+01   4.4862048e+01
   1.0750000e+01   4.4562263e+01
   1.1000000e+01   4.4265056e+01
   1.1250000e+01   4.3970405e+01
   1.1500000e+01   4.3678287e+01
   1.1750000e+01   4.3388681e+01
   1.2000000e+01   4.3101566e+01
   1.2250000e+01   4.2816920e+01
   1.2500000e+01   4.2534722e+01
   1.2750000e+01   4.2254950e+01
   1.3000000e+01   4.1977584e+01
   1.3250000e+01   4.1702603e+01
   1.3500000e+01   4.1429986e+01
   1.3750000e+01   4.1159714e+01
   1.4000000e+01   4.0891766e+01
   1.4250000e+01   4.0626123e+01
   1.4500000e+01   4.0362763e+01
   1.4750000e+01   4.0101668e+01
   1.5000000e+01   3.9842819e+01
   1.5250000e+01   3.9586195e+01
   1.5500000e+01   3.9331778e+01
   1.5750000e+01   3.9079549e+01
   1.6000000e+01   3.8829489e+01
   1.6250000e+01   3.8581579e+01
   1.6500000e+01   3.8335801e+01
   1.6750000e+01   3.8092136e+01
   1.7000000e+01   3.7850567e+01
   1.7250000e+01   3.7611075e+01
   1.7500000e+01   3.7373643e+01
   1.7750000e+01   3.7138252e+01
   1.8000000e+01   3.6904885e+01
   1.8250000e+01   3.6673525e+01
   1.8500000e+01   3.6444155e+01
   1.8750000e+01   3.6216757e+01
   1.9000000e+01   3.5991314e+01
   1.9250000e+01   3.5767810e+01
   1.9500000e+01   3.5546228e+01
   1.9750000e+01   3.5326552e+01
   2.0000000e+01   3.5108764e+01
   2.0250000e+01   3.4892850e+01
   2.0500000e+01   3.4678792e+01
   2.0750000e+01   3.4466574e+01
   2.1000000e+01   3.4256182e+01
   2.1250000e+01   3.4047599e+01
   2.1500000e+01   3.3840809e+01
   2.1750000e+01   3.3635798e+01
   2.2000000e+01   3.3432549e+01
   2.2250000e+01   3.3231049e+01
   2.2500000e+01   3.3031281e+01
   2.2750000e+01   3.2833231e+01
   2.3000000e+01   3.2636884e+01
   2.3250000e+01   3.2442225e+01
   2.3500000e+01   3.2249241e+01
   2.3750000e+01   3.2057915e+01
   2.4000000e+01   3.1868235e+01
   2.4250000e+01   3.1680187e+01
   2.4500000e+01   3.1493755e+01
   2.4750000e+01   3.1308926e+01
   2.5000000e+01   3.1125687e+01
   2.5250000e+01   3.0944023e+01
   2.5500000e+01   3.0763922e+01
   2.5750000e+01   3.0585369e+01
   2.6000000e+01   3.0408352e+01
   2.6250000e+01   3.0232857e+01
   2.6500000e+01   3.0058871e+01
   2.6750000e+01   2.9886381e+01
   2.7000000e+01   2.9715375e+01
   2.7250000e+01   2.9545839e+01
   2.7500000e+01   2.9377761e+01
   2.7750000e+01   2.9211128e+01
   2.8000000e+01   2.9045928e+01
   2.8250000e+01   2.8882149e+01
   2.8500000e+01   2.8719778e+01
   2.8750000e+01   2.8558803e+01
   2.9000000e+01   2.8399213e+01
   2.9250000e+01   2.8240995e+01
   2.9500000e+01   2.8084137e+01
   2.9750000e+01   2.7928628e+01
   3.0000000e+01   2.7774457e+01
   3.0250000e+01   2.7621611e+01
   3.0500000e+01   2.7470080e+01
   3.0750000e+01   2.7319851e+01
   3.1000000e+01   2.7170915e+01
   3.1250000e+01   2.7023259e+01
   3.1500000e+01   2.6876873e+01
   3.1750000e+01   2.6731746e+01
   3.2000000e+01   2.6587867e+01
   3.2250000e+01   2.6445225e+01
   3.2500000e+01   2.6303809e+01
   3.2750000e+01   2.6163610e+01
   3.3000000e+01   2.6024616e+01
   3.3250000e+01   2.5886818e+01
   3.3500000e+01   2.5750204e+01
   3.3750000e+01   2.5614765e+01
   3.4000000e+01   2.5480491e+01
   3.4250000e+01   2.5347372e+01
   3.4500000e+01   2.5215397e+01
   3.4750000e+01   2.5084557e+01
   3.5000000e+01   2.4954842e+01
   3.5250000e+01   2.4826243e+01
   3.5500000e+01   2.4698749e+01
   3.5750000e+01   2.4572352e+01
   3.6000000e+01   2.4447042e+01
   3.6250000e+01   2.4322809e+01
   3.6500000e+01   2.4199645e+01
   3.6750000e+01   2.4077540e+01
   3.7000000e+01   2.3956484e+01
   3.7250000e+01   2.3836470e+01
   3.7500000e+01   2.3717488e+01
   3.7750000e+01   2.3599529e+01
   3.8000000e+01   2.3482584e+01
   3.8250000e+01   2.3366645e+01
   3.8500000e+01   2.3251703e+01
   3.8750000e+01   2.3137749e+01
   3.9000000e+01   2.3024775e+01
   3.9250000e+01   2.2912773e+01
   3.9500000e+01   2.2801734e+01
   3.9750000e+01   2.2691649e+01
   4.0000000e+01   2.2582512e+01
   4.0250000e+01   2.2474312e+01
   4.0500000e+01   2.2367043e+01
   4.0750000e+01   2.2260697e+01
   4.1000000e+01   2.2155265e+01
   4.1250000e+01   2.2050740e+01
   4.1500000e+01   2.1947113e+01
   4.1750000e+01   2.1844378e+01
   4.2000000e+01   2.1742526e+01
   4.2250000e+01   2.1641550e+01
   4.2500000e+01   2.1541442e+01
   4.2750000e+01   2.1442195e+01
   4.3000000e+01   2.1343802e+01
   4.3250000e+01   2.1246255e+01
   4.3500000e+01   2.1149546e+01
   4.3750000e+01   2.1053669e+01
   4.4000000e+01   2.0958617e+01
   4.4250000e+01   2.0864382e+01
   4.4500000e+01   2.0770957e+01
   4.4750000e+01   2.0678335e+01
   4.5000000e+01   2.0586511e+01
   4.5250000e+01   2.0495475e+01
   4.5500000e+01   2.0405223e+01
   4.5750000e+01   2.0315746e+01
   4.6000000e+01   2.0227040e+01
   4.6250000e+01   2.0139095e+01
   4.6500000e+01   2.0051908e+01
   4.6750000e+01   1.9965469e+01
   4.7000000e+01   1.9879775e+01
   4.7250000e+01   1.9794817e+01
   4.7500000e+01   1.9710589e+01
   4.7750000e+01   1.9627086e+01
   4.8000000e+01   1.9544301e+01
   4.8250000e+01   1.9462228e+01
   4.8500000e+01   1.9380861e+01
   4.8750000e+01   1.9300193e+01
   4.9000000e+01   1.9220219e+01
   4.9250000e+01   1.9140933e+01
   4.9500000e+01   1.9062328e+01
   4.9750000e+01   1.8984400e+01
   5.0000000e+01   1.8907141e+01
   5.0250000e+01   1.8830547e+01
   5.0500000e+01   1.8754612e+01
   5.0750000e+01   1.8679329e+01
   5.1000000e+01   1.8604694e+01
   5.1250000e+01   1.8530701e+01
   5.1500000e+01   1.8457344e+01
   5.1750000e+01   1.8384618e+01
   5.2000000e+01   1.8312517e+01
   5.2250000e+01   1.8241036e+01
   5.2500000e+01   1.8170170e+01
   5.2750000e+01   1.8099913e+01
   5.3000000e+01   1.8030260e+01
   5.3250000e+01   1.7961207e+01
   5.3500000e+01   1.7892747e+01
   5.3750000e+01   1.7824876e+01
   5.4000000e+01   1.7757588e+01
   5.4250000e+01   1.7690880e+01
   5.4500000e+01   1.7624744e+01
   5.4750000e+01   1.7559178e+01
   5.5000000e+01   1.7494175e+01
   5.5250000e+01   1.7429731e+01
   5.5500000e+01   1.7365842e+01
   5.5750000e+01   1.7302502e+01
   5.6000000e+01   1.7239706e+01
   5.6250000e+01   1.7177451e+01
   5.6500000e+01   1.7115730e+01
   5.6750000e+01   1.7054541e+01
   5.7000000e+01   1.6993878e+01
   5.7250000e+01   1.6933736e+01
   5.7500000e+01   1.6874112e+01
   5.7750000e+01   1.6815000e+01
   5.8000000e+01   1.6756397e+01
   5.8250000e+01   1.6698297e+01
   5.8500000e+01   1.6640697e+01
   5.8750000e+01   1.6583593e+01
   5.9000000e+01   1.6526979e+01
   5.9250000e+01   1.6470853e+01
   5.9500000e+01   1.6415209e+01
   5.9750000e+01   1.6360043e+01
   6.0000000e+01   1.6305352e+01
   6.0250000e+01   1.6251131e+01
   6.0500000e+01   1.6197376e+01
   6.0750000e+01   1.6144084e+01
   6.1000000e+01   1.6091250e+01
   6.1250000e+01   1.6038870e+01
   6.1500000e+01   1.5986941e+01
   6.1750000e+01   1.5935458e+01
   6.2000000e+01   1.5884418e+01
   6.2250000e+01   1.5833817e+01
   6.2500000e+01   1.5783651e+01
   6.2750000e+01   1.5733916e+01
   6.3000000e+01   1.5684609e+01
   6.3250000e+01   1.5635726e+01
   6.3500000e+01   1.5587264e+01
   6.3750000e+01   1.5539218e+01
   6.4000000e+01   1.5491585e+01
   6.4250000e+01   1.5444362e+01
   6.4500000e+01   1.5397545e+01
   6.4750000e+01   1.5351131e+01
   6.5000000e+01   1.5305115e+01
   6.5250000e+01   1.5259496e+01
   6.5500000e+01   1.5214268e+01
   6.5750000e+01   1.5169430e+01
   6.6000000e+01   1.5124977e+01
   6.6250000e+01   1.5080907e+01
   6.6500000e+01   1.5037215e+01
   6.6750000e+01   1.4993899e+01
   6.7000000e+01   1.4950956e+01
   6.7250000e+01   1.4908381e+01
   6.7500000e+01   1.4866173e+01
   6.7750000e+01   1.4824328e+01
   6.8000000e+01   1.4782843e+01
   6.8250000e+01   1.4741715e+01
   6.8500000e+01   1.4700940e+01
   6.8750000e+01   1.4660515e+01
   6.9000000e+01   1.4620439e+01
   6.9250000e+01   1.4580707e+01
   6.9500000e+01   1.4541317e+01
   6.9750000e+01   1.4502265e+01
   7.0000000e+01   1.4463549e+01
   7.0250000e+01   1.4425166e+01
   7.0500000e+01   1.4387114e+01
   7.0750000e+01   1.4349388e+01
   7.1000000e+01   1.4311987e+01
   7.1250000e+01   1.4274907e+01
   7.1500000e+01   1.4238147e+01
   7.1750000e+01   1.4201702e+01
   7.2000000e+01   1.4165571e+01
   7.2250000e+01   1.4129750e+01
   7.2500000e+01   1.4094238e+01
   7.2750000e+01   1.4059031e+01
   7.3000000e+01   1.4024127e+01
   7.3250000e+01   1.3989522e+01
   7.3500000e+01   1.3955216e+01
   7.3750000e+01   1.3921204e+01
   7.4000000e+01   1.3887485e+01
   7.4250000e+01   1.3854056e+01
   7.4500000e+01   1.3820914e+01
   7.4750000e+01   1.3788057e+01
   7.5000000e+01   1.3755483e+01
   7.5250000e+01   1.3723189e+01
   7.5500000e+01   1.3691173e+01
   7.5750000e+01   1.3659432e+01
   7.6000000e+01   1.3627964e+01
   7.6250000e+01   1.3596766e+01
   7.6500000e+01   1.3565837e+01
   7.6750000e+01   1.3535174e+01
   7.7000000e+01   1.3504774e+01
   7.7250000e+01   1.3474636e+01
   7.7500000e+01   1.3444757e+01
   7.7750000e+01   1.3415135e+01
   7.8000000e+01   1.3385767e+01
   7.8250000e+01   1.3356653e+01
   7.8500000e+01   1.3327788e+01
   7.8750000e+01   1.3299172e+01
   7.9000000e+01   1.3270802e+01
   7.9250000e+01   1.3242676e+01
   7.9500000e+01   1.3214791e+01
   7.9750000e+01   1.3187147e+01
   8.0000000e+01   1.3159740e+01
   8.0250000e+01   1.3132569e+01
   8.0500000e+01   1.3105631e+01
   8.0750000e+01   1.3078925e+01
   8.1000000e+01   1.3052449e+01
   8.1250000e+01   1.3026201e+01
   8.1500000e+01   1.3000178e+01
   8.1750000e+01   1.2974379e+01
   8.2000000e+01   1.2948801e+01
   8.2250000e+01   1.2923444e+01
   8.2500000e+01   1.2898305e+01
   8.2750000e+01   1.2873382e+01
   8.3000000e+01   1.2848673e+01
   8.3250000e+01   1.2824177e+01
   8.3500000e+01   1.2799891e+01
   8.3750000e+01   1.2775815e+01
   8.4000000e+01   1.2751945e+01
   8.4250000e+01   1.2728280e+01
   8.4500000e+01   1.2704819e+01
   8.4750000e+01   1.2681560e+01
   8.5000000e+01   1.2658501e+01
   8.5250000e+01   1.2635640e+01
   8.5500000e+01   1.2612976e+01
   8.5750000e+01   1.2590506e+01
   8.6000000e+01   1.2568230e+01
   8.6250000e+01   1.2546145e+01
   8.6500000e+01   1.2524251e+01
   8.6750000e+01   1.2502544e+01
   8.7000000e+01   1.2481024e+01
   8.7250000e+01   1.2459690e+01
   8.7500000e+01   1.2438538e+01
   8.7750000e+01   1.2417569e+01
   8.8000000e+01   1.2396780e+01
   8.8250000e+01   1.2376169e+01
   8.8500000e+01   1.2355736e+01
   8.8750000e+01   1.2335479e+01
   8.9000000e+01   1.2315396e+01
   8.9250000e+01   1.2295485e+01
   8.9500000e+01   1.2275746e+01
   8.9750000e+01   1.2256176e+01
   9.0000000e+01   1.2236775e+01
   9.0250000e+01   1.2217541e+01
   9.0500000e+01   1.2198472e+01
   9.0750000e+01   1.2179567e+01
   9.1000000e+01   1.2160824e+01
   9.1250000e+01   1.2142243e+01
   9.1500000e+01   1.2123821e+01
   9.1750000e+01   1.2105558e+01
   9.2000000e+01   1.2087452e+01
   9.2250000e+01   1.2069502e+01
   9.2500000e+01   1.2051706e+01
   9.2750000e+01   1.2034063e+01
   9.3000000e+01   1.2016571e+01
   9.3250000e+01   1.1999231e+01
   9.3500000e+01   1.1982039e+01
   9.3750000e+01   1.1964995e+01
   9.4000000e+01   1.1948098e+01
   9.4250000e+01   1.1931346e+01
   9.4500000e+01   1.1914738e+01
   9.4750000e+01   1.1898272e+01
   9.5000000e+01   1.1881949e+01
   9.5250000e+01   1.1865766e+01
   9.5500000e+01   1.1849722e+01
   9.5750000e+01   1.1833816e+01
   9.6000000e+01   1.1818046e+01
   9.6250000e+01   1.1802413e+01
   9.6500000e+01   1.1786913e+01
   9.6750000e+01   1.1771547e+01
   9.7000000e+01   1.1756313e+01
   9.7250000e+01   1.1741211e+01
   9.7500000e+01   1.1726238e+01
   9.7750000e+01   1.1711393e+01
   9.8000000e+01   1.1696677e+01
   9.8250000e+01   1.1682087e+01
   9.8500000e+01   1.1667622e+01
   9.8750000e+01   1.1653282e+01
   9.9000000e+01   1.1639065e+01
   9.9250000e+01   1.1624971e+01
   9.9500000e+01   1.1610997e+01
   9.9750000e+01   1.1597144e+01
   1.0000000e+02   1.1583410e+01
   1.0025000e+02   1.1569794e+01
   1.0050000e+02   1.1556295e+01
   1.0075000e+02   1.1542912e+01
   1.0100000e+02   1.1529644e+01
   1.0125000e+02   1.1516490e+01
   1.0150000e+02   1.1503450e+01
   1.0175000e+02   1.1490521e+01
   1.0200000e+02   1.1477704e+01
   1.0225000e+02   1.1464997e+01
   1.0250000e+02   1.1452399e+01
   1.0275000e+02   1.1439910e+01
   1.0300000e+02   1.1427528e+01
   1.0325000e+02   1.1415252e+01
   1.0350000e+02   1.1403082e+01
   1.0375000e+02   1.1391017e+01
   1.0400000e+02   1.1379055e+01
   1.0425000e+02   1.1367197e+01
   1.0450000e+02   1.1355440e+01
   1.0475000e+02   1.1343784e+01
   1.0500000e+02   1.1332229e+01
   1.0525000e+02   1.1320773e+01
   1.0550000e+02   1.1309415e+01
   1.0575000e+02   1.1298155e+01
   1.0600000e+02   1.1286992e+01
   1.0625000e+02   1.1275925e+01
   1.0650000e+02   1.1264953e+01
   1.0675000e+02   1.1254076e+01
   1.0700000e+02   1.1243292e+01
   1.0725000e+02   1.1232600e+01
   1.0750000e+02   1.1222001e+01
   1.0775000e+02   1.1211493e+01
   1.0800000e+02   1.1201075e+01
   1.0825000e+02   1.1190747e+01
   1.0850000e+02   1.1180507e+01
   1.0875000e+02   1.1170356e+01
   1.0900000e+02   1.1160292e+01
   1.0925000e+02   1.1150314e+01
   1.0950000e+02   1.1140422e+01
   1.0975000e+02   1.1130616e+01
   1.1000000e+02   1.1120893e+01
   1.1025000e+02   1.1111255e+01
   1.1050000e+02   1.1101699e+01
   1.1075000e+02   1.1092225e+01
   1.1100000e+02   1.1082833e+01
   1.1125000e+02   1.1073521e+01
   1.1150000e+02   1.1064290e+01
   1.1175000e+02   1.1055138e+01
   1.1200000e+02   1.1046065e+01
   1.1225000e+02   1.1037069e+01
   1.1250000e+02   1.1028151e+01
   1.1275000e+02   1.1019310e+01
   1.1300000e+02   1.1010545e+01
   1.1325000e+02   1.1001855e+01
   1.1350000e+02   1.0993240e+01
   1.1375000e+02   1.0984699e+01
   1.1400000e+02   1.0976231e+01
   1.1425000e+02   1.0967836e+01
   1.1450000e+02   1.0959514e+01
   1.1475000e+02   1.0951263e+01
   1.1500000e+02   1.0943083e+01
   1.1525000e+02   1.0934973e+01
   1.1550000e+02   1.0926933e+01
   1.1575000e+02   1.0918962e+01
   1.1600000e+02   1.0911060e+01
   1.1625000e+02   1.0903225e+01
   1.1650000e+02   1.0895459e+01
   1.1675000e+02   1.0887758e+01
   1.1700000e+02   1.0880124e+01
   1.1725000e+02   1.0872556e+01
   1.1750000e+02   1.0865053e+01
   1.1775000e+02   1.0857614e+01
   1.1800000e+02   1.0850239e+01
   1.1825000e+02   1.0842928e+01
   1.1850000e+02   1.0835679e+01
   1.1875000e+02   1.0828493e+01
   1.1900000e+02   1.0821369e+01
   1.1925000e+02   1.0814306e+01
   1.1950000e+02   1.0807303e+01
   1.1975000e+02   1.0800361e+01
   1.2000000e+02   1.0793479e+01
   1.2025000e+02   1.0786656e+01
   1.2050000e+02   1.0779891e+01
   1.2075000e+02   1.0773184e+01
   1.2100000e+02   1.0766536e+01
   1.2125000e+02   1.0759944e+01
   1.2150000e+02   1.0753409e+01
   1.2175000e+02   1.0746931e+01
   1.2200000e+02   1.0740508e+01
   1.2225000e+02   1.0734140e+01
   1.2250000e+02   1.0727827e+01
   1.2275000e+02   1.0721568e+01
   1.2300000e+02   1.0715363e+01
   1.2325000e+02   1.0709212e+01
   1.2350000e+02   1.0703113e+01
   1.2375000e+02   1.0697067e+01
   1.2400000e+02   1.0691073e+01
   1.2425000e+02   1.0685130e+01
   1.2450000e+02   1.0679238e+01
   1.2475000e+02   1.0673398e+01
   1.2500000e+02   1.0667607e+01
   1.2525000e+02   1.0661866e+01
   1.2550000e+02   1.0656175e+01
   1.2575000e+02   1.0650532e+01
   1.2600000e+02   1.0644938e+01
   1.2625000e+02   1.0639392e+01
   1.2650000e+02   1.0633894e+01
   1.2675000e+02   1.0628443e+01
   1.2700000e+02   1.0623039e+01
   1.2725000e+02   1.0617681e+01
   1.2750000e+02   1.0612370e+01
   1.2775000e+02   1.0607104e+01
   1.2800000e+02   1.0601883e+01
   1.2825000e+02   1.0596707e+01
   1.2850000e+02   1.0591576e+01
   1.2875000e+02   1.0586489e+01
   1.2900000e+02   1.0581446e+01
   1.2925000e+02   1.0576446e+01
   1.2950000e+02   1.0571489e+01
   1.2975000e+02   1.0566575e+01
   1.3000000e+02   1.0561702e+01
   1.3025000e+02   1.0556872e+01
   1.3050000e+02   1.0552084e+01
   1.3075000e+02   1.0547336e+01
   1.3100000e+02   1.0542630e+01
   1.3125000e+02   1.0537963e+01
   1.3150000e+02   1.0533337e+01
   1.3175000e+02   1.0528751e+01
   1.3200000e+02   1.0524204e+01
   1.3225000e+02   1.0519696e+01
   1.3250000e+02   1.0515228e+01
   1.3275000e+02   1.0510797e+01
   1.3300000e+02   1.0506405e+01
   1.3325000e+02   1.0502050e+01
   1.3350000e+02   1.0497733e+01
   1.3375000e+02   1.0493453e+01
   1.3400000e+02   1.0489209e+01
   1.3425000e+02   1.0485003e+01
   1.3450000e+02   1.0480832e+01
   1.3475000e+02   1.0476697e+01
   1.3500000e+02   1.0472598e+01
   1.3525000e+02   1.0468534e+01
   1.3550000e+02   1.0464505e+01
   1.3575000e+02   1.0460511e+01
   1.3600000e+02   1.0456551e+01
   1.3625000e+02   1.0452625e+01
   1.3650000e+02   1.0448732e+01
   1.3675000e+02   1.0444874e+01
   1.3700000e+02   1.0441048e+01
   1.3725000e+02   1.0437256e+01
   1.3750000e+02   1.0433495e+01
   1.3775000e+02   1.0429768e+01
   1.3800000e+02   1.0426072e+01
   1.3825000e+02   1.0422408e+01
   1.3850000e+02   1.0418776e+01
   1.3875000e+02   1.0415175e+01
   1.3900000e+02   1.0411605e+01
   1.3925000e+02   1.0408065e+01
   1.3950000e+02   1.0404556e+01
   1.3975000e+02   1.0401077e+01
   1.4000000e+02   1.0397628e+01
   1.4025000e+02   1.0394209e+01
   1.4050000e+02   1.0390819e+01
   1.4075000e+02   1.0387458e+01
   1.4100000e+02   1.0384127e+01
   1.4125000e+02   1.0380823e+01
   1.4150000e+02   1.0377549e+01
   1.4175000e+02   1.0374302e+01
   1.4200000e+02   1.0371083e+01
   1.4225000e+02   1.0367892e+01
   1.4250000e+02   1.0364729e+01
   1.4275000e+02   1.0361592e+01
   1.4300000e+02   1.0358483e+01
   1.4325000e+02   1.0355400e+01
   1.4350000e+02   1.0352344e+01
   1.4375000e+02   1.0349314e+01
   1.4400000e+02   1.0346311e+01
   1.4425000e+02   1.0343333e+01
   1.4450000e+02   1.0340380e+01
   1.4475000e+02   1.0337453e+01
   1.4500000e+02   1.0334551e+01
   1.4525000e+02   1.0331674e+01
   1.4550000e+02   1.0328822e+01
   1.4575000e+02   1.0325995e+01
   1.4600000e+02   1.0323191e+01
   1.4625000e+02   1.0320412e+01
   1.4650000e+02   1.0317657e+01
   1.4675000e+02   1.0314925e+01
   1.4700000e+02   1.0312217e+01
   1.4725000e+02   1.0309533e+01
   1.4750000e+02   1.0306871e+01
   1.4775000e+02   1.0304232e+01
   1.4800000e+02   1.0301616e+01
   1.4825000e+02   1.0299022e+01
   1.4850000e+02   1.0296451e+01
   1.4875000e+02   1.0293902e+01
   1.4900000e+02   1.0291374e+01
   1.4925000e+02   1.0288869e+01
   1.4950000e+02   1.0286385e+01
   1.4975000e+02   1.0283922e+01
   1.5000000e+02   1.0281480e+01
   1.5025000e+02   1.0279060e+01
   1.5050000e+02   1.0276660e+01
   1.5075000e+02   1.0274281e+01
   1.5100000e+02   1.0271923e+01
   1.5125000e+02   1.0269584e+01
   1.5150000e+02   1.0267266e+01
   1.5175000e+02   1.0264968e+01
   1.5200000e+02   1.0262689e+01
   1.5225000e+02   1.0260430e+01
   1.5250000e+02   1.0258191e+01
   1.5275000e+02   1.0255971e+01
   1.5300000e+02   1.0253770e+01
   1.5325000e+02   1.0251587e+01
   1.5350000e+02   1.0249424e+01
   1.5375000e+02   1.0247279e+01
   1.5400000e+02   1.0245153e+01
   1.5425000e+02   1.0243045e+01
   1.5450000e+02   1.0240955e+01
   1.5475000e+02   1.0238883e+01
   1.5500000e+02   1.0236828e+01
   1.5525000e+02   1.0234792e+01
   1.5550000e+02   1.0232773e+01
   1.5575000e+02   1.0230771e+01
   1.5600000e+02   1.0228787e+01
   1.5625000e+02   1.0226819e+01
   1.5650000e+02   1.0224869e+01
   1.5675000e+02   1.0222935e+01
   1.5700000e+02   1.0221018e+01
   1.5725000e+02   1.0219118e+01
   1.5750000e+02   1.0217233e+01
   1.5775000e+02   1.0215365e+01
   1.5800000e+02   1.0213513e+01
   1.5825000e+02   1.0211677e+01
   1.5850000e+02   1.0209857e+01
   1.5875000e+02   1.0208052e+01
   1.5900000e+02   1.0206263e+01
   1.5925000e+02   1.0204490e+01
   1.5950000e+02   1.0202731e+01
   1.5975000e+02   1.0200988e+01
   1.6000000e+02   1.0199260e+01
   1.6025000e+02   1.0197546e+01
   1.6050000e+02   1.0195847e+01
   1.6075000e+02   1.0194163e+01
   1.6100000e+02   1.0192494e+01
   1.6125000e+02   1.0190838e+01
   1.6150000e+02   1.0189197e+01
   1.6175000e+02   1.0187570e+01
   1.6200000e+02   1.0185957e+01
   1.6225000e+02   1.0184358e+01
   1.6250000e+02   1.0182773e+01
   1.6275000e+02   1.0181201e+01
   1.6300000e+02   1.0179643e+01
   1.6325000e+02   1.0178098e+01
   1.6350000e+02   1.0176567e+01
   1.6375000e+02   1.0175049e+01
   1.6400000e+02   1.0173543e+01
   1.6425000e+02   1.0172051e+01
   1.6450000e+02   1.0170571e+01
   1.6475000e+02   1.0169105e+01
   1.6500000e+02   1.0167650e+01
   1.6525000e+02   1.0166209e+01
   1.6550000e+02   1.0164780e+01
   1.6575000e+02   1.0163363e+01
   1.6600000e+02   1.0161958e+01
   1.6625000e+02   1.0160565e+01
   1.6650000e+02   1.0159184e+01
   1.6675000e+02   1.0157816e+01
   1.6700000e+02   1.0156458e+01
   1.6725000e+02   1.0155113e+01
   1.6750000e+02   1.0153779e+01
   1.6775000e+02   1.0152457e+01
   1.6800000e+02   1.0151146e+01
   1.6825000e+02   1.0149846e+01
   1.6850000e+02   1.0148558e+01
   1.6875000e+02   1.0147280e+01
   1.6900000e+02   1.0146014e+01
   1.6925000e+02   1.0144758e+01
   1.6950000e+02   1.0143513e+01
   1.6975000e+02   1.0142279e+01
   1.7000000e+02   1.0141056e+01
   1.7025000e+02   1.0139843e+01
   1.7050000e+02   1.0138640e+01
   1.7075000e+02   1.0137448e+01
   1.7100000e+02   1.0136266e+01
   1.7125000e+02   1.0135094e+01
   1.7150000e+02   1.0133932e+01
   1.7175000e+02   1.0132781e+01
   1.7200000e+02   1.0131639e+01
   1.7225000e+02   1.0130507e+01
   1.7250000e+02   1.0129385e+01
   1.7275000e+02   1.0128272e+01
   1.7300000e+02   1.0127169e+01
   1.7325000e+02   1.0126076e+01
   1.7350000e+02   1.0124991e+01
   1.7375000e+02   1.0123917e+01
   1.7400000e+02   1.0122851e+01
   1.7425000e+02   1.0121795e+01
   1.7450000e+02   1.0120747e+01
   1.7475000e+02   1.0119709e+01
   1.7500000e+02   1.0118680e+01
   1.7525000e+02   1.0117659e+01
   1.7550000e+02   1.0116647e+01
   1.7575000e+02   1.0115644e+01
   1.7600000e+02   1.0114650e+01
   1.7625000e+02   1.0113664e+01
   1.7650000e+02   1.0112686e+01
   1.7675000e+02   1.0111717e+01
   1.7700000e+02   1.0110757e+01
   1.7725000e+02   1.0109804e+01
   1.7750000e+02   1.0108860e+01
   1.7775000e+02   1.0107924e+01
   1.7800000e+02   1.0106996e+01
   1.7825000e+02   1.0106076e+01
   1.7850000e+02   1.0105164e+01
   1.7875000e+02   1.0104259e+01
   1.7900000e+02   1.0103363e+01
   1.7925000e+02   1.0102474e+01
   1.7950000e+02   1.0101593e+01
   1.7975000e+02   1.0100719e+01
   1.8000000e+02   1.0099853e+01
   1.8025000e+02   1.0098994e+01
   1.8050000e+02   1.0098143e+01
   1.8075000e+02   1.0097299e+01
   1.8100000e+02   1.0096462e+01
   1.8125000e+02   1.0095633e+01
   1.8150000e+02   1.0094811e+01
   1.8175000e+02   1.0093995e+01
   1.8200000e+02   1.0093187e+01
   1.8225000e+02   1.0092386e+01
   1.8250000e+02   1.0091591e+01
   1.8275000e+02   1.0090804e+01
   1.8300000e+02   1.0090023e+01
   1.8325000e+02   1.0089249e+01
   1.8350000e+02   1.0088481e+01
   1.8375000e+02   1.0087720e+01
   1.8400000e+02   1.0086966e+01
   1.8425000e+02   1.0086218e+01
   1.8450000e+02   1.0085477e+01
   1.8475000e+02   1.0084742e+01
   1.8500000e+02   1.0084013e+01
   1.8525000e+02   1.0083291e+01
   1.8550000e+02   1.0082574e+01
   1.8575000e+02   1.0081864e+01
   1.8600000e+02   1.0081160e+01
   1.8625000e+02   1.0080462e+01
   1.8650000e+02   1.0079771e+01
   1.8675000e+02   1.0079085e+01
   1.8700000e+02   1.0078405e+01
   1.8725000e+02   1.0077730e+01
   1.8750000e+02   1.0077062e+01
   1.8775000e+02   1.0076399e+01
   1.8800000e+02   1.0075742e+01
   1.8825000e+02   1.0075091e+01
   1.8850000e+02   1.0074445e+01
   1.8875000e+02   1.0073805e+01
   1.8900000e+02   1.0073170e+01
   1.8925000e+02   1.0072541e+01
   1.8950000e+02   1.0071917e+01
   1.8975000e+02   1.0071299e+01
   1.9000000e+02   1.0070686e+01
   1.9025000e+02   1.0070078e+01
   1.9050000e+02   1.0069475e+01
   1.9075000e+02   1.0068878e+01
   1.9100000e+02   1.0068286e+01
   1.9125000e+02   1.0067698e+01
   1.9150000e+02   1.0067116e+01
   1.9175000e+02   1.0066539e+01
   1.9200000e+02   1.0065967e+01
   1.9225000e+02   1.0065400e+01
   1.9250000e+02   1.0064837e+01
   1.9275000e+02   1.0064280e+01
   1.9300000e+02   1.0063727e+01
   1.9325000e+02   1.0063179e+01
   1.9350000e+02   1.0062636e+01
   1.9375000e+02   1.0062097e+01
   1.9400000e+02   1.0061563e+01
   1.9425000e+02   1.0061034e+01
   1.9450000e+02   1.0060509e+01
   1.9475000e+02   1.0059989e+01
   1.9500000e+02   1.0059473e+01
   1.9525000e+02   1.0058961e+01
   1.9550000e+02   1.0058454e+01
   1.9575000e+02   1.0057952e+01
   1.9600000e+02   1.0057453e+01
   1.9625000e+02   1.0056959e+01
   1.9650000e+02   1.0056469e+01
   1.9675000e+02   1.0055984e+01
   1.9700000e+02   1.0055502e+01
   1.9725000e+02   1.0055025e+01
   1.9750000e+02   1.0054552e+01
   1.9775000e+02   1.0054083e+01
   1.9800000e+02   1.0053618e+01
   1.9825000e+02   1.0053157e+01
   1.9850000e+02   1.0052700e+01
   1.9875000e+02   1.0052246e+01
   1.9900000e+02   1.0051797e+01
   1.9925000e+02   1.0051352e+01
   1.9950000e+02   1.0050910e+01
   1.9975000e+02   1.0050472e+01
   2.0000000e+02   1.0050038e+01
   2.0025000e+02   1.0049608e+01
   2.0050000e+02   1.0049182e+01
   2.0075000e+02   1.0048759e+01
   2.0100000e+02   1.0048339e+01
   2.0125000e+02   1.0047924e+01
   2.0150000e+02   1.0047512e+01
   2.0175000e+02   1.0047103e+01
   2.0200000e+02   1.0046698e+01
   2.0225000e+02   1.0046296e+01
   2.0250000e+02   1.0045898e+01
   2.0275000e+02   1.0045504e+01
   2.0300000e+02   1.0045112e+01
   2.0325000e+02   1.0044724e+01
   2.0350000e+02   1.0044340e+01
   2.0375000e+02   1.0043958e+01
   2.0400000e+02   1.0043580e+01
   2.0425000e+02   1.0043206e+01
   2.0450000e+02   1.0042834e+01
   2.0475000e+02   1.0042466e+01
   2.0500000e+02   1.0042101e+01
   2.0525000e+02   1.0041739e+01
   2.0550000e+02   1.0041380e+01
   2.0575000e+02   1.0041024e+01
   2.0600000e+02   1.0040671e+01
   2.0625000e+02   1.0040321e+01
   2.0650000e+02   1.0039975e+01
   2.0675000e+02   1.0039631e+01
   2.0700000e+02   1.0039290e+01
   2.0725000e+02   1.0038952e+01
   2.0750000e+02   1.0038617e+01
   2.0775000e+02   1.0038285e+01
   2.0800000e+02   1.0037956e+01
   2.0825000e+02   1.0037630e+01
   2.0850000e+02   1.0037306e+01
   2.0875000e+02   1.0036985e+01
   2.0900000e+02   1.0036667e+01
   2.0925000e+02   1.0036352e+01
   2.0950000e+02   1.0036039e+01
   2.0975000e+02   1.0035729e+01
   2.1000000e+02   1.0035422e+01
   2.1025000e+02   1.0035117e+01
   2.1050000e+02   1.0034816e+01
   2.1075000e+02   1.0034516e+01
   2.1100000e+02   1.0034219e+01
   2.1125000e+02   1.0033925e+01
   2.1150000e+02   1.0033633e+01
   2.1175000e+02   1.0033344e+01
   2.1200000e+02   1.0033057e+01
   2.1225000e+02   1.0032773e+01
   2.1250000e+02   1.0032491e+01
   2.1275000e+02   1.0032212e+01
   2.1300000e+02   1.0031935e+01
   2.1325000e+02   1.0031660e+01
   2.1350000e+02   1.0031388e+01
   2.1375000e+02   1.0031118e+01
   2.1400000e+02   1.0030851e+01
   2.1425000e+02   1.0030585e+01
   2.1450000e+02   1.0030322e+01
   2.1475000e+02   1.0030061e+01
   2.1500000e+02   1.0029803e+01
   2.1525000e+02   1.0029547e+01
   2.1550000e+02   1.0029293e+01
   2.1575000e+02   1.0029041e+01
   2.1600000e+02   1.0028791e+01
   2.1625000e+02   1.0028543e+01
   2.1650000e+02   1.0028298e+01
   2.1675000e+02   1.0028055e+01
   2.1700000e+02   1.0027813e+01
   2.1725000e+02   1.0027574e+01
   2.1750000e+02   1.0027337e+01
   2.1775000e+02   1.0027102e+01
   2.1800000e+02   1.0026869e+01
   2.1825000e+02   1.0026638e+01
   2.1850000e+02   1.0026409e+01
   2.1875000e+02   1.0026182e+01
   2.1900000e+02   1.0025957e+01
   2.1925000e+02   1.0025733e+01
   2.1950000e+02   1.0025512e+01
   2.1975000e+02   1.0025293e+01
   2.2000000e+02   1.0025075e+01
   2.2025000e+02   1.0024860e+01
   2.2050000e+02   1.0024646e+01
   2.2075000e+02   1.0024434e+01
   2.2100000e+02   1.0024224e+01
   2.2125000e+02   1.0024016e+01
   2.2150000e+02   1.0023809e+01
   2.2175000e+02   1.0023604e+01
   2.2200000e+02   1.0023401e+01
   2.2225000e+02   1.0023200e+01
   2.2250000e+02   1.0023001e+01
   2.2275000e+02   1.0022803e+01
   2.2300000e+02   1.0022607e+01
   2.2325000e+02   1.0022412e+01
   2.2350000e+02   1.0022220e+01
   2.2375000e+02   1.0022028e+01
   2.2400000e+02   1.0021839e+01
   2.2425000e+02   1.0021651e+01
   2.2450000e+02   1.0021465e+01
   2.2475000e+02   1.0021280e+01
   2.2500000e+02   1.0021097e+01
   2.2525000e+02   1.0020916e+01
   2.2550000e+02   1.0020736e+01
   2.2575000e+02   1.0020558e+01
   2.2600000e+02   1.0020381e+01
   2.2625000e+02   1.0020206e+01
   2.2650000e+02   1.0020032e+01
   2.2675000e+02   1.0019860e+01
   2.2700000e+02   1.0019689e+01
   2.2725000e+02   1.0019520e+01
   2.2750000e+02   1.0019352e+01
   2.2775000e+02   1.0019185e+01
   2.2800000e+02   1.0019021e+01
   2.2825000e+02   1.0018857e+01
   2.2850000e+02   1.0018695e+01
   2.2875000e+02   1.0018534e+01
   2.2900000e+02   1.0018375e+01
   2.2925000e+02   1.0018217e+01
   2.2950000e+02   1.0018060e+01
   2.2975000e+02   1.0017905e+01
   2.3000000e+02   1.0017751e+01
   2.3025000e+02   1.0017598e+01
   2.3050000e+02   1.0017447e+01
   2.3075000e+02   1.0017297e+01
   2.3100000e+02   1.0017148e+01
   2.3125000e+02   1.0017001e+01
   2.3150000e+02   1.0016854e+01
   2.3175000e+02   1.0016709e+01
   2.3200000e+02   1.0016566e+01
   2.3225000e+02   1.0016423e+01
   2.3250000e+02   1.0016282e+01
   2.3275000e+02   1.0016142e+01
   2.3300000e+02   1.0016003e+01
   2.3325000e+02   1.0015866e+01
   2.3350000e+02   1.0015729e+01
   2.3375000e+02   1.0015594e+01
   2.3400000e+02   1.0015460e+01
   2.3425000e+02   1.0015327e+01
   2.3450000e+02   1.0015195e+01
   2.3475000e+02   1.0015064e+01
   2.3500000e+02   1.0014935e+01
   2.3525000e+02   1.0014806e+01
   2.3550000e+02   1.0014679e+01
   2.3575000e+02   1.0014553e+01
   2.3600000e+02   1.0014428e+01
   2.3625000e+02   1.0014304e+01
   2.3650000e+02   1.0014181e+01
   2.3675000e+02   1.0014059e+01
   2.3700000e+02   1.0013938e+01
   2.3725000e+02   1.0013818e+01
   2.3750000e+02   1.0013699e+01
   2.3775000e+02   1.0013581e+01
   2.3800000e+02   1.0013465e+01
   2.3825000e+02   1.0013349e+01
   2.3850000e+02   1.0013234e+01
   2.3875000e+02   1.0013120e+01
   2.3900000e+02   1.0013007e+01
   2.3925000e+02   1.0012896e+01
   2.3950000e+02   1.0012785e+01
   2.3975000e+02   1.0012675e+01
   2.4000000e+02   1.0012566e+01
   2.4025000e+02   1.0012458e+01
   2.4050000e+02   1.0012351e+01
   2.4075000e+02   1.0012244e+01
   2.4100000e+02   1.0012139e+01
   2.4125000e+02   1.0012035e+01
   2.4150000e+02   1.0011931e+01
   2.4175000e+02   1.0011829e+01
   2.4200000e+02   1.0011727e+01
   2.4225000e+02   1.0011626e+01
   2.4250000e+02   1.0011526e+01
   2.4275000e+02   1.0011427e+01
   2.4300000e+02   1.0011329e+01
   2.4325000e+02   1.0011231e+01
   2.4350000e+02   1.0011135e+01
   2.4375000e+02   1.0011039e+01
   2.4400000e+02   1.0010944e+01
   2.4425000e+02   1.0010850e+01
   2.4450000e+02   1.0010757e+01
   2.4475000e+02   1.0010664e+01
   2.4500000e+02   1.0010572e+01
   2.4525000e+02   1.0010481e+01
   2.4550000e+02   1.0010391e+01
   2.4575000e+02   1.0010302e+01
   2.4600000e+02   1.0010213e+01
   2.4625000e+02   1.0010126e+01
   2.4650000e+02   1.0010038e+01
   2.4675000e+02   1.0009952e+01
   2.4700000e+02   1.0009867e+01
   2.4725000e+02   1.0009782e+01
   2.4750000e+02   1.0009698e+01
   2.4775000e+02   1.0009614e+01
   2.4800000e+02   1.0009532e+01
   2.4825000e+02   1.0009450e+01
   2.4850000e+02   1.0009368e+01
   2.4875000e+02   1.0009288e+01
   2.4900000e+02   1.0009208e+01
   2.4925000e+02   1.0009129e+01
   2.4950000e+02   1.0009050e+01
   2.4975000e+02   1.0008972e+01
   2.5000000e+02   1.0008895e+01
   2.5025000e+02   1.0008819e+01
   2.5050000e+02   1.0008743e+01
   2.5075000e+02   1.0008668e+01
   2.5100000e+02   1.0008593e+01
   2.5125000e+02   1.0008519e+01
   2.5150000e+02   1.0008446e+01
   2.5175000e+02   1.0008373e+01
   2.5200000e+02   1.0008301e+01
   2.5225000e+02   1.0008230e+01
   2.5250000e+02   1.0008159e+01
   2.5275000e+02   1.0008089e+01
   2.5300000e+02   1.0008020e+01
   2.5325000e+02   1.0007951e+01
   2.5350000e+02   1.0007882e+01
   2.5375000e+02   1.0007814e+01
   2.5400000e+02   1.0007747e+01
   2.5425000e+02   1.0007681e+01
   2.5450000e+02   1.0007615e+01
   2.5475000e+02   1.0007549e+01
   2.5500000e+02   1.0007484e+01
   2.5525000e+02   1.0007420e+01
   2.5550000e+02   1.0007356e+01
   2.5575000e+02   1.0007293e+01
   2.5600000e+02   1.0007230e+01
   2.5625000e+02   1.0007168e+01
   2.5650000e+02   1.0007106e+01
   2.5675000e+02   1.0007045e+01
   2.5700000e+02   1.0006985e+01
   2.5725000e+02   1.0006924e+01
   2.5750000e+02   1.0006865e+01
   2.5775000e+02   1.0006806e+01
   2.5800000e+02   1.0006747e+01
   2.5825000e+02   1.0006689e+01
   2.5850000e+02   1.0006632e+01
   2.5875000e+02   1.0006575e+01
   2.5900000e+02   1.0006518e+01
   2.5925000e+02   1.0006462e+01
   2.5950000e+02   1.0006407e+01
   2.5975000e+02   1.0006352e+01
   2.6000000e+02   1.0006297e+01
   2.6025000e+02   1.0006243e+01
   2.6050000e+02   1.0006189e+01
   2.6075000e+02   1.0006136e+01
   2.6100000e+02   1.0006083e+01
   2.6125000e+02   1.0006031e+01
   2.6150000e+02   1.0005979e+01
   2.6175000e+02   1.0005928e+01
   2.6200000e+02   1.0005877e+01
   2.6225000e+02   1.0005826e+01
   2.6250000e+02   1.0005776e+01
   2.6275000e+02   1.0005726e+01
   2.6300000e+02   1.0005677e+01
   2.6325000e+02   1.0005628e+01
   2.6350000e+02   1.0005580e+01
   2.6375000e+02   1.0005532e+01
   2.6400000e+02   1.0005484e+01
   2.6425000e+02   1.0005437e+01
   2.6450000e+02   1.0005390e+01
   2.6475000e+02   1.0005344e+01
   2.6500000e+02   1.0005298e+01
   2.6525000e+02   1.0005252e+01
   2.6550000e+02   1.0005207e+01
   2.6575000e+02   1.0005163e+01
   2.6600000e+02   1.0005118e+01
   2.6625000e+02   1.0005074e+01
   2.6650000e+02   1.0005030e+01
   2.6675000e+02   1.0004987e+01
   2.6700000e+02   1.0004944e+01
   2.6725000e+02   1.0004902e+01
   2.6750000e+02   1.0004860e+01
   2.6775000e+02   1.0004818e+01
   2.6800000e+02   1.0004776e+01
   2.6825000e+02   1.0004735e+01
   2.6850000e+02   1.0004695e+01
   2.6875000e+02   1.0004654e+01
   2.6900000e+02   1.0004614e+01
   2.6925000e+02   1.0004575e+01
   2.6950000e+02   1.0004535e+01
   2.6975000e+02   1.0004496e+01
   2.7000000e+02   1.0004458e+01
   2.7025000e+02   1.0004419e+01
   2.7050000e+02   1.0004381e+01
   2.7075000e+02   1.0004344e+01
   2.7100000e+02   1.0004306e+01
   2.7125000e+02   1.0004269e+01
   2.7150000e+02   1.0004232e+01
   2.7175000e+02   1.0004196e+01
   2.7200000e+02   1.0004160e+01
   2.7225000e+02   1.0004124e+01
   2.7250000e+02   1.0004089e+01
   2.7275000e+02   1.0004054e+01
   2.7300000e+02   1.0004019e+01
   2.7325000e+02   1.0003984e+01
   2.7350000e+02   1.0003950e+01
   2.7375000e+02   1.0003916e+01
   2.7400000e+02   1.0003882e+01
   2.7425000e+02   1.0003849e+01
   2.7450000e+02   1.0003816e+01
   2.7475000e+02   1.0003783e+01
   2.7500000e+02   1.0003750e+01
   2.7525000e+02   1.0003718e+01
   2.7550000e+02   1.0003686e+01
   2.7575000e+02   1.0003655e+01
   2.7600000e+02   1.0003623e+01
   2.7625000e+02   1.0003592e+01
   2.7650000e+02   1.0003561e+01
   2.7675000e+02   1.0003530e+01
   2.7700000e+02   1.0003500e+01
   2.7725000e+02   1.0003470e+01
   2.7750000e+02   1.0003440e+01
   2.7775000e+02   1.0003411e+01
   2.7800000e+02   1.0003381e+01
   2.7825000e+02   1.0003352e+01
   2.7850000e+02   1.0003323e+01
   2.7875000e+02   1.0003295e+01
   2.7900000e+02   1.0003266e+01
   2.7925000e+02   1.0003238e+01
   2.7950000e+02   1.0003211e+01
   2.7975000e+02   1.0003183e+01
   2.8000000e+02   1.0003156e+01
   2.8025000e+02   1.0003128e+01
   2.8050000e+02   1.0003101e+01
   2.8075000e+02   1.0003075e+01
   2.8100000e+02   1.0003048e+01
   2.8125000e+02   1.0003022e+01
   2.8150000e+02   1.0002996e+01
   2.8175000e+02   1.0002970e+01
   2.8200000e+02   1.0002945e+01
   2.8225000e+02   1.0002920e+01
   2.8250000e+02   1.0002894e+01
   2.8275000e+02   1.0002870e+01
   2.8300000e+02   1.0002845e+01
   2.8325000e+02   1.0002820e+01
   2.8350000e+02   1.0002796e+01
   2.8375000e+02   1.0002772e+01
   2.8400000e+02   1.0002748e+01
   2.8425000e+02   1.0002725e+01
   2.8450000e+02   1.0002701e+01
   2.8475000e+02   1.0002678e+01
   2.8500000e+02   1.0002655e+01
   2.8525000e+02   1.0002632e+01
   2.8550000e+02   1.0002609e+01
   2.8575000e+02   1.0002587e+01
   2.8600000e+02   1.0002565e+01
   2.8625000e+02   1.0002543e+01
   2.8650000e+02   1.0002521e+01
   2.8675000e+02   1.0002499e+01
   2.8700000e+02   1.0002478e+01
   2.8725000e+02   1.0002456e+01
   2.8750000e+02   1.0002435e+01
   2.8775000e+02   1.0002414e+01
   2.8800000e+02   1.0002394e+01
   2.8825000e+02   1.0002373e+01
   2.8850000e+02   1.0002353e+01
   2.8875000e+02   1.0002332e+01
   2.8900000e+02   1.0002312e+01
   2.8925000e+02   1.0002292e+01
   2.8950000e+02   1.0002273e+01
   2.8975000e+02   1.0002253e+01
   2.9000000e+02   1.0002234e+01
   2.9025000e+02   1.0002215e+01
   2.9050000e+02   1.0002196e+01
   2.9075000e+02   1.0002177e+01
   2.9100000e+02   1.0002158e+01
   2.9125000e+02   1.0002139e+01
   2.9150000e+02   1.0002121e+01
   2.9175000e+02   1.0002103e+01
   2.9200000e+02   1.0002085e+01
   2.9225000e+02   1.0002067e+01
   2.9250000e+02   1.0002049e+01
   2.9275000e+02   1.0002031e+01
   2.9300000e+02   1.0002014e+01
   2.9325000e+02   1.0001997e+01
   2.9350000e+02   1.0001979e+01
   2.9375000e+02   1.0001962e+01
   2.9400000e+02   1.0001945e+01
   2.9425000e+02   1.0001929e+01
   2.9450000e+02   1.0001912e+01
   2.9475000e+02   1.0001896e+01
   2.9500000e+02   1.0001879e+01
   2.9525000e+02   1.0001863e+01
   2.9550000e+02   1.0001847e+01
   2.9575000e+02   1.0001831e+01
   2.9600000e+02   1.0001816e+01
   2.9625000e+02   1.0001800e+01
   2.9650000e+02   1.0001785e+01
   2.9675000e+02   1.0001769e+01
   2.9700000e+02   1.0001754e+01
   2.9725000e+02   1.0001739e+01
   2.9750000e+02   1.0001724e+01
   2.9775000e+02   1.0001709e+01
   2.9800000e+02   1.0001694e+01
   2.9825000e+02   1.0001680e+01
   2.9850000e+02   1.0001665e+01
   2.9875000e+02   1.0001651e+01
   2.9900000e+02   1.0001637e+01
   2.9925000e+02   1.0001623e+01
   2.9950000e+02   1.0001609e+01
   2.9975000e+02   1.0001595e+01
   3.0000000e+02   1.0001581e+01
   3.0025000e+02   1.0001568e+01
   3.0050000e+02   1.0001554e+01
   3.0075000e+02   1.0001541e+01
   3.0100000e+02   1.0001528e+01
   3.0125000e+02   1.0001514e+01
   3.0150000e+02   1.0001501e+01
   3.0175000e+02   1.0001489e+01
   3.0200000e+02   1.0001476e+01
   3.0225000e+02   1.0001463e+01
   3.0250000e+02   1.0001450e+01
   3.0275000e+02   1.0001438e+01
   3.0300000e+02   1.0001426e+01
   3.0325000e+02   1.0001413e+01
   3.0350000e+02   1.0001401e+01
   3.0375000e+02   1.0001389e+01
   3.0400000e+02   1.0001377e+01
   3.0425000e+02   1.0001365e+01
   3.0450000e+02   1.0001354e+01
   3.0475000e+02   1.0001342e+01
   3.0500000e+02   1.0001330e+01
   3.0525000e+02   1.0001319e+01
   3.0550000e+02   1.0001308e+01
   3.0575000e+02   1.0001296e+01
   3.0600000e+02   1.0001285e+01
   3.0625000e+02   1.0001274e+01
   3.0650000e+02   1.0001263e+01
   3.0675000e+02   1.0001252e+01
   3.0700000e+02   1.0001242e+01
   3.0725000e+02   1.0001231e+01
   3.0750000e+02   1.0001220e+01
   3.0775000e+02   1.0001210e+01
   3.0800000e+02   1.0001199e+01
   3.0825000e+02   1.0001189e+01
   3.0850000e+02   1.0001179e+01
   3.0875000e+02   1.0001169e+01
   3.0900000e+02   1.0001159e+01
   3.0925000e+02   1.0001149e+01
   3.0950000e+02   1.0001139e+01
   3.0975000e+02   1.0001129e+01
   3.1000000e+02   1.0001119e+01
   3.1025000e+02   1.0001110e+01
   3.1050000e+02   1.0001100e+01
   3.1075000e+02   1.0001091e+01
   3.1100000e+02   1.0001081e+01
   3.1125000e+02   1.0001072e+01
   3.1150000e+02   1.0001063e+01
   3.1175000e+02   1.0001054e+01
   3.1200000e+02   1.0001045e+01
   3.1225000e+02   1.0001036e+01
   3.1250000e+02   1.0001027e+01
   3.1275000e+02   1.0001018e+01
   3.1300000e+02   1.0001009e+01
   3.1325000e+02   1.0001001e+01
   3.1350000e+02   1.0000992e+01
   3.1375000e+02   1.0000983e+01
   3.1400000e+02   1.0000975e+01
   3.1425000e+02   1.0000967e+01
   3.1450000e+02   1.0000958e+01
   3.1475000e+02   1.0000950e+01
   3.1500000e+02   1.0000942e+01
   3.1525000e+02   1.0000934e+01
   3.1550000e+02   1.0000926e+01
   3.1575000e+02   1.0000918e+01
   3.1600000e+02   1.0000910e+01
   3.1625000e+02   1.0000902e+01
   3.1650000e+02   1.0000894e+01
   3.1675000e+02   1.0000887e+01
   3.1700000e+02   1.0000879e+01
   3.1725000e+02   1.0000871e+01
   3.1750000e+02   1.0000864e+01
   3.1775000e+02   1.0000856e+01
   3.1800000e+02   1.0000849e+01
   3.1825000e+02   1.0000842e+01
   3.1850000e+02   1.0000835e+01
   3.1875000e+02   1.0000827e+01
   3.1900000e+02   1.0000820e+01
   3.1925000e+02   1.0000813e+01
   3.1950000e+02   1.0000806e+01
   3.1975000e+02   1.0000799e+01
   3.2000000e+02   1.0000792e+01
   3.2025000e+02   1.0000786e+01
   3.2050000e+02   1.0000779e+01
   3.2075000e+02   1.0000772e+01
   3.2100000e+02   1.0000766e+01
   3.2125000e+02   1.0000759e+01
   3.2150000e+02   1.0000752e+01
   3.2175000e+02   1.0000746e+01
   3.2200000e+02   1.0000740e+01
   3.2225000e+02   1.0000733e+01
   3.2250000e+02   1.0000727e+01
   3.2275000e+02   1.0000721e+01
   3.2300000e+02   1.0000714e+01
   3.2325000e+02   1.0000708e+01
   3.2350000e+02   1.0000702e+01
   3.2375000e+02   1.0000696e+01
   3.2400000e+02   1.0000690e+01
   3.2425000e+02   1.0000684e+01
   3.2450000e+02   1.0000678e+01
   3.2475000e+02   1.0000672e+01
   3.2500000e+02   1.0000667e+01
   3.2525000e+02   1.0000661e+01
   3.2550000e+02   1.0000655e+01
   3.2575000e+02   1.0000650e+01
   3.2600000e+02   1.0000644e+01
   3.2625000e+02   1.0000639e+01
   3.2650000e+02   1.0000633e+01
   3.2675000e+02   1.0000628e+01
   3.2700000e+02   1.0000622e+01
   3.2725000e+02   1.0000617e+01
   3.2750000e+02   1.0000612e+01
   3.2775000e+02   1.0000606e+01
   3.2800000e+02   1.0000601e+01
   3.2825000e+02   1.0000596e+01
   3.2850000e+02   1.0000591e+01
   3.2875000e+02   1.0000586e+01
   3.2900000e+02   1.0000581e+01
   3.2925000e+02   1.0000576e+01
   3.2950000e+02   1.0000571e+01
   3.2975000e+02   1.0000566e+01
   3.3000000e+02   1.0000561e+01
   3.3025000e+02   1.0000556e+01
   3.3050000e+02   1.0000551e+01
   3.3075000e+02   1.0000547e+01
   3.3100000e+02   1.0000542e+01
   3.3125000e+02   1.0000537e+01
   3.3150000e+02   1.0000533e+01
   3.3175000e+02   1.0000528e+01
   3.3200000e+02   1.0000524e+01
   3.3225000e+02   1.0000519e+01
   3.3250000e+02   1.0000515e+01
   3.3275000e+02   1.0000510e+01
   3.3300000e+02   1.0000506e+01
   3.3325000e+02   1.0000501e+01
   3.3350000e+02   1.0000497e+01
   3.3375000e+02   1.0000493e+01
   3.3400000e+02   1.0000489e+01
   3.3425000e+02   1.0000484e+01
   3.3450000e+02   1.0000480e+01
   3.3475000e+02   1.0000476e+01
   3.3500000e+02   1.0000472e+01
   3.3525000e+02   1.0000468e+01
   3.3550000e+02   1.0000464e+01
   3.3575000e+02   1.0000460e+01
   3.3600000e+02   1.0000456e+01
   3.3625000e+02   1.0000452e+01
   3.3650000e+02   1.0000448e+01
   3.3675000e+02   1.0000444e+01
   3.3700000e+02   1.0000440e+01
   3.3725000e+02   1.0000437e+01
   3.3750000e+02   1.0000433e+01
   3.3775000e+02   1.0000429e+01
   3.3800000e+02   1.0000426e+01
   3.3825000e+02   1.0000422e+01
   3.3850000e+02   1.0000418e+01
   3.3875000e+02   1.0000415e+01
   3.3900000e+02   1.0000411e+01
   3.3925000e+02   1.0000408e+01
   3.3950000e+02   1.0000404e+01
   3.3975000e+02   1.0000401e+01
   3.4000000e+02   1.0000397e+01
   3.4025000e+02   1.0000394e+01
   3.4050000e+02   1.0000390e+01
   3.4075000e+02   1.0000387e+01
   3.4100000e+02   1.0000384e+01
   3.4125000e+02   1.0000380e+01
   3.4150000e+02   1.0000377e+01
   3.4175000e+02   1.0000374e+01
   3.4200000e+02   1.0000371e+01
   3.4225000e+02   1.0000367e+01
   3.4250000e+02   1.0000364e+01
   3.4275000e+02   1.0000361e+01
   3.4300000e+02   1.0000358e+01
   3.4325000e+02   1.0000355e+01
   3.4350000e+02   1.0000352e+01
   3.4375000e+02   1.0000349e+01
   3.4400000e+02   1.0000346e+01
   3.4425000e+02   1.0000343e+01
   3.4450000e+02   1.0000340e+01
   3.4475000e+02   1.0000337e+01
   3.4500000e+02   1.0000334e+01
   3.4525000e+02   1.0000331e+01
   3.4550000e+02   1.0000328e+01
   3.4575000e+02   1.0000326e+01
   3.4600000e+02   1.0000323e+01
   3.4625000e+02   1.0000320e+01
   3.4650000e+02   1.0000317e+01
   3.4675000e+02   1.0000315e+01
   3.4700000e+02   1.0000312e+01
   3.4725000e+02   1.0000309e+01
   3.4750000e+02   1.0000306e+01
   3.4775000e+02   1.0000304e+01
   3.4800000e+02   1.0000301e+01
   3.4825000e+02   1.0000299e+01
   3.4850000e+02   1.0000296e+01
   3.4875000e+02   1.0000294e+01
   3.4900000e+02   1.0000291e+01
   3.4925000e+02   1.0000288e+01
   3.4950000e+02   1.0000286e+01
   3.4975000e+02   1.0000284e+01
   3.5000000e+02   1.0000281e+01
   3.5025000e+02   1.0000279e+01
   3.5050000e+02   1.0000276e+01
   3.5075000e+02   1.0000274e+01
   3.5100000e+02   1.0000272e+01
   3.5125000e+02   1.0000269e+01
   3.5150000e+02   1.0000267e+01
   3.5175000e+02   1.0000265e+01
   3.5200000e+02   1.0000262e+01
   3.5225000e+02   1.0000260e+01
   3.5250000e+02   1.0000258e+01
   3.5275000e+02   1.0000256e+01
   3.5300000e+02   1.0000253e+01
   3.5325000e+02   1.0000251e+01
   3.5350000e+02   1.0000249e+01
   3.5375000e+02   1.0000247e+01
   3.5400000e+02   1.0000245e+01
   3.5425000e+02   1.0000243e+01
   3.5450000e+02   1.0000241e+01
   3.5475000e+02   1.0000239e+01
   3.5500000e+02   1.0000237e+01
   3.5525000e+02   1.0000234e+01
   3.5550000e+02   1.0000232e+01
   3.5575000e+02   1.0000230e+01
   3.5600000e+02   1.0000228e+01
   3.5625000e+02   1.0000227e+01
   3.5650000e+02   1.0000225e+01
   3.5675000e+02   1.0000223e+01
   3.5700000e+02   1.0000221e+01
   3.5725000e+02   1.0000219e+01
   3.5750000e+02   1.0000217e+01
   3.5775000e+02   1.0000215e+01
   3.5800000e+02   1.0000213e+01
   3.5825000e+02   1.0000211e+01
   3.5850000e+02   1.0000210e+01
   3.5875000e+02   1.0000208e+01
   3.5900000e+02   1.0000206e+01
   3.5925000e+02   1.0000204e+01
   3.5950000e+02   1.0000202e+01
   3.5975000e+02   1.0000201e+01
   3.6000000e+02   1.0000199e+01
   3.6025000e+02   1.0000197e+01
   3.6050000e+02   1.0000196e+01
   3.6075000e+02   1.0000194e+01
   3.6100000e+02   1.0000192e+01
   3.6125000e+02   1.0000191e+01
   3.6150000e+02   1.0000189e+01
   3.6175000e+02   1.0000187e+01
   3.6200000e+02   1.0000186e+01
   3.6225000e+02   1.0000184e+01
   3.6250000e+02   1.0000183e+01
   3.6275000e+02   1.0000181e+01
   3.6300000e+02   1.0000179e+01
   3.6325000e+02   1.0000178e+01
   3.6350000e+02   1.0000176e+01
   3.6375000e+02   1.0000175e+01
   3.6400000e+02   1.0000173e+01
   3.6425000e+02   1.0000172e+01
   3.6450000e+02   1.0000170e+01
   3.6475000e+02   1.0000169e+01
   3.6500000e+02   1.0000167e+01
   3.6525000e+02   1.0000166e+01
   3.6550000e+02   1.0000165e+01
   3.6575000e+02   1.0000163e+01
   3.6600000e+02   1.0000162e+01
   3.6625000e+02   1.0000160e+01
   3.6650000e+02   1.0000159e+01
   3.6675000e+02   1.0000158e+01
   3.6700000e+02   1.0000156e+01
   3.6725000e+02   1.0000155e+01
   3.6750000e+02   1.0000154e+01
   3.6775000e+02   1.0000152e+01
   3.6800000e+02   1.0000151e+01
   3.6825000e+02   1.0000150e+01
   3.6850000e+02   1.0000148e+01
   3.6875000e+02   1.0000147e+01
   3.6900000e+02   1.0000146e+01
   3.6925000e+02   1.0000145e+01
   3.6950000e+02   1.0000143e+01
   3.6975000e+02   1.0000142e+01
   3.7000000e+02   1.0000141e+01
   3.7025000e+02   1.0000140e+01
   3.7050000e+02   1.0000138e+01
   3.7075000e+02   1.0000137e+01
   3.7100000e+02   1.0000136e+01
   3.7125000e+02   1.0000135e+01
   3.7150000e+02   1.0000134e+01
   3.7175000e+02   1.0000133e+01
   3.7200000e+02   1.0000131e+01
   3.7225000e+02   1.0000130e+01
   3.7250000e+02   1.0000129e+01
   3.7275000e+02   1.0000128e+01
   3.7300000e+02   1.0000127e+01
   3.7325000e+02   1.0000126e+01
   3.7350000e+02   1.0000125e+01
   3.7375000e+02   1.0000124e+01
   3.7400000e+02   1.0000123e+01
   3.7425000e+02   1.0000122e+01
   3.7450000e+02   1.0000121e+01
   3.7475000e+02   1.0000120e+01
   3.7500000e+02   1.0000119e+01
   3.7525000e+02   1.0000118e+01
   3.7550000e+02   1.0000116e+01
   3.7575000e+02   1.0000115e+01
   3.7600000e+02   1.0000114e+01
   3.7625000e+02   1.0000114e+01
   3.7650000e+02   1.0000113e+01
   3.7675000e+02   1.0000112e+01
   3.7700000e+02   1.0000111e+01
   3.7725000e+02   1.0000110e+01
   3.7750000e+02   1.0000109e+01
   3.7775000e+02   1.0000108e+01
   3.7800000e+02   1.0000107e+01
   3.7825000e+02   1.0000106e+01
   3.7850000e+02   1.0000105e+01
   3.7875000e+02   1.0000104e+01
   3.7900000e+02   1.0000103e+01
   3.7925000e+02   1.0000102e+01
   3.7950000e+02   1.0000101e+01
   3.7975000e+02   1.0000101e+01
   3.8000000e+02   1.0000100e+01
   3.8025000e+02   1.0000099e+01
   3.8050000e+02   1.0000098e+01
   3.8075000e+02   1.0000097e+01
   3.8100000e+02   1.0000096e+01
   3.8125000e+02   1.0000096e+01
   3.8150000e+02   1.0000095e+01
   3.8175000e+02   1.0000094e+01
   3.8200000e+02   1.0000093e+01
   3.8225000e+02   1.0000092e+01
   3.8250000e+02   1.0000091e+01
   3.8275000e+02   1.0000091e+01
   3.8300000e+02   1.0000090e+01
   3.8325000e+02   1.0000089e+01
   3.8350000e+02   1.0000088e+01
   3.8375000e+02   1.0000088e+01
   3.8400000e+02   1.0000087e+01
   3.8425000e+02   1.0000086e+01
   3.8450000e+02   1.0000085e+01
   3.8475000e+02   1.0000085e+01
   3.8500000e+02   1.0000084e+01
   3.8525000e+02   1.0000083e+01
   3.8550000e+02   1.0000082e+01
   3.8575000e+02   1.0000082e+01
   3.8600000e+02   1.0000081e+01
   3.8625000e+02   1.0000080e+01
   3.8650000e+02   1.0000080e+01
   3.8675000e+02   1.0000079e+01
   3.8700000e+02   1.0000078e+01
   3.8725000e+02   1.0000078e+01
   3.8750000e+02   1.0000077e+01
   3.8775000e+02   1.0000076e+01
   3.8800000e+02   1.0000076e+01
   3.8825000e+02   1.0000075e+01
   3.8850000e+02   1.0000074e+01
   3.8875000e+02   1.0000074e+01
   3.8900000e+02   1.0000073e+01
   3.8925000e+02   1.0000072e+01
   3.8950000e+02   1.0000072e+01
   3.8975000e+02   1.0000071e+01
   3.9000000e+02   1.0000071e+01
   3.9025000e+02   1.0000070e+01
   3.9050000e+02   1.0000069e+01
   3.9075000e+02   1.0000069e+01
   3.9100000e+02   1.0000068e+01
   3.9125000e+02   1.0000068e+01
   3.9150000e+02   1.0000067e+01
   3.9175000e+02   1.0000066e+01
   3.9200000e+02   1.0000066e+01
   3.9225000e+02   1.0000065e+01
   3.9250000e+02   1.0000065e+01
   3.9275000e+02   1.0000064e+01
   3.9300000e+02   1.0000064e+01
   3.9325000e+02   1.0000063e+01
   3.9350000e+02   1.0000063e+01
   3.9375000e+02   1.0000062e+01
   3.9400000e+02   1.0000061e+01
   3.9425000e+02   1.0000061e+01
   3.9450000e+02   1.0000060e+01
   3.9475000e+02   1.0000060e+01
   3.9500000e+02   1.0000059e+01
   3.9525000e+02   1.0000059e+01
   3.9550000e+02   1.0000058e+01
   3.9575000e+02   1.0000058e+01
   3.9600000e+02   1.0000057e+01
   3.9625000e+02   1.0000057e+01
   3.9650000e+02   1.0000056e+01
   3.9675000e+02   1.0000056e+01
   3.9700000e+02   1.0000055e+01
   3.9725000e+02   1.0000055e+01
   3.9750000e+02   1.0000054e+01
   3.9775000e+02   1.0000054e+01
   3.9800000e+02   1.0000054e+01
   3.9825000e+02   1.0000053e+01
   3.9850000e+02   1.0000053e+01
   3.9875000e+02   1.0000052e+01
   3.9900000e+02   1.0000052e+01
   3.9925000e+02   1.0000051e+01
   3.9950000e+02   1.0000051e+01
   3.9975000e+02   1.0000050e+01
   4.0000000e+02   1.0000050e+01
   4.0025000e+02   1.0000050e+01
   4.0050000e+02   1.0000049e+01
   4.0075000e+02   1.0000049e+01
   4.0100000e+02   1.0000048e+01
   4.0125000e+02   1.0000048e+01
   4.0150000e+02   1.0000047e+01
   4.0175000e+02   1.0000047e+01
   4.0200000e+02   1.0000047e+01
   4.0225000e+02   1.0000046e+01
   4.0250000e+02   1.0000046e+01
   4.0275000e+02   1.0000045e+01
   4.0300000e+02   1.0000045e+01
   4.0325000e+02   1.0000045e+01
   4.0350000e+02   1.0000044e+01
   4.0375000e+02   1.0000044e+01
   4.0400000e+02   1.0000044e+01
   4.0425000e+02   1.0000043e+01
   4.0450000e+02   1.0000043e+01
   4.0475000e+02   1.0000042e+01
   4.0500000e+02   1.0000042e+01
   4.0525000e+02   1.0000042e+01
   4.0550000e+02   1.0000041e+01
   4.0575000e+02   1.0000041e+01
   4.0600000e+02   1.0000041e+01
   4.0625000e+02   1.0000040e+01
   4.0650000e+02   1.0000040e+01
   4.0675000e+02   1.0000040e+01
   4.0700000e+02   1.0000039e+01
   4.0725000e+02   1.0000039e+01
   4.0750000e+02   1.0000039e+01
   4.0775000e+02   1.0000038e+01
   4.0800000e+02   1.0000038e+01
   4.0825000e+02   1.0000038e+01
   4.0850000e+02   1.0000037e+01
   4.0875000e+02   1.0000037e+01
   4.0900000e+02   1.0000037e+01
   4.0925000e+02   1.0000036e+01
   4.0950000e+02   1.0000036e+01
   4.0975000e+02   1.0000036e+01
   4.1000000e+02   1.0000035e+01
   4.1025000e+02   1.0000035e+01
   4.1050000e+02   1.0000035e+01
   4.1075000e+02   1.0000034e+01
   4.1100000e+02   1.0000034e+01
   4.1125000e+02   1.0000034e+01
   4.1150000e+02   1.0000034e+01
   4.1175000e+02   1.0000033e+01
   4.1200000e+02   1.0000033e+01
   4.1225000e+02   1.0000033e+01
   4.1250000e+02   1.0000032e+01
   4.1275000e+02   1.0000032e+01
   4.1300000e+02   1.0000032e+01
   4.1325000e+02   1.0000032e+01
   4.1350000e+02   1.0000031e+01
   4.1375000e+02   1.0000031e+01
   4.1400000e+02   1.0000031e+01
   4.1425000e+02   1.0000031e+01
   4.1450000e+02   1.0000030e+01
   4.1475000e+02   1.0000030e+01
   4.1500000e+02   1.0000030e+01
   4.1525000e+02   1.0000030e+01
   4.1550000e+02   1.0000029e+01
   4.1575000e+02   1.0000029e+01
   4.1600000e+02   1.0000029e+01
   4.1625000e+02   1.0000029e+01
   4.1650000e+02   1.0000028e+01
   4.1675000e+02   1.0000028e+01
   4.1700000e+02   1.0000028e+01
   4.1725000e+02   1.0000028e+01
   4.1750000e+02   1.0000027e+01
   4.1775000e+02   1.0000027e+01
   4.1800000e+02   1.0000027e+01
   4.1825000e+02   1.0000027e+01
   4.1850000e+02   1.0000026e+01
   4.1875000e+02   1.0000026e+01
   4.1900000e+02   1.0000026e+01
   4.1925000e+02   1.0000026e+01
   4.1950000e+02   1.0000025e+01
   4.1975000e+02   1.0000025e+01
   4.2000000e+02   1.0000025e+01
   4.2025000e+02   1.0000025e+01
   4.2050000e+02   1.0000025e+01
   4.2075000e+02   1.0000024e+01
   4.2100000e+02   1.0000024e+01
   4.2125000e+02   1.0000024e+01
   4.2150000e+02   1.0000024e+01
   4.2175000e+02   1.0000024e+01
   4.2200000e+02   1.0000023e+01
   4.2225000e+02   1.0000023e+01
   4.2250000e+02   1.0000023e+01
   4.2275000e+02   1.0000023e+01
   4.2300000e+02   1.0000023e+01
   4.2325000e+02   1.0000022e+01
   4.2350000e+02   1.0000022e+01
   4.2375000e+02   1.0000022e+01
   4.2400000e+02   1.0000022e+01
   4.2425000e+02   1.0000022e+01
   4.2450000e+02   1.0000021e+01
   4.2475000e+02   1.0000021e+01
   4.2500000e+02   1.0000021e+01
   4.2525000e+02   1.0000021e+01
   4.2550000e+02   1.0000021e+01
   4.2575000e+02   1.0000021e+01
   4.2600000e+02   1.0000020e+01
   4.2625000e+02   1.0000020e+01
   4.2650000e+02   1.0000020e+01
   4.2675000e+02   1.0000020e+01
   4.2700000e+02   1.0000020e+01
   4.2725000e+02   1.0000019e+01
   4.2750000e+02   1.0000019e+01
   4.2775000e+02   1.0000019e+01
   4.2800000e+02   1.0000019e+01
   4.2825000e+02   1.0000019e+01
   4.2850000e+02   1.0000019e+01
   4.2875000e+02   1.0000019e+01
   4.2900000e+02   1.0000018e+01
   4.2925000e+02   1.0000018e+01
   4.2950000e+02   1.0000018e+01
   4.2975000e+02   1.0000018e+01
   4.3000000e+02   1.0000018e+01
   4.3025000e+02   1.0000018e+01
   4.3050000e+02   1.0000017e+01
   4.3075000e+02   1.0000017e+01
   4.3100000e+02   1.0000017e+01
   4.3125000e+02   1.0000017e+01
   4.3150000e+02   1.0000017e+01
   4.3175000e+02   1.0000017e+01
   4.3200000e+02   1.0000017e+01
   4.3225000e+02   1.0000016e+01
   4.3250000e+02   1.0000016e+01
   4.3275000e+02   1.0000016e+01
   4.3300000e+02   1.0000016e+01
   4.3325000e+02   1.0000016e+01
   4.3350000e+02   1.0000016e+01
   4.3375000e+02   1.0000016e+01
   4.3400000e+02   1.0000015e+01
   4.3425000e+02   1.0000015e+01
   4.3450000e+02   1.0000015e+01
   4.3475000e+02   1.0000015e+01
   4.3500000e+02   1.0000015e+01
   4.3525000e+02   1.0000015e+01
   4.3550000e+02   1.0000015e+01
   4.3575000e+02   1.0000015e+01
   4.3600000e+02   1.0000014e+01
   4.3625000e+02   1.0000014e+01
   4.3650000e+02   1.0000014e+01
   4.3675000e+02   1.0000014e+01
   4.3700000e+02   1.0000014e+01
   4.3725000e+02   1.0000014e+01
   4.3750000e+02   1.0000014e+01
   4.3775000e+02   1.0000014e+01
   4.3800000e+02   1.0000013e+01
   4.3825000e+02   1.0000013e+01
   4.3850000e+02   1.0000013e+01
   4.3875000e+02   1.0000013e+01
   4.3900000e+02   1.0000013e+01
   4.3925000e+02   1.0000013e+01
   4.3950000e+02   1.0000013e+01
   4.3975000e+02   1.0000013e+01
   4.4000000e+02   1.0000013e+01
   4.4025000e+02   1.0000012e+01
   4.4050000e+02   1.0000012e+01
   4.4075000e+02   1.0000012e+01
   4.4100000e+02   1.0000012e+01
   4.4125000e+02   1.0000012e+01
   4.4150000e+02   1.0000012e+01
   4.4175000e+02   1.0000012e+01
   4.4200000e+02   1.0000012e+01
   4.4225000e+02   1.0000012e+01
   4.4250000e+02   1.0000012e+01
   4.4275000e+02   1.0000011e+01
   4.4300000e+02   1.0000011e+01
   4.4325000e+02   1.0000011e+01
   4.4350000e+02   1.0000011e+01
   4.4375000e+02   1.0000011e+01
   4.4400000e+02   1.0000011e+01
   4.4425000e+02   1.0000011e+01
   4.4450000e+02   1.0000011e+01
   4.4475000e+02   1.0000011e+01
   4.4500000e+02   1.0000011e+01
   4.4525000e+02   1.0000010e+01
   4.4550000e+02   1.0000010e+01
   4.4575000e+02   1.0000010e+01
   4.4600000e+02   1.0000010e+01
   4.4625000e+02   1.0000010e+01
   4.4650000e+02   1.0000010e+01
   4.4675000e+02   1.0000010e+01
   4.4700000e+02   1.0000010e+01
   4.4725000e+02   1.0000010e+01
   4.4750000e+02   1.0000010e+01
   4.4775000e+02   1.0000010e+01
   4.4800000e+02   1.0000010e+01
   4.4825000e+02   1.0000009e+01
   4.4850000e+02   1.0000009e+01
   4.4875000e+02   1.0000009e+01
   4.4900000e+02   1.0000009e+01
   4.4925000e+02   1.0000009e+01
   4.4950000e+02   1.0000009e+01
   4.4975000e+02   1.0000009e+01
   4.5000000e+02   1.0000009e+01
   4.5025000e+02   1.0000009e+01
   4.5050000e+02   1.0000009e+01
   4.5075000e+02   1.0000009e+01
   4.5100000e+02   1.0000009e+01
   4.5125000e+02   1.0000009e+01
   4.5150000e+02   1.0000008e+01
   4.5175000e+02   1.0000008e+01
   4.5200000e+02   1.0000008e+01
   4.5225000e+02   1.0000008e+01
   4.5250000e+02   1.0000008e+01
   4.5275000e+02   1.0000008e+01
   4.5300000e+02   1.0000008e+01
   4.5325000e+02   1.0000008e+01
   4.5350000e+02   1.0000008e+01
   4.5375000e+02   1.0000008e+01
   4.5400000e+02   1.0000008e+01
   4.5425000e+02   1.0000008e+01
   4.5450000e+02   1.0000008e+01
   4.5475000e+02   1.0000008e+01
   4.5500000e+02   1.0000007e+01
   4.5525000e+02   1.0000007e+01
   4.5550000e+02   1.0000007e+01
   4.5575000e+02   1.0000007e+01
   4.5600000e+02   1.0000007e+01
   4.5625000e+02   1.0000007e+01
   4.5650000e+02   1.0000007e+01
   4.5675000e+02   1.0000007e+01
   4.5700000e+02   1.0000007e+01
   4.5725000e+02   1.0000007e+01
   4.5750000e+02   1.0000007e+01
   4.5775000e+02   1.0000007e+01
   4.5800000e+02   1.0000007e+01
   4.5825000e+02   1.0000007e+01
   4.5850000e+02   1.0000007e+01
   4.5875000e+02   1.0000007e+01
   4.5900000e+02   1.0000007e+01
   4.5925000e+02   1.0000006e+01
   4.5950000e+02   1.0000006e+01
   4.5975000e+02   1.0000006e+01
   4.6000000e+02   1.0000006e+01
   4.6025000e+02   1.0000006e+01
   4.6050000e+02   1.0000006e+01
   4.6075000e+02   1.0000006e+01
   4.6100000e+02   1.0000006e+01
   4.6125000e+02   1.0000006e+01
   4.6150000e+02   1.0000006e+01
   4.6175000e+02   1.0000006e+01
   4.6200000e+02   1.0000006e+01
   4.6225000e+02   1.0000006e+01
   4.6250000e+02   1.0000006e+01
   4.6275000e+02   1.0000006e+01
   4.6300000e+02   1.0000006e+01
   4.6325000e+02   1.0000006e+01
   4.6350000e+02   1.0000006e+01
   4.6375000e+02   1.0000006e+01
   4.6400000e+02   1.0000005e+01
   4.6425000e+02   1.0000005e+01
   4.6450000e+02   1.0000005e+01
   4.6475000e+02   1.0000005e+01
   4.6500000e+02   1.0000005e+01
   4.6525000e+02   1.0000005e+01
   4.6550000e+02   1.0000005e+01
   4.6575000e+02   1.0000005e+01
   4.6600000e+02   1.0000005e+01
   4.6625000e+02   1.0000005e+01
   4.6650000e+02   1.0000005e+01
   4.6675000e+02   1.0000005e+01
   4.6700000e+02   1.0000005e+01
   4.6725000e+02   1.0000005e+01
   4.6750000e+02   1.0000005e+01
   4.6775000e+02   1.0000005e+01
   4.6800000e+02   1.0000005e+01
   4.6825000e+02   1.0000005e+01
   4.6850000e+02   1.0000005e+01
   4.6875000e+02   1.0000005e+01
   4.6900000e+02   1.0000005e+01
   4.6925000e+02   1.0000005e+01
   4.6950000e+02   1.0000005e+01
   4.6975000e+02   1.0000004e+01
   4.7000000e+02   1.0000004e+01
   4.7025000e+02   1.0000004e+01
   4.7050000e+02   1.0000004e+01
   4.7075000e+02   1.0000004e+01
   4.7100000e+02   1.0000004e+01
   4.7125000e+02   1.0000004e+01
   4.7150000e+02   1.0000004e+01
   4.7175000e+02   1.0000004e+01
   4.7200000e+02   1.0000004e+01
   4.7225000e+02   1.0000004e+01
   4.7250000e+02   1.0000004e+01
   4.7275000e+02   1.0000004e+01
   4.7300000e+02   1.0000004e+01
   4.7325000e+02   1.0000004e+01
   4.7350000e+02   1.0000004e+01
   4.7375000e+02   1.0000004e+01
   4.7400000e+02   1.0000004e+01
   4.7425000e+02   1.0000004e+01
   4.7450000e+02   1.0000004e+01
   4.7475000e+02   1.0000004e+01
   4.7500000e+02   1.0000004e+01
   4.7525000e+02   1.0000004e+01
   4.7550000e+02   1.0000004e+01
   4.7575000e+02   1.0000004e+01
   4.7600000e+02   1.0000004e+01
   4.7625000e+02   1.0000004e+01
   4.7650000e+02   1.0000004e+01
   4.7675000e+02   1.0000004e+01
   4.7700000e+02   1.0000003e+01
   4.7725000e+02   1.0000003e+01
   4.7750000e+02   1.0000003e+01
   4.7775000e+02   1.0000003e+01
   4.7800000e+02   1.0000003e+01
   4.7825000e+02   1.0000003e+01
   4.7850000e+02   1.0000003e+01
   4.7875000e+02   1.0000003e+01
   4.7900000e+02   1.0000003e+01
   4.7925000e+02   1.0000003e+01
   4.7950000e+02   1.0000003e+01
   4.7975000e+02   1.0000003e+01
   4.8000000e+02   1.0000003e+01
   4.8025000e+02   1.0000003e+01
   4.8050000e+02   1.0000003e+01
   4.8075000e+02   1.0000003e+01
   4.8100000e+02   1.0000003e+01
   4.8125000e+02   1.0000003e+01
   4.8150000e+02   1.0000003e+01
   4.8175000e+02   1.0000003e+01
   4.8200000e+02   1.0000003e+01
   4.8225000e+02   1.0000003e+01
   4.8250000e+02   1.0000003e+01
   4.8275000e+02   1.0000003e+01
   4.8300000e+02   1.0000003e+01
   4.8325000e+02   1.0000003e+01
   4.8350000e+02   1.0000003e+01
   4.8375000e+02   1.0000003e+01
   4.8400000e+02   1.0000003e+01
   4.8425000e+02   1.0000003e+01
   4.8450000e+02   1.0000003e+01
   4.8475000e+02   1.0000003e+01
   4.8500000e+02   1.0000003e+01
   4.8525000e+02   1.0000003e+01
   4.8550000e+02   1.0000003e+01
   4.8575000e+02   1.0000003e+01
   4.8600000e+02   1.0000003e+01
   4.8625000e+02   1.0000003e+01
   4.8650000e+02   1.0000003e+01
   4.8675000e+02   1.0000002e+01
   4.8700000e+02   1.0000002e+01
   4.8725000e+02   1.0000002e+01
   4.8750000e+02   1.0000002e+01
   4.8775000e+02   1.0000002e+01
   4.8800000e+02   1.0000002e+01
   4.8825000e+02   1.0000002e+01
   4.8850000e+02   1.0000002e+01
   4.8875000e+02   1.0000002e+01
   4.8900000e+02   1.0000002e+01
   4.8925000e+02   1.0000002e+01
   4.8950000e+02   1.0000002e+01
   4.8975000e+02   1.0000002e+01
   4.9000000e+02   1.0000002e+01
   4.9025000e+02   1.0000002e+01
   4.9050000e+02   1.0000002e+01
   4.9075000e+02   1.0000002e+01
   4.9100000e+02   1.0000002e+01
   4.9125000e+02   1.0000002e+01
   4.9150000e+02   1.0000002e+01
   4.9175000e+02   1.0000002e+01
   4.9200000e+02   1.0000002e+01
   4.9225000e+02   1.0000002e+01
   4.9250000e+02   1.0000002e+01
   4.9275000e+02   1.0000002e+01
   4.9300000e+02   1.0000002e+01
   4.9325000e+02   1.0000002e+01
   4.9350000e+02   1.0000002e+01
   4.9375000e+02   1.0000002e+01
   4.9400000e+02   1.0000002e+01
   4.9425000e+02   1.0000002e+01
   4.9450000e+02   1.0000002e+01
   4.9475000e+02   1.0000002e+01
   4.9500000e+02   1.0000002e+01
   4.9525000e+02   1.0000002e+01
   4.9550000e+02   1.0000002e+01
   4.9575000e+02   1.0000002e+01
   4.9600000e+02   1.0000002e+01
   4.9625000e+02   1.0000002e+01
   4.9650000e+02   1.0000002e+01
   4.9675000e+02   1.0000002e+01
   4.9700000e+02   1.0000002e+01
   4.9725000e+02   1.0000002e+01
   4.9750000e+02   1.0000002e+01
   4.9775000e+02   1.0000002e+01
   4.9800000e+02   1.0000002e+01
   4.9825000e+02   1.0000002e+01
   4.9850000e+02   1.0000002e+01
   4.9875000e+02   1.0000002e+01
   4.9900000e+02   1.0000002e+01
   4.9925000e+02   1.0000002e+01
   4.9950000e+02   1.0000002e+01
   4.9975000e+02   1.0000002e+01
   5.0000000e+02   1.0000002e+01
   5.0025000e+02   1.0000002e+01
   5.0050000e+02   1.0000002e+01
   5.0075000e+02   1.0000002e+01
   5.0100000e+02   1.0000002e+01
   5.0125000e+02   1.0000002e+01
   5.0150000e+02   1.0000001e+01
   5.0175000e+02   1.0000001e+01
   5.0200000e+02   1.0000001e+01
   5.0225000e+02   1.0000001e+01
   5.0250000e+02   1.0000001e+01
   5.0275000e+02   1.0000001e+01
   5.0300000e+02   1.0000001e+01
   5.0325000e+02   1.0000001e+01
   5.0350000e+02   1.0000001e+01
   5.0375000e+02   1.0000001e+01
   5.0400000e+02   1.0000001e+01
   5.0425000e+02   1.0000001e+01
   5.0450000e+02   1.0000001e+01
   5.0475000e+02   1.0000001e+01
   5.0500000e+02   1.0000001e+01
   5.0525000e+02   1.0000001e+01
   5.0550000e+02   1.0000001e+01
   5.0575000e+02   1.0000001e+01
   5.0600000e+02   1.0000001e+01
   5.0625000e+02   1.0000001e+01
   5.0650000e+02   1.0000001e+01
   5.0675000e+02   1.0000001e+01
   5.0700000e+02   1.0000001e+01
   5.0725000e+02   1.0000001e+01
   5.0750000e+02   1.0000001e+01
   5.0775000e+02   1.0000001e+01
   5.0800000e+02   1.0000001e+01
   5.0825000e+02   1.0000001e+01
   5.0850000e+02   1.0000001e+01
   5.0875000e+02   1.0000001e+01
   5.0900000e+02   1.0000001e+01
   5.0925000e+02   1.0000001e+01
   5.0950000e+02   1.0000001e+01
   5.0975000e+02   1.0000001e+01
   5.1000000e+02   1.0000001e+01
   5.1025000e+02   1.0000001e+01
   5.1050000e+02   1.0000001e+01
   5.1075000e+02   1.0000001e+01
   5.1100000e+02   1.0000001e+01
   5.1125000e+02   1.0000001e+01
   5.1150000e+02   1.0000001e+01
   5.1175000e+02   1.0000001e+01
   5.1200000e+02   1.0000001e+01
   5.1225000e+02   1.0000001e+01
   5.1250000e+02   1.0000001e+01
   5.1275000e+02   1.0000001e+01
   5.1300000e+02   1.0000001e+01
   5.1325000e+02   1.0000001e+01
   5.1350000e+02   1.0000001e+01
   5.1375000e+02   1.0000001e+01
   5.1400000e+02   1.0000001e+01
   5.1425000e+02   1.0000001e+01
   5.1450000e+02   1.0000001e+01
   5.1475000e+02   1.0000001e+01
   5.1500000e+02   1.0000001e+01
   5.1525000e+02   1.0000001e+01
   5.1550000e+02   1.0000001e+01
   5.1575000e+02   1.0000001e+01
   5.1600000e+02   1.0000001e+01
   5.1625000e+02   1.0000001e+01
   5.1650000e+02   1.0000001e+01
   5.1675000e+02   1.0000001e+01
   5.1700000e+02   1.0000001e+01
   5.1725000e+02   1.0000001e+01
   5.1750000e+02   1.0000001e+01
   5.1775000e+02   1.0000001e+01
   5.1800000e+02   1.0000001e+01
   5.1825000e+02   1.0000001e+01
   5.1850000e+02   1.0000001e+01
   5.1875000e+02   1.0000001e+01
   5.1900000e+02   1.0000001e+01
   5.1925000e+02   1.0000001e+01
   5.1950000e+02   1.0000001e+01
   5.1975000e+02   1.0000001e+01
   5.2000000e+02   1.0000001e+01
   5.2025000e+02   1.0000001e+01
   5.2050000e+02   1.0000001e+01
   5.2075000e+02   1.0000001e+01
   5.2100000e+02   1.0000001e+01
   5.2125000e+02   1.0000001e+01
   5.2150000e+02   1.0000001e+01
   5.2175000e+02   1.0000001e+01
   5.2200000e+02   1.0000001e+01
   5.2225000e+02   1.0000001e+01
   5.2250000e+02   1.0000001e+01
   5.2275000e+02   1.0000001e+01
   5.2300000e+02   1.0000001e+01
   5.2325000e+02   1.0000001e+01
   5.2350000e+02   1.0000001e+01
   5.2375000e+02   1.0000001e+01
   5.2400000e+02   1.0000001e+01
   5.2425000e+02   1.0000001e+01
   5.2450000e+02   1.0000001e+01
   5.2475000e+02   1.0000001e+01
   5.2500000e+02   1.0000001e+01
   5.2525000e+02   1.0000001e+01
   5.2550000e+02   1.0000001e+01
   5.2575000e+02   1.0000001e+01
   5.2600000e+02   1.0000001e+01
   5.2625000e+02   1.0000001e+01
   5.2650000e+02   1.0000001e+01
   5.2675000e+02   1.0000001e+01
   5.2700000e+02   1.0000001e+01
   5.2725000e+02   1.0000001e+01
   5.2750000e+02   1.0000001e+01
   5.2775000e+02   1.0000001e+01
   5.2800000e+02   1.0000001e+01
   5.2825000e+02   1.0000001e+01
   5.2850000e+02   1.0000001e+01
   5.2875000e+02   1.0000001e+01
   5.2900000e+02   1.0000001e+01
   5.2925000e+02   1.0000001e+01
   5.2950000e+02   1.0000001e+01
   5.2975000e+02   1.0000001e+01
   5.3000000e+02   1.0000001e+01
   5.3025000e+02   1.0000001e+01
   5.3050000e+02   1.0000001e+01
   5.3075000e+02   1.0000001e+01
   5.3100000e+02   1.0000001e+01
   5.3125000e+02   1.0000001e+01
   5.3150000e+02   1.0000001e+01
   5.3175000e+02   1.0000001e+01
   5.3200000e+02   1.0000001e+01
   5.3225000e+02   1.0000001e+01
   5.3250000e+02   1.0000001e+01
   5.3275000e+02   1.0000001e+01
   5.3300000e+02   1.0000001e+01
   5.3325000e+02   1.0000001e+01
   5.3350000e+02   1.0000000e+01
   5.3375000e+02   1.0000000e+01
   5.3400000e+02   1.0000000e+01
   5.3425000e+02   1.0000000e+01
   5.3450000e+02   1.0000000e+01
   5.3475000e+02   1.0000000e+01
   5.3500000e+02   1.0000000e+01
   5.3525000e+02   1.0000000e+01
   5.3550000e+02   1.0000000e+01
   5.3575000e+02   1.0000000e+01
   5.3600000e+02   1.0000000e+01
   5.3625000e+02   1.0000000e+01
   5.3650000e+02   1.0000000e+01
   5.3675000e+02   1.0000000e+01
   5.3700000e+02   1.0000000e+01
   5.3725000e+02   1.0000000e+01
   5.3750000e+02   1.0000000e+01
   5.3775000e+02   1.0000000e+01
   5.3800000e+02   1.0000000e+01
   5.3825000e+02   1.0000000e+01
   5.3850000e+02   1.0000000e+01
   5.3875000e+02   1.0000000e+01
   5.3900000e+02   1.0000000e+01
   5.3925000e+02   1.0000000e+01
   5.3950000e+02   1.0000000e+01
   5.3975000e+02   1.0000000e+01
   5.4000000e+02   1.0000000e+01
   5.4025000e+02   1.0000000e+01
   5.4050000e+02   1.0000000e+01
   5.4075000e+02   1.0000000e+01
   5.4100000e+02   1.0000000e+01
   5.4125000e+02   1.0000000e+01
   5.4150000e+02   1.0000000e+01
   5.4175000e+02   1.0000000e+01
   5.4200000e+02   1.0000000e+01
   5.4225000e+02   1.0000000e+01
   5.4250000e+02   1.0000000e+01
   5.4275000e+02   1.0000000e+01
   5.4300000e+02   1.0000000e+01
   5.4325000e+02   1.0000000e+01
   5.4350000e+02   1.0000000e+01
   5.4375000e+02   1.0000000e+01
   5.4400000e+02   1.0000000e+01
   5.4425000e+02   1.0000000e+01
   5.4450000e+02   1.0000000e+01
   5.4475000e+02   1.0000000e+01
   5.4500000e+02   1.0000000e+01
   5.4525000e+02   1.0000000e+01
   5.4550000e+02   1.0000000e+01
   5.4575000e+02   1.0000000e+01
   5.4600000e+02   1.0000000e+01
   5.4625000e+02   1.0000000e+01
   5.4650000e+02   1.0000000e+01
   5.4675000e+02   1.0000000e+01
   5.4700000e+02   1.0000000e+01
   5.4725000e+02   1.0000000e+01
   5.4750000e+02   1.0000000e+01
   5.4775000e+02   1.0000000e+01
   5.4800000e+02   1.0000000e+01
   5.4825000e+02   1.0000000e+01
   5.4850000e+02   1.0000000e+01
   5.4875000e+02   1.0000000e+01
   5.4900000e+02   1.0000000e+01
   5.4925000e+02   1.0000000e+01
   5.4950000e+02   1.0000000e+01
   5.4975000e+02   1.0000000e+01
   5.5000000e+02   1.0000000e+01
   5.5025000e+02   1.0000000e+01
   5.5050000e+02   1.0000000e+01
   5.5075000e+02   1.0000000e+01
   5.5100000e+02   1.0000000e+01
   5.5125000e+02   1.0000000e+01
   5.5150000e+02   1.0000000e+01
   5.5175000e+02   1.0000000e+01
   5.5200000e+02   1.0000000e+01
   5.5225000e+02   1.0000000e+01
   5.5250000e+02   1.0000000e+01
   5.5275000e+02   1.0000000e+01
   5.5300000e+02   1.0000000e+01
   5.5325000e+02   1.0000000e+01
   5.5350000e+02   1.0000000e+01
   5.5375000e+02   1.0000000e+01
   5.5400000e+02   1.0000000e+01
   5.5425000e+02   1.0000000e+01
   5.5450000e+02   1.0000000e+01
   5.5475000e+02   1.0000000e+01
   5.5500000e+02   1.0000000e+01
   5.5525000e+02   1.0000000e+01
   5.5550000e+02   1.0000000e+01
   5.5575000e+02   1.0000000e+01
   5.5600000e+02   1.0000000e+01
   5.5625000e+02   1.0000000e+01
   5.5650000e+02   1.0000000e+01
   5.5675000e+02   1.0000000e+01
   5.5700000e+02   1.0000000e+01
   5.5725000e+02   1.0000000e+01
   5.5750000e+02   1.0000000e+01
   5.5775000e+02   1.0000000e+01
   5.5800000e+02   1.0000000e+01
   5.5825000e+02   1.0000000e+01
   5.5850000e+02   1.0000000e+01
   5.5875000e+02   1.0000000e+01
   5.5900000e+02   1.0000000e+01
   5.5925000e+02   1.0000000e+01
   5.5950000e+02   1.0000000e+01
   5.5975000e+02   1.0000000e+01
   5.6000000e+02   1.0000000e+01
   5.6025000e+02   1.0000000e+01
   5.6050000e+02   1.0000000e+01
   5.6075000e+02   1.0000000e+01
   5.6100000e+02   1.0000000e+01
   5.6125000e+02   1.0000000e+01
   5.6150000e+02   1.0000000e+01
   5.6175000e+02   1.0000000e+01
   5.6200000e+02   1.0000000e+01
   5.6225000e+02   1.0000000e+01
   5.6250000e+02   1.0000000e+01
   5.6275000e+02   1.0000000e+01
   5.6300000e+02   1.0000000e+01
   5.6325000e+02   1.0000000e+01
   5.6350000e+02   1.0000000e+01
   5.6375000e+02   1.0000000e+01
   5.6400000e+02   1.0000000e+01
   5.6425000e+02   1.0000000e+01
   5.6450000e+02   1.0000000e+01
   5.6475000e+02   1.0000000e+01
   5.6500000e+02   1.0000000e+01
   5.6525000e+02   1.0000000e+01
   5.6550000e+02   1.0000000e+01
   5.6575000e+02   1.0000000e+01
   5.6600000e+02   1.0000000e+01
   5.6625000e+02   1.0000000e+01
   5.6650000e+02   1.0000000e+01
   5.6675000e+02   1.0000000e+01
   5.6700000e+02   1.0000000e+01
   5.6725000e+02   1.0000000e+01
   5.6750000e+02   1.0000000e+01
   5.6775000e+02   1.0000000e+01
   5.6800000e+02   1.0000000e+01
   5.6825000e+02   1.0000000e+01
   5.6850000e+02   1.0000000e+01
   5.6875000e+02   1.0000000e+01
   5.6900000e+02   1.0000000e+01
   5.6925000e+02   1.0000000e+01
   5.6950000e+02   1.0000000e+01
   5.6975000e+02   1.0000000e+01
   5.7000000e+02   1.0000000e+01
   5.7025000e+02   1.0000000e+01
   5.7050000e+02   1.0000000e+01
   5.7075000e+02   1.0000000e+01
   5.7100000e+02   1.0000000e+01
   5.7125000e+02   1.0000000e+01
   5.7150000e+02   1.0000000e+01
   5.7175000e+02   1.0000000e+01
   5.7200000e+02   1.0000000e+01
   5.7225000e+02   1.0000000e+01
   5.7250000e+02   1.0000000e+01
   5.7275000e+02   1.0000000e+01
   5.7300000e+02   1.0000000e+01
   5.7325000e+02   1.0000000e+01
   5.7350000e+02   1.0000000e+01
   5.7375000e+02   1.0000000e+01
   5.7400000e+02   1.0000000e+01
   5.7425000e+02   1.0000000e+01
   5.7450000e+02   1.0000000e+01
   5.7475000e+02   1.0000000e+01
   5.7500000e+02   1.0000000e+01
   5.7525000e+02   1.0000000e+01
   5.7550000e+02   1.0000000e+01
   5.7575000e+02   1.0000000e+01
   5.7600000e+02   1.0000000e+01
   5.7625000e+02   1.0000000e+01
   5.7650000e+02   1.0000000e+01
   5.7675000e+02   1.0000000e+01
   5.7700000e+02   1.0000000e+01
   5.7725000e+02   1.0000000e+01
   5.7750000e+02   1.0000000e+01
   5.7775000e+02   1.0000000e+01
   5.7800000e+02   1.0000000e+01
   5.7825000e+02   1.0000000e+01
   5.7850000e+02   1.0000000e+01
   5.7875000e+02   1.0000000e+01
   5.7900000e+02   1.0000000e+01
   5.7925000e+02   1.0000000e+01
   5.7950000e+02   1.0000000e+01
   5.7975000e+02   1.0000000e+01
   5.8000000e+02   1.0000000e+01
   5.8025000e+02   1.0000000e+01
   5.8050000e+02   1.0000000e+01
   5.8075000e+02   1.0000000e+01
   5.8100000e+02   1.0000000e+01
   5.8125000e+02   1.0000000e+01
   5.8150000e+02   1.0000000e+01
   5.8175000e+02   1.0000000e+01
   5.8200000e+02   1.0000000e+01
   5.8225000e+02   1.0000000e+01
   5.8250000e+02   1.0000000e+01
   5.8275000e+02   1.0000000e+01
   5.8300000e+02   1.0000000e+01
   5.8325000e+02   1.0000000e+01
   5.8350000e+02   1.0000000e+01
   5.8375000e+02   1.0000000e+01
   5.8400000e+02   1.0000000e+01
   5.8425000e+02   1.0000000e+01
   5.8450000e+02   1.0000000e+01
   5.8475000e+02   1.0000000e+01
   5.8500000e+02   1.0000000e+01
   5.8525000e+02   1.0000000e+01
   5.8550000e+02   1.0000000e+01
   5.8575000e+02   1.0000000e+01
   5.8600000e+02   1.0000000e+01
   5.8625000e+02   1.0000000e+01
   5.8650000e+02   1.0000000e+01
   5.8675000e+02   1.0000000e+01
   5.8700000e+02   1.0000000e+01
   5.8725000e+02   1.0000000e+01
   5.8750000e+02   1.0000000e+01
   5.8775000e+02   1.0000000e+01
   5.8800000e+02   1.0000000e+01
   5.8825000e+02   1.0000000e+01
   5.8850000e+02   1.0000000e+01
   5.8875000e+02   1.0000000e+01
   5.8900000e+02   1.0000000e+01
   5.8925000e+02   1.0000000e+01
   5.8950000e+02   1.0000000e+01
   5.8975000e+02   1.0000000e+01
   5.9000000e+02   1.0000000e+01
   5.9025000e+02   1.0000000e+01
   5.9050000e+02   1.0000000e+01
   5.9075000e+02   1.0000000e+01
   5.9100000e+02   1.0000000e+01
   5.9125000e+02   1.0000000e+01
   5.9150000e+02   1.0000000e+01
   5.9175000e+02   1.0000000e+01
   5.9200000e+02   1.0000000e+01
   5.9225000e+02   1.0000000e+01
   5.9250000e+02   1.0000000e+01
   5.9275000e+02   1.0000000e+01
   5.9300000e+02   1.0000000e+01
   5.9325000e+02   1.0000000e+01
   5.9350000e+02   1.0000000e+01
   5.9375000e+02   1.0000000e+01
   5.9400000e+02   1.0000000e+01
   5.9425000e+02   1.0000000e+01
   5.9450000e+02   1.0000000e+01
   5.9475000e+02   1.0000000e+01
   5.9500000e+02   1.0000000e+01
   5.9525000e+02   1.0000000e+01
   5.9550000e+02   1.0000000e+01
   5.9575000e+02   1.0000000e+01
   5.9600000e+02   1.0000000e+01
   5.9625000e+02   1.0000000e+01
   5.9650000e+02   1.0000000e+01
   5.9675000e+02   1.0000000e+01
   5.9700000e+02   1.0000000e+01
   5.9725000e+02   1.0000000e+01
   5.9750000e+02   1.0000000e+01
   5.9775000e+02   1.0000000e+01
   5.9800000e+02   1.0000000e+01
   5.9825000e+02   1.0000000e+01
   5.9850000e+02   1.0000000e+01
   5.9875000e+02   1.0000000e+01
   5.9900000e+02   1.0000000e+01
   5.9925000e+02   1.0000000e+01
   5.9950000e+02   1.0000000e+01
   5.9975000e+02   1.0000000e+01
   6.0000000e+02   1.0000000e+01
