   0.0000000e+00   7.7789474e+01
   2.5000000e-01   7.7573383e+01
   5.0000000e-01   7.7358161e+01
   7.5000000e-01   7.7143804e+01
   1.0000000e+00   7.6930308e+01
   1.2500000e+00   7.6717669e+01
   1.5000000e+00   7.6505885e+01
   1.7500000e+00   7.6294951e+01
   2.0000000e+00   7.6084865e+01
   2.2500000e+00   7.5875622e+01
   2.5000000e+00   7.5667221e+01
   2.7500000e+00   7.5459656e+01
   3.0000000e+00   7.5252926e+01
   3.2500000e+00   7.5047026e+01
   3.5000000e+00   7.4841953e+01
   3.7500000e+00   7.4637704e+01
   4.0000000e+00   7.4434275e+01
   4.2500000e+00   7.4231664e+01
   4.5000000e+00   7.4029867e+01
   4.7500000e+00   7.3828880e+01
   5.0000000e+00   7.3628701e+01
   5.2500000e+00   7.3429326e+01
   5.5000000e+00   7.3230752e+01
   5.7500000e+00   7.3032976e+01
   6.0000000e+00   7.2835994e+01
   6.2500000e+00   7.2639804e+01
   6.5000000e+00   7.2444401e+01
   6.7500000e+00   7.2249784e+01
   7.0000000e+00   7.2055949e+01
   7.2500000e+00   7.1862892e+01
   7.5000000e+00   7.1670611e+01
   7.7500000e+00   7.1479102e+01
   8.0000000e+00   7.1288363e+01
   8.2500000e+00   7.1098390e+01
   8.5000000e+00   7.0909180e+01
   8.7500000e+00   7.0720730e+01
   9.0000000e+00   7.0533037e+01
   9.2500000e+00   7.0346098e+01
   9.5000000e+00   7.0159911e+01
   9.7500000e+00   6.9974471e+01
   1.0000000e+01   6.9789776e+01
   1.0250000e+01   6.9605824e+01
   1.0500000e+01   6.9422610e+01
   1.0750000e+01   6.9240132e+01
   1.1000000e+01   6.9058387e+01
   1.1250000e+01   6.8877373e+01
   1.1500000e+01   6.8697086e+01
   1.1750000e+01   6.8517523e+01
   1.2000000e+01   6.8338681e+01
   1.2250000e+01   6.8160558e+01
   1.2500000e+01   6.7983150e+01
   1.2750000e+01   6.7806455e+01
   1.3000000e+01   6.7630470e+01
   1.3250000e+01   6.7455192e+01
   1.3500000e+01   6.7280618e+01
   1.3750000e+01   6.7106745e+01
   1.4000000e+01   6.6933571e+01
   1.4250000e+01   6.6761093e+01
   1.4500000e+01   6.6589307e+01
   1.4750000e+01   6.6418212e+01
   1.5000000e+01   6.6247804e+01
   1.5250000e+01   6.6078080e+01
   1.5500000e+01   6.5909039e+01
   1.5750000e+01   6.5740676e+01
   1.6000000e+01   6.5572990e+01
   1.6250000e+01   6.5405977e+01
   1.6500000e+01   6.5239636e+01
   1.6750000e+01   6.5073962e+01
   1.7000000e+01   6.4908955e+01
   1.7250000e+01   6.4744610e+01
   1.7500000e+01   6.4580925e+01
   1.7750000e+01   6.4417898e+01
   1.8000000e+01   6.4255526e+01
   1.8250000e+01   6.4093806e+01
   1.8500000e+01   6.3932736e+01
   1.8750000e+01   6.3772313e+01
   1.9000000e+01   6.3612534e+01
   1.9250000e+01   6.3453397e+01
   1.9500000e+01   6.3294900e+01
   1.9750000e+01   6.3137039e+01
   2.0000000e+01   6.2979813e+01
   2.0250000e+01   6.2823218e+01
   2.0500000e+01   6.2667252e+01
   2.0750000e+01   6.2511913e+01
   2.1000000e+01   6.2357198e+01
   2.1250000e+01   6.2203104e+01
   2.1500000e+01   6.2049630e+01
   2.1750000e+01   6.1896772e+01
   2.2000000e+01   6.1744528e+01
   2.2250000e+01   6.1592895e+01
   2.2500000e+01   6.1441872e+01
   2.2750000e+01   6.1291456e+01
   2.3000000e+01   6.1141644e+01
   2.3250000e+01   6.0992433e+01
   2.3500000e+01   6.0843822e+01
   2.3750000e+01   6.0695808e+01
   2.4000000e+01   6.0548389e+01
   2.4250000e+01   6.0401562e+01
   2.4500000e+01   6.0255325e+01
   2.4750000e+01   6.0109675e+01
   2.5000000e+01   5.9964611e+01
   2.5250000e+01   5.9820129e+01
   2.5500000e+01   5.9676228e+01
   2.5750000e+01   5.9532904e+01
   2.6000000e+01   5.9390157e+01
   2.6250000e+01   5.9247983e+01
   2.6500000e+01   5.9106380e+01
   2.6750000e+01   5.8965346e+01
   2.7000000e+01   5.8824878e+01
   2.7250000e+01   5.8684975e+01
   2.7500000e+01   5.8545634e+01
   2.7750000e+01   5.8406853e+01
   2.8000000e+01   5.8268629e+01
   2.8250000e+01   5.8130961e+01
   2.8500000e+01   5.7993845e+01
   2.8750000e+01   5.7857281e+01
   2.9000000e+01   5.7721265e+01
   2.9250000e+01   5.7585795e+01
   2.9500000e+01   5.7450870e+01
   2.9750000e+01   5.7316487e+01
   3.0000000e+01   5.7182643e+01
   3.0250000e+01   5.7049337e+01
   3.0500000e+01   5.6916567e+01
   3.0750000e+01   5.6784331e+01
   3.1000000e+01   5.6652625e+01
   3.1250000e+01   5.6521448e+01
   3.1500000e+01   5.6390799e+01
   3.1750000e+01   5.6260674e+01
   3.2000000e+01   5.6131073e+01
   3.2250000e+01   5.6001991e+01
   3.2500000e+01   5.5873429e+01
   3.2750000e+01   5.5745383e+01
   3.3000000e+01   5.5617851e+01
   3.3250000e+01   5.5490831e+01
   3.3500000e+01   5.5364322e+01
   3.3750000e+01   5.5238321e+01
   3.4000000e+01   5.5112827e+01
   3.4250000e+01   5.4987836e+01
   3.4500000e+01   5.4863348e+01
   3.4750000e+01   5.4739359e+01
   3.5000000e+01   5.4615869e+01
   3.5250000e+01   5.4492875e+01
   3.5500000e+01   5.4370375e+01
   3.5750000e+01   5.4248367e+01
   3.6000000e+01   5.4126849e+01
   3.6250000e+01   5.4005820e+01
   3.6500000e+01   5.3885276e+01
   3.6750000e+01   5.3765217e+01
   3.7000000e+01   5.3645640e+01
   3.7250000e+01   5.3526544e+01
   3.7500000e+01   5.3407926e+01
   3.7750000e+01   5.3289785e+01
   3.8000000e+01   5.3172118e+01
   3.8250000e+01   5.3054924e+01
   3.8500000e+01   5.2938200e+01
   3.8750000e+01   5.2821946e+01
   3.9000000e+01   5.2706159e+01
   3.9250000e+01   5.2590837e+01
   3.9500000e+01   5.2475978e+01
   3.9750000e+01   5.2361580e+01
   4.0000000e+01   5.2247642e+01
   4.0250000e+01   5.2134162e+01
   4.0500000e+01   5.2021138e+01
   4.0750000e+01   5.1908568e+01
   4.1000000e+01   5.1796450e+01
   4.1250000e+01   5.1684782e+01
   4.1500000e+01   5.1573563e+01
   4.1750000e+01   5.1462791e+01
   4.2000000e+01   5.1352464e+01
   4.2250000e+01   5.1242580e+01
   4.2500000e+01   5.1133137e+01
   4.2750000e+01   5.1024134e+01
   4.3000000e+01   5.0915569e+01
   4.3250000e+01   5.0807441e+01
   4.3500000e+01   5.0699746e+01
   4.3750000e+01   5.0592485e+01
   4.4000000e+01   5.0485654e+01
   4.4250000e+01   5.0379252e+01
   4.4500000e+01   5.0273278e+01
   4.4750000e+01   5.0167729e+01
   4.5000000e+01   5.0062605e+01
   4.5250000e+01   4.9957903e+01
   4.5500000e+01   4.9853621e+01
   4.5750000e+01   4.9749759e+01
   4.6000000e+01   4.9646313e+01
   4.6250000e+01   4.9543283e+01
   4.6500000e+01   4.9440668e+01
   4.6750000e+01   4.9338464e+01
   4.7000000e+01   4.9236671e+01
   4.7250000e+01   4.9135287e+01
   4.7500000e+01   4.9034310e+01
   4.7750000e+01   4.8933739e+01
   4.8000000e+01   4.8833572e+01
   4.8250000e+01   4.8733807e+01
   4.8500000e+01   4.8634443e+01
   4.8750000e+01   4.8535478e+01
   4.9000000e+01   4.8436911e+01
   4.9250000e+01   4.8338740e+01
   4.9500000e+01   4.8240963e+01
   4.9750000e+01   4.8143579e+01
   5.0000000e+01   4.8046586e+01
   5.0250000e+01   4.7949983e+01
   5.0500000e+01   4.7853768e+01
   5.0750000e+01   4.7757940e+01
   5.1000000e+01   4.7662496e+01
   5.1250000e+01   4.7567436e+01
   5.1500000e+01   4.7472758e+01
   5.1750000e+01   4.7378460e+01
   5.2000000e+01   4.7284541e+01
   5.2250000e+01   4.7190999e+01
   5.2500000e+01   4.7097833e+01
   5.2750000e+01   4.7005041e+01
   5.3000000e+01   4.6912623e+01
   5.3250000e+01   4.6820575e+01
   5.3500000e+01   4.6728897e+01
   5.3750000e+01   4.6637588e+01
   5.4000000e+01   4.6546645e+01
   5.4250000e+01   4.6456067e+01
   5.4500000e+01   4.6365854e+01
   5.4750000e+01   4.6276003e+01
   5.5000000e+01   4.6186513e+01
   5.5250000e+01   4.6097382e+01
   5.5500000e+01   4.6008610e+01
   5.5750000e+01   4.5920194e+01
   5.6000000e+01   4.5832133e+01
   5.6250000e+01   4.5744426e+01
   5.6500000e+01   4.5657071e+01
   5.6750000e+01   4.5570068e+01
   5.7000000e+01   4.5483414e+01
   5.7250000e+01   4.5397108e+01
   5.7500000e+01   4.5311148e+01
   5.7750000e+01   4.5225534e+01
   5.8000000e+01   4.5140264e+01
   5.8250000e+01   4.5055337e+01
   5.8500000e+01   4.4970751e+01
   5.8750000e+01   4.4886504e+01
   5.9000000e+01   4.4802596e+01
   5.9250000e+01   4.4719025e+01
   5.9500000e+01   4.4635790e+01
   5.9750000e+01   4.4552889e+01
   6.0000000e+01   4.4470321e+01
   6.0250000e+01   4.4388085e+01
   6.0500000e+01   4.4306180e+01
   6.0750000e+01   4.4224603e+01
   6.1000000e+01   4.4143354e+01
   6.1250000e+01   4.4062431e+01
   6.1500000e+01   4.3981834e+01
   6.1750000e+01   4.3901560e+01
   6.2000000e+01   4.3821609e+01
   6.2250000e+01   4.3741979e+01
   6.2500000e+01   4.3662669e+01
   6.2750000e+01   4.3583677e+01
   6.3000000e+01   4.3505003e+01
   6.3250000e+01   4.3426645e+01
   6.3500000e+01   4.3348602e+01
   6.3750000e+01   4.3270872e+01
   6.4000000e+01   4.3193455e+01
   6.4250000e+01   4.3116348e+01
   6.4500000e+01   4.3039551e+01
   6.4750000e+01   4.2963063e+01
   6.5000000e+01   4.2886882e+01
   6.5250000e+01   4.2811007e+01
   6.5500000e+01   4.2735437e+01
   6.5750000e+01   4.2660171e+01
   6.6000000e+01   4.2585207e+01
   6.6250000e+01   4.2510544e+01
   6.6500000e+01   4.2436181e+01
   6.6750000e+01   4.2362116e+01
   6.7000000e+01   4.2288350e+01
   6.7250000e+01   4.2214879e+01
   6.7500000e+01   4.2141704e+01
   6.7750000e+01   4.2068823e+01
   6.8000000e+01   4.1996234e+01
   6.8250000e+01   4.1923938e+01
   6.8500000e+01   4.1851931e+01
   6.8750000e+01   4.1780214e+01
   6.9000000e+01   4.1708785e+01
   6.9250000e+01   4.1637643e+01
   6.9500000e+01   4.1566787e+01
   6.9750000e+01   4.1496215e+01
   7.0000000e+01   4.1425927e+01
   7.0250000e+01   4.1355921e+01
   7.0500000e+01   4.1286197e+01
   7.0750000e+01   4.1216752e+01
   7.1000000e+01   4.1147587e+01
   7.1250000e+01   4.1078699e+01
   7.1500000e+01   4.1010088e+01
   7.1750000e+01   4.0941753e+01
   7.2000000e+01   4.0873693e+01
   7.2250000e+01   4.0805905e+01
   7.2500000e+01   4.0738390e+01
   7.2750000e+01   4.0671147e+01
   7.3000000e+01   4.0604173e+01
   7.3250000e+01   4.0537469e+01
   7.3500000e+01   4.0471032e+01
   7.3750000e+01   4.0404863e+01
   7.4000000e+01   4.0338959e+01
   7.4250000e+01   4.0273320e+01
   7.4500000e+01   4.0207944e+01
   7.4750000e+01   4.0142832e+01
   7.5000000e+01   4.0077981e+01
   7.5250000e+01   4.0013390e+01
   7.5500000e+01   3.9949059e+01
   7.5750000e+01   3.9884986e+01
   7.6000000e+01   3.9821171e+01
   7.6250000e+01   3.9757612e+01
   7.6500000e+01   3.9694308e+01
   7.6750000e+01   3.9631259e+01
   7.7000000e+01   3.9568463e+01
   7.7250000e+01   3.9505920e+01
   7.7500000e+01   3.9443627e+01
   7.7750000e+01   3.9381585e+01
   7.8000000e+01   3.9319792e+01
   7.8250000e+01   3.9258247e+01
   7.8500000e+01   3.9196950e+01
   7.8750000e+01   3.9135899e+01
   7.9000000e+01   3.9075093e+01
   7.9250000e+01   3.9014531e+01
   7.9500000e+01   3.8954213e+01
   7.9750000e+01   3.8894137e+01
   8.0000000e+01   3.8834302e+01
   8.0250000e+01   3.8774708e+01
   8.0500000e+01   3.8715353e+01
   8.0750000e+01   3.8656236e+01
   8.1000000e+01   3.8597357e+01
   8.1250000e+01   3.8538715e+01
   8.1500000e+01   3.8480308e+01
   8.1750000e+01   3.8422136e+01
   8.2000000e+01   3.8364197e+01
   8.2250000e+01   3.8306491e+01
   8.2500000e+01   3.8249018e+01
   8.2750000e+01   3.8191775e+01
   8.3000000e+01   3.8134761e+01
   8.3250000e+01   3.8077977e+01
   8.3500000e+01   3.8021421e+01
   8.3750000e+01   3.7965093e+01
   8.4000000e+01   3.7908990e+01
   8.4250000e+01   3.7853113e+01
   8.4500000e+01   3.7797461e+01
   8.4750000e+01   3.7742032e+01
   8.5000000e+01   3.7686825e+01
   8.5250000e+01   3.7631841e+01
   8.5500000e+01   3.7577077e+01
   8.5750000e+01   3.7522534e+01
   8.6000000e+01   3.7468209e+01
   8.6250000e+01   3.7414103e+01
   8.6500000e+01   3.7360214e+01
   8.6750000e+01   3.7306542e+01
   8.7000000e+01   3.7253085e+01
   8.7250000e+01   3.7199843e+01
   8.7500000e+01   3.7146815e+01
   8.7750000e+01   3.7093999e+01
   8.8000000e+01   3.7041396e+01
   8.8250000e+01   3.6989005e+01
   8.8500000e+01   3.6936824e+01
   8.8750000e+01   3.6884852e+01
   8.9000000e+01   3.6833089e+01
   8.9250000e+01   3.6781535e+01
   8.9500000e+01   3.6730187e+01
   8.9750000e+01   3.6679046e+01
   9.0000000e+01   3.6628110e+01
   9.0250000e+01   3.6577378e+01
   9.0500000e+01   3.6526851e+01
   9.0750000e+01   3.6476526e+01
   9.1000000e+01   3.6426404e+01
   9.1250000e+01   3.6376483e+01
   9.1500000e+01   3.6326762e+01
   9.1750000e+01   3.6277242e+01
   9.2000000e+01   3.6227920e+01
   9.2250000e+01   3.6178796e+01
   9.2500000e+01   3.6129870e+01
   9.2750000e+01   3.6081140e+01
   9.3000000e+01   3.6032606e+01
   9.3250000e+01   3.5984267e+01
   9.3500000e+01   3.5936123e+01
   9.3750000e+01   3.5888171e+01
   9.4000000e+01   3.5840413e+01
   9.4250000e+01   3.5792846e+01
   9.4500000e+01   3.5745470e+01
   9.4750000e+01   3.5698284e+01
   9.5000000e+01   3.5651288e+01
   9.5250000e+01   3.5604481e+01
   9.5500000e+01   3.5557862e+01
   9.5750000e+01   3.5511431e+01
   9.6000000e+01   3.5465185e+01
   9.6250000e+01   3.5419126e+01
   9.6500000e+01   3.5373251e+01
   9.6750000e+01   3.5327561e+01
   9.7000000e+01   3.5282055e+01
   9.7250000e+01   3.5236731e+01
   9.7500000e+01   3.5191589e+01
   9.7750000e+01   3.5146629e+01
   9.8000000e+01   3.5101849e+01
   9.8250000e+01   3.5057249e+01
   9.8500000e+01   3.5012829e+01
   9.8750000e+01   3.4968587e+01
   9.9000000e+01   3.4924522e+01
   9.9250000e+01   3.4880635e+01
   9.9500000e+01   3.4836924e+01
   9.9750000e+01   3.4793388e+01
   1.0000000e+02   3.4750027e+01
   1.0025000e+02   3.4706841e+01
   1.0050000e+02   3.4663828e+01
   1.0075000e+02   3.4620988e+01
   1.0100000e+02   3.4578320e+01
   1.0125000e+02   3.4535823e+01
   1.0150000e+02   3.4493497e+01
   1.0175000e+02   3.4451341e+01
   1.0200000e+02   3.4409355e+01
   1.0225000e+02   3.4367537e+01
   1.0250000e+02   3.4325887e+01
   1.0275000e+02   3.4284405e+01
   1.0300000e+02   3.4243089e+01
   1.0325000e+02   3.4201939e+01
   1.0350000e+02   3.4160954e+01
   1.0375000e+02   3.4120134e+01
   1.0400000e+02   3.4079478e+01
   1.0425000e+02   3.4038986e+01
   1.0450000e+02   3.3998656e+01
   1.0475000e+02   3.3958488e+01
   1.0500000e+02   3.3918481e+01
   1.0525000e+02   3.3878636e+01
   1.0550000e+02   3.3838950e+01
   1.0575000e+02   3.3799423e+01
   1.0600000e+02   3.3760056e+01
   1.0625000e+02   3.3720847e+01
   1.0650000e+02   3.3681795e+01
   1.0675000e+02   3.3642900e+01
   1.0700000e+02   3.3604161e+01
   1.0725000e+02   3.3565578e+01
   1.0750000e+02   3.3527150e+01
   1.0775000e+02   3.3488876e+01
   1.0800000e+02   3.3450756e+01
   1.0825000e+02   3.3412789e+01
   1.0850000e+02   3.3374975e+01
   1.0875000e+02   3.3337312e+01
   1.0900000e+02   3.3299801e+01
   1.0925000e+02   3.3262441e+01
   1.0950000e+02   3.3225231e+01
   1.0975000e+02   3.3188170e+01
   1.1000000e+02   3.3151258e+01
   1.1025000e+02   3.3114494e+01
   1.1050000e+02   3.3077878e+01
   1.1075000e+02   3.3041409e+01
   1.1100000e+02   3.3005087e+01
   1.1125000e+02   3.2968911e+01
   1.1150000e+02   3.2932880e+01
   1.1175000e+02   3.2896993e+01
   1.1200000e+02   3.2861251e+01
   1.1225000e+02   3.2825652e+01
   1.1250000e+02   3.2790197e+01
   1.1275000e+02   3.2754884e+01
   1.1300000e+02   3.2719712e+01
   1.1325000e+02   3.2684683e+01
   1.1350000e+02   3.2649793e+01
   1.1375000e+02   3.2615044e+01
   1.1400000e+02   3.2580435e+01
   1.1425000e+02   3.2545964e+01
   1.1450000e+02   3.2511632e+01
   1.1475000e+02   3.2477438e+01
   1.1500000e+02   3.2443381e+01
   1.1525000e+02   3.2409462e+01
   1.1550000e+02   3.2375678e+01
   1.1575000e+02   3.2342030e+01
   1.1600000e+02   3.2308517e+01
   1.1625000e+02   3.2275139e+01
   1.1650000e+02   3.2241895e+01
   1.1675000e+02   3.2208785e+01
   1.1700000e+02   3.2175807e+01
   1.1725000e+02   3.2142963e+01
   1.1750000e+02   3.2110250e+01
   1.1775000e+02   3.2077668e+01
   1.1800000e+02   3.2045217e+01
   1.1825000e+02   3.2012897e+01
   1.1850000e+02   3.1980707e+01
   1.1875000e+02   3.1948645e+01
   1.1900000e+02   3.1916713e+01
   1.1925000e+02   3.1884909e+01
   1.1950000e+02   3.1853233e+01
   1.1975000e+02   3.1821684e+01
   1.2000000e+02   3.1790261e+01
   1.2025000e+02   3.1758965e+01
   1.2050000e+02   3.1727795e+01
   1.2075000e+02   3.1696750e+01
   1.2100000e+02   3.1665829e+01
   1.2125000e+02   3.1635033e+01
   1.2150000e+02   3.1604361e+01
   1.2175000e+02   3.1573811e+01
   1.2200000e+02   3.1543385e+01
   1.2225000e+02   3.1513081e+01
   1.2250000e+02   3.1482898e+01
   1.2275000e+02   3.1452837e+01
   1.2300000e+02   3.1422896e+01
   1.2325000e+02   3.1393076e+01
   1.2350000e+02   3.1363376e+01
   1.2375000e+02   3.1333794e+01
   1.2400000e+02   3.1304332e+01
   1.2425000e+02   3.1274988e+01
   1.2450000e+02   3.1245762e+01
   1.2475000e+02   3.1216654e+01
   1.2500000e+02   3.1187662e+01
   1.2525000e+02   3.1158787e+01
   1.2550000e+02   3.1130027e+01
   1.2575000e+02   3.1101384e+01
   1.2600000e+02   3.1072855e+01
   1.2625000e+02   3.1044441e+01
   1.2650000e+02   3.1016141e+01
   1.2675000e+02   3.0987955e+01
   1.2700000e+02   3.0959882e+01
   1.2725000e+02   3.0931922e+01
   1.2750000e+02   3.0904074e+01
   1.2775000e+02   3.0876338e+01
   1.2800000e+02   3.0848714e+01
   1.2825000e+02   3.0821200e+01
   1.2850000e+02   3.0793797e+01
   1.2875000e+02   3.0766504e+01
   1.2900000e+02   3.0739321e+01
   1.2925000e+02   3.0712247e+01
   1.2950000e+02   3.0685281e+01
   1.2975000e+02   3.0658424e+01
   1.3000000e+02   3.0631675e+01
   1.3025000e+02   3.0605034e+01
   1.3050000e+02   3.0578499e+01
   1.3075000e+02   3.0552071e+01
   1.3100000e+02   3.0525749e+01
   1.3125000e+02   3.0499533e+01
   1.3150000e+02   3.0473422e+01
   1.3175000e+02   3.0447416e+01
   1.3200000e+02   3.0421515e+01
   1.3225000e+02   3.0395718e+01
   1.3250000e+02   3.0370024e+01
   1.3275000e+02   3.0344433e+01
   1.3300000e+02   3.0318946e+01
   1.3325000e+02   3.0293560e+01
   1.3350000e+02   3.0268277e+01
   1.3375000e+02   3.0243095e+01
   1.3400000e+02   3.0218015e+01
   1.3425000e+02   3.0193035e+01
   1.3450000e+02   3.0168155e+01
   1.3475000e+02   3.0143376e+01
   1.3500000e+02   3.0118696e+01
   1.3525000e+02   3.0094115e+01
   1.3550000e+02   3.0069633e+01
   1.3575000e+02   3.0045249e+01
   1.3600000e+02   3.0020963e+01
   1.3625000e+02   2.9996775e+01
   1.3650000e+02   2.9972684e+01
   1.3675000e+02   2.9948690e+01
   1.3700000e+02   2.9924792e+01
   1.3725000e+02   2.9900990e+01
   1.3750000e+02   2.9877284e+01
   1.3775000e+02   2.9853673e+01
   1.3800000e+02   2.9830157e+01
   1.3825000e+02   2.9806735e+01
   1.3850000e+02   2.9783408e+01
   1.3875000e+02   2.9760174e+01
   1.3900000e+02   2.9737033e+01
   1.3925000e+02   2.9713986e+01
   1.3950000e+02   2.9691031e+01
   1.3975000e+02   2.9668168e+01
   1.4000000e+02   2.9645397e+01
   1.4025000e+02   2.9622717e+01
   1.4050000e+02   2.9600129e+01
   1.4075000e+02   2.9577632e+01
   1.4100000e+02   2.9555224e+01
   1.4125000e+02   2.9532907e+01
   1.4150000e+02   2.9510680e+01
   1.4175000e+02   2.9488541e+01
   1.4200000e+02   2.9466492e+01
   1.4225000e+02   2.9444531e+01
   1.4250000e+02   2.9422659e+01
   1.4275000e+02   2.9400874e+01
   1.4300000e+02   2.9379177e+01
   1.4325000e+02   2.9357567e+01
   1.4350000e+02   2.9336044e+01
   1.4375000e+02   2.9314607e+01
   1.4400000e+02   2.9293257e+01
   1.4425000e+02   2.9271992e+01
   1.4450000e+02   2.9250813e+01
   1.4475000e+02   2.9229719e+01
   1.4500000e+02   2.9208709e+01
   1.4525000e+02   2.9187784e+01
   1.4550000e+02   2.9166943e+01
   1.4575000e+02   2.9146185e+01
   1.4600000e+02   2.9125512e+01
   1.4625000e+02   2.9104921e+01
   1.4650000e+02   2.9084412e+01
   1.4675000e+02   2.9063987e+01
   1.4700000e+02   2.9043643e+01
   1.4725000e+02   2.9023381e+01
   1.4750000e+02   2.9003200e+01
   1.4775000e+02   2.8983101e+01
   1.4800000e+02   2.8963082e+01
   1.4825000e+02   2.8943144e+01
   1.4850000e+02   2.8923286e+01
   1.4875000e+02   2.8903507e+01
   1.4900000e+02   2.8883808e+01
   1.4925000e+02   2.8864188e+01
   1.4950000e+02   2.8844647e+01
   1.4975000e+02   2.8825185e+01
   1.5000000e+02   2.8805800e+01
   1.5025000e+02   2.8786494e+01
   1.5050000e+02   2.8767265e+01
   1.5075000e+02   2.8748113e+01
   1.5100000e+02   2.8729038e+01
   1.5125000e+02   2.8710040e+01
   1.5150000e+02   2.8691118e+01
   1.5175000e+02   2.8672273e+01
   1.5200000e+02   2.8653503e+01
   1.5225000e+02   2.8634808e+01
   1.5250000e+02   2.8616188e+01
   1.5275000e+02   2.8597644e+01
   1.5300000e+02   2.8579173e+01
   1.5325000e+02   2.8560777e+01
   1.5350000e+02   2.8542455e+01
   1.5375000e+02   2.8524206e+01
   1.5400000e+02   2.8506031e+01
   1.5425000e+02   2.8487929e+01
   1.5450000e+02   2.8469900e+01
   1.5475000e+02   2.8451942e+01
   1.5500000e+02   2.8434058e+01
   1.5525000e+02   2.8416244e+01
   1.5550000e+02   2.8398503e+01
   1.5575000e+02   2.8380833e+01
   1.5600000e+02   2.8363233e+01
   1.5625000e+02   2.8345705e+01
   1.5650000e+02   2.8328247e+01
   1.5675000e+02   2.8310859e+01
   1.5700000e+02   2.8293541e+01
   1.5725000e+02   2.8276292e+01
   1.5750000e+02   2.8259113e+01
   1.5775000e+02   2.8242002e+01
   1.5800000e+02   2.8224961e+01
   1.5825000e+02   2.8207988e+01
   1.5850000e+02   2.8191083e+01
   1.5875000e+02   2.8174246e+01
   1.5900000e+02   2.8157477e+01
   1.5925000e+02   2.8140775e+01
   1.5950000e+02   2.8124140e+01
   1.5975000e+02   2.8107572e+01
   1.6000000e+02   2.8091070e+01
   1.6025000e+02   2.8074635e+01
   1.6050000e+02   2.8058266e+01
   1.6075000e+02   2.8041962e+01
   1.6100000e+02   2.8025725e+01
   1.6125000e+02   2.8009552e+01
   1.6150000e+02   2.7993444e+01
   1.6175000e+02   2.7977401e+01
   1.6200000e+02   2.7961423e+01
   1.6225000e+02   2.7945508e+01
   1.6250000e+02   2.7929658e+01
   1.6275000e+02   2.7913871e+01
   1.6300000e+02   2.7898148e+01
   1.6325000e+02   2.7882488e+01
   1.6350000e+02   2.7866890e+01
   1.6375000e+02   2.7851356e+01
   1.6400000e+02   2.7835884e+01
   1.6425000e+02   2.7820474e+01
   1.6450000e+02   2.7805126e+01
   1.6475000e+02   2.7789839e+01
   1.6500000e+02   2.7774614e+01
   1.6525000e+02   2.7759450e+01
   1.6550000e+02   2.7744347e+01
   1.6575000e+02   2.7729305e+01
   1.6600000e+02   2.7714323e+01
   1.6625000e+02   2.7699401e+01
   1.6650000e+02   2.7684540e+01
   1.6675000e+02   2.7669738e+01
   1.6700000e+02   2.7654995e+01
   1.6725000e+02   2.7640312e+01
   1.6750000e+02   2.7625687e+01
   1.6775000e+02   2.7611122e+01
   1.6800000e+02   2.7596615e+01
   1.6825000e+02   2.7582166e+01
   1.6850000e+02   2.7567775e+01
   1.6875000e+02   2.7553442e+01
   1.6900000e+02   2.7539167e+01
   1.6925000e+02   2.7524949e+01
   1.6950000e+02   2.7510788e+01
   1.6975000e+02   2.7496684e+01
   1.7000000e+02   2.7482637e+01
   1.7025000e+02   2.7468646e+01
   1.7050000e+02   2.7454711e+01
   1.7075000e+02   2.7440832e+01
   1.7100000e+02   2.7427009e+01
   1.7125000e+02   2.7413242e+01
   1.7150000e+02   2.7399530e+01
   1.7175000e+02   2.7385873e+01
   1.7200000e+02   2.7372271e+01
   1.7225000e+02   2.7358723e+01
   1.7250000e+02   2.7345230e+01
   1.7275000e+02   2.7331791e+01
   1.7300000e+02   2.7318406e+01
   1.7325000e+02   2.7305075e+01
   1.7350000e+02   2.7291797e+01
   1.7375000e+02   2.7278573e+01
   1.7400000e+02   2.7265402e+01
   1.7425000e+02   2.7252284e+01
   1.7450000e+02   2.7239218e+01
   1.7475000e+02   2.7226205e+01
   1.7500000e+02   2.7213245e+01
   1.7525000e+02   2.7200336e+01
   1.7550000e+02   2.7187479e+01
   1.7575000e+02   2.7174674e+01
   1.7600000e+02   2.7161920e+01
   1.7625000e+02   2.7149218e+01
   1.7650000e+02   2.7136566e+01
   1.7675000e+02   2.7123966e+01
   1.7700000e+02   2.7111416e+01
   1.7725000e+02   2.7098916e+01
   1.7750000e+02   2.7086467e+01
   1.7775000e+02   2.7074067e+01
   1.7800000e+02   2.7061718e+01
   1.7825000e+02   2.7049418e+01
   1.7850000e+02   2.7037167e+01
   1.7875000e+02   2.7024966e+01
   1.7900000e+02   2.7012814e+01
   1.7925000e+02   2.7000710e+01
   1.7950000e+02   2.6988655e+01
   1.7975000e+02   2.6976649e+01
   1.8000000e+02   2.6964691e+01
   1.8025000e+02   2.6952781e+01
   1.8050000e+02   2.6940918e+01
   1.8075000e+02   2.6929104e+01
   1.8100000e+02   2.6917336e+01
   1.8125000e+02   2.6905617e+01
   1.8150000e+02   2.6893944e+01
   1.8175000e+02   2.6882318e+01
   1.8200000e+02   2.6870739e+01
   1.8225000e+02   2.6859206e+01
   1.8250000e+02   2.6847719e+01
   1.8275000e+02   2.6836279e+01
   1.8300000e+02   2.6824885e+01
   1.8325000e+02   2.6813536e+01
   1.8350000e+02   2.6802233e+01
   1.8375000e+02   2.6790976e+01
   1.8400000e+02   2.6779764e+01
   1.8425000e+02   2.6768596e+01
   1.8450000e+02   2.6757474e+01
   1.8475000e+02   2.6746396e+01
   1.8500000e+02   2.6735363e+01
   1.8525000e+02   2.6724374e+01
   1.8550000e+02   2.6713430e+01
   1.8575000e+02   2.6702529e+01
   1.8600000e+02   2.6691672e+01
   1.8625000e+02   2.6680859e+01
   1.8650000e+02   2.6670089e+01
   1.8675000e+02   2.6659362e+01
   1.8700000e+02   2.6648679e+01
   1.8725000e+02   2.6638038e+01
   1.8750000e+02   2.6627440e+01
   1.8775000e+02   2.6616885e+01
   1.8800000e+02   2.6606372e+01
   1.8825000e+02   2.6595901e+01
   1.8850000e+02   2.6585473e+01
   1.8875000e+02   2.6575086e+01
   1.8900000e+02   2.6564741e+01
   1.8925000e+02   2.6554437e+01
   1.8950000e+02   2.6544175e+01
   1.8975000e+02   2.6533955e+01
   1.9000000e+02   2.6523775e+01
   1.9025000e+02   2.6513636e+01
   1.9050000e+02   2.6503538e+01
   1.9075000e+02   2.6493480e+01
   1.9100000e+02   2.6483463e+01
   1.9125000e+02   2.6473486e+01
   1.9150000e+02   2.6463550e+01
   1.9175000e+02   2.6453653e+01
   1.9200000e+02   2.6443796e+01
   1.9225000e+02   2.6433978e+01
   1.9250000e+02   2.6424200e+01
   1.9275000e+02   2.6414461e+01
   1.9300000e+02   2.6404761e+01
   1.9325000e+02   2.6395101e+01
   1.9350000e+02   2.6385479e+01
   1.9375000e+02   2.6375895e+01
   1.9400000e+02   2.6366351e+01
   1.9425000e+02   2.6356844e+01
   1.9450000e+02   2.6347376e+01
   1.9475000e+02   2.6337946e+01
   1.9500000e+02   2.6328554e+01
   1.9525000e+02   2.6319199e+01
   1.9550000e+02   2.6309882e+01
   1.9575000e+02   2.6300602e+01
   1.9600000e+02   2.6291360e+01
   1.9625000e+02   2.6282155e+01
   1.9650000e+02   2.6272987e+01
   1.9675000e+02   2.6263855e+01
   1.9700000e+02   2.6254761e+01
   1.9725000e+02   2.6245703e+01
   1.9750000e+02   2.6236681e+01
   1.9775000e+02   2.6227695e+01
   1.9800000e+02   2.6218746e+01
   1.9825000e+02   2.6209833e+01
   1.9850000e+02   2.6200955e+01
   1.9875000e+02   2.6192113e+01
   1.9900000e+02   2.6183307e+01
   1.9925000e+02   2.6174536e+01
   1.9950000e+02   2.6165800e+01
   1.9975000e+02   2.6157099e+01
   2.0000000e+02   2.6148433e+01
   2.0025000e+02   2.6139802e+01
   2.0050000e+02   2.6131206e+01
   2.0075000e+02   2.6122644e+01
   2.0100000e+02   2.6114117e+01
   2.0125000e+02   2.6105624e+01
   2.0150000e+02   2.6097165e+01
   2.0175000e+02   2.6088740e+01
   2.0200000e+02   2.6080348e+01
   2.0225000e+02   2.6071991e+01
   2.0250000e+02   2.6063667e+01
   2.0275000e+02   2.6055377e+01
   2.0300000e+02   2.6047120e+01
   2.0325000e+02   2.6038896e+01
   2.0350000e+02   2.6030705e+01
   2.0375000e+02   2.6022547e+01
   2.0400000e+02   2.6014421e+01
   2.0425000e+02   2.6006329e+01
   2.0450000e+02   2.5998269e+01
   2.0475000e+02   2.5990241e+01
   2.0500000e+02   2.5982246e+01
   2.0525000e+02   2.5974282e+01
   2.0550000e+02   2.5966351e+01
   2.0575000e+02   2.5958451e+01
   2.0600000e+02   2.5950584e+01
   2.0625000e+02   2.5942748e+01
   2.0650000e+02   2.5934943e+01
   2.0675000e+02   2.5927170e+01
   2.0700000e+02   2.5919427e+01
   2.0725000e+02   2.5911716e+01
   2.0750000e+02   2.5904036e+01
   2.0775000e+02   2.5896387e+01
   2.0800000e+02   2.5888769e+01
   2.0825000e+02   2.5881181e+01
   2.0850000e+02   2.5873624e+01
   2.0875000e+02   2.5866097e+01
   2.0900000e+02   2.5858600e+01
   2.0925000e+02   2.5851133e+01
   2.0950000e+02   2.5843697e+01
   2.0975000e+02   2.5836290e+01
   2.1000000e+02   2.5828913e+01
   2.1025000e+02   2.5821566e+01
   2.1050000e+02   2.5814248e+01
   2.1075000e+02   2.5806959e+01
   2.1100000e+02   2.5799700e+01
   2.1125000e+02   2.5792470e+01
   2.1150000e+02   2.5785269e+01
   2.1175000e+02   2.5778097e+01
   2.1200000e+02   2.5770954e+01
   2.1225000e+02   2.5763840e+01
   2.1250000e+02   2.5756754e+01
   2.1275000e+02   2.5749696e+01
   2.1300000e+02   2.5742667e+01
   2.1325000e+02   2.5735666e+01
   2.1350000e+02   2.5728694e+01
   2.1375000e+02   2.5721749e+01
   2.1400000e+02   2.5714832e+01
   2.1425000e+02   2.5707943e+01
   2.1450000e+02   2.5701082e+01
   2.1475000e+02   2.5694248e+01
   2.1500000e+02   2.5687441e+01
   2.1525000e+02   2.5680662e+01
   2.1550000e+02   2.5673911e+01
   2.1575000e+02   2.5667186e+01
   2.1600000e+02   2.5660488e+01
   2.1625000e+02   2.5653818e+01
   2.1650000e+02   2.5647174e+01
   2.1675000e+02   2.5640556e+01
   2.1700000e+02   2.5633966e+01
   2.1725000e+02   2.5627402e+01
   2.1750000e+02   2.5620864e+01
   2.1775000e+02   2.5614352e+01
   2.1800000e+02   2.5607867e+01
   2.1825000e+02   2.5601407e+01
   2.1850000e+02   2.5594974e+01
   2.1875000e+02   2.5588566e+01
   2.1900000e+02   2.5582185e+01
   2.1925000e+02   2.5575829e+01
   2.1950000e+02   2.5569498e+01
   2.1975000e+02   2.5563193e+01
   2.2000000e+02   2.5556913e+01
   2.2025000e+02   2.5550658e+01
   2.2050000e+02   2.5544429e+01
   2.2075000e+02   2.5538224e+01
   2.2100000e+02   2.5532045e+01
   2.2125000e+02   2.5525890e+01
   2.2150000e+02   2.5519760e+01
   2.2175000e+02   2.5513655e+01
   2.2200000e+02   2.5507574e+01
   2.2225000e+02   2.5501517e+01
   2.2250000e+02   2.5495485e+01
   2.2275000e+02   2.5489477e+01
   2.2300000e+02   2.5483494e+01
   2.2325000e+02   2.5477534e+01
   2.2350000e+02   2.5471598e+01
   2.2375000e+02   2.5465686e+01
   2.2400000e+02   2.5459798e+01
   2.2425000e+02   2.5453934e+01
   2.2450000e+02   2.5448093e+01
   2.2475000e+02   2.5442275e+01
   2.2500000e+02   2.5436481e+01
   2.2525000e+02   2.5430710e+01
   2.2550000e+02   2.5424963e+01
   2.2575000e+02   2.5419238e+01
   2.2600000e+02   2.5413537e+01
   2.2625000e+02   2.5407858e+01
   2.2650000e+02   2.5402202e+01
   2.2675000e+02   2.5396569e+01
   2.2700000e+02   2.5390958e+01
   2.2725000e+02   2.5385371e+01
   2.2750000e+02   2.5379805e+01
   2.2775000e+02   2.5374262e+01
   2.2800000e+02   2.5368741e+01
   2.2825000e+02   2.5363242e+01
   2.2850000e+02   2.5357766e+01
   2.2875000e+02   2.5352311e+01
   2.2900000e+02   2.5346878e+01
   2.2925000e+02   2.5341468e+01
   2.2950000e+02   2.5336078e+01
   2.2975000e+02   2.5330711e+01
   2.3000000e+02   2.5325365e+01
   2.3025000e+02   2.5320041e+01
   2.3050000e+02   2.5314738e+01
   2.3075000e+02   2.5309456e+01
   2.3100000e+02   2.5304195e+01
   2.3125000e+02   2.5298956e+01
   2.3150000e+02   2.5293738e+01
   2.3175000e+02   2.5288540e+01
   2.3200000e+02   2.5283364e+01
   2.3225000e+02   2.5278208e+01
   2.3250000e+02   2.5273073e+01
   2.3275000e+02   2.5267959e+01
   2.3300000e+02   2.5262865e+01
   2.3325000e+02   2.5257792e+01
   2.3350000e+02   2.5252739e+01
   2.3375000e+02   2.5247706e+01
   2.3400000e+02   2.5242693e+01
   2.3425000e+02   2.5237701e+01
   2.3450000e+02   2.5232729e+01
   2.3475000e+02   2.5227777e+01
   2.3500000e+02   2.5222844e+01
   2.3525000e+02   2.5217932e+01
   2.3550000e+02   2.5213039e+01
   2.3575000e+02   2.5208166e+01
   2.3600000e+02   2.5203312e+01
   2.3625000e+02   2.5198478e+01
   2.3650000e+02   2.5193663e+01
   2.3675000e+02   2.5188868e+01
   2.3700000e+02   2.5184092e+01
   2.3725000e+02   2.5179335e+01
   2.3750000e+02   2.5174597e+01
   2.3775000e+02   2.5169878e+01
   2.3800000e+02   2.5165179e+01
   2.3825000e+02   2.5160498e+01
   2.3850000e+02   2.5155836e+01
   2.3875000e+02   2.5151192e+01
   2.3900000e+02   2.5146568e+01
   2.3925000e+02   2.5141961e+01
   2.3950000e+02   2.5137374e+01
   2.3975000e+02   2.5132805e+01
   2.4000000e+02   2.5128254e+01
   2.4025000e+02   2.5123721e+01
   2.4050000e+02   2.5119207e+01
   2.4075000e+02   2.5114711e+01
   2.4100000e+02   2.5110232e+01
   2.4125000e+02   2.5105772e+01
   2.4150000e+02   2.5101330e+01
   2.4175000e+02   2.5096906e+01
   2.4200000e+02   2.5092499e+01
   2.4225000e+02   2.5088110e+01
   2.4250000e+02   2.5083739e+01
   2.4275000e+02   2.5079385e+01
   2.4300000e+02   2.5075049e+01
   2.4325000e+02   2.5070730e+01
   2.4350000e+02   2.5066428e+01
   2.4375000e+02   2.5062144e+01
   2.4400000e+02   2.5057877e+01
   2.4425000e+02   2.5053627e+01
   2.4450000e+02   2.5049395e+01
   2.4475000e+02   2.5045179e+01
   2.4500000e+02   2.5040980e+01
   2.4525000e+02   2.5036798e+01
   2.4550000e+02   2.5032633e+01
   2.4575000e+02   2.5028484e+01
   2.4600000e+02   2.5024353e+01
   2.4625000e+02   2.5020237e+01
   2.4650000e+02   2.5016139e+01
   2.4675000e+02   2.5012057e+01
   2.4700000e+02   2.5007991e+01
   2.4725000e+02   2.5003941e+01
   2.4750000e+02   2.4999908e+01
   2.4775000e+02   2.4995891e+01
   2.4800000e+02   2.4991891e+01
   2.4825000e+02   2.4987906e+01
   2.4850000e+02   2.4983937e+01
   2.4875000e+02   2.4979984e+01
   2.4900000e+02   2.4976047e+01
   2.4925000e+02   2.4972126e+01
   2.4950000e+02   2.4968221e+01
   2.4975000e+02   2.4964331e+01
   2.5000000e+02   2.4960457e+01
   2.5025000e+02   2.4956599e+01
   2.5050000e+02   2.4952756e+01
   2.5075000e+02   2.4948928e+01
   2.5100000e+02   2.4945116e+01
   2.5125000e+02   2.4941319e+01
   2.5150000e+02   2.4937538e+01
   2.5175000e+02   2.4933771e+01
   2.5200000e+02   2.4930020e+01
   2.5225000e+02   2.4926284e+01
   2.5250000e+02   2.4922562e+01
   2.5275000e+02   2.4918856e+01
   2.5300000e+02   2.4915165e+01
   2.5325000e+02   2.4911488e+01
   2.5350000e+02   2.4907827e+01
   2.5375000e+02   2.4904180e+01
   2.5400000e+02   2.4900547e+01
   2.5425000e+02   2.4896929e+01
   2.5450000e+02   2.4893326e+01
   2.5475000e+02   2.4889737e+01
   2.5500000e+02   2.4886163e+01
   2.5525000e+02   2.4882603e+01
   2.5550000e+02   2.4879057e+01
   2.5575000e+02   2.4875526e+01
   2.5600000e+02   2.4872009e+01
   2.5625000e+02   2.4868505e+01
   2.5650000e+02   2.4865016e+01
   2.5675000e+02   2.4861541e+01
   2.5700000e+02   2.4858080e+01
   2.5725000e+02   2.4854633e+01
   2.5750000e+02   2.4851200e+01
   2.5775000e+02   2.4847780e+01
   2.5800000e+02   2.4844374e+01
   2.5825000e+02   2.4840982e+01
   2.5850000e+02   2.4837604e+01
   2.5875000e+02   2.4834239e+01
   2.5900000e+02   2.4830887e+01
   2.5925000e+02   2.4827549e+01
   2.5950000e+02   2.4824225e+01
   2.5975000e+02   2.4820914e+01
   2.6000000e+02   2.4817616e+01
   2.6025000e+02   2.4814331e+01
   2.6050000e+02   2.4811060e+01
   2.6075000e+02   2.4807801e+01
   2.6100000e+02   2.4804556e+01
   2.6125000e+02   2.4801324e+01
   2.6150000e+02   2.4798105e+01
   2.6175000e+02   2.4794898e+01
   2.6200000e+02   2.4791705e+01
   2.6225000e+02   2.4788525e+01
   2.6250000e+02   2.4785357e+01
   2.6275000e+02   2.4782202e+01
   2.6300000e+02   2.4779059e+01
   2.6325000e+02   2.4775930e+01
   2.6350000e+02   2.4772813e+01
   2.6375000e+02   2.4769708e+01
   2.6400000e+02   2.4766616e+01
   2.6425000e+02   2.4763536e+01
   2.6450000e+02   2.4760469e+01
   2.6475000e+02   2.4757414e+01
   2.6500000e+02   2.4754371e+01
   2.6525000e+02   2.4751340e+01
   2.6550000e+02   2.4748322e+01
   2.6575000e+02   2.4745316e+01
   2.6600000e+02   2.4742321e+01
   2.6625000e+02   2.4739339e+01
   2.6650000e+02   2.4736369e+01
   2.6675000e+02   2.4733411e+01
   2.6700000e+02   2.4730464e+01
   2.6725000e+02   2.4727530e+01
   2.6750000e+02   2.4724607e+01
   2.6775000e+02   2.4721696e+01
   2.6800000e+02   2.4718797e+01
   2.6825000e+02   2.4715909e+01
   2.6850000e+02   2.4713033e+01
   2.6875000e+02   2.4710169e+01
   2.6900000e+02   2.4707316e+01
   2.6925000e+02   2.4704474e+01
   2.6950000e+02   2.4701644e+01
   2.6975000e+02   2.4698825e+01
   2.7000000e+02   2.4696018e+01
   2.7025000e+02   2.4693222e+01
   2.7050000e+02   2.4690437e+01
   2.7075000e+02   2.4687663e+01
   2.7100000e+02   2.4684901e+01
   2.7125000e+02   2.4682149e+01
   2.7150000e+02   2.4679409e+01
   2.7175000e+02   2.4676679e+01
   2.7200000e+02   2.4673961e+01
   2.7225000e+02   2.4671253e+01
   2.7250000e+02   2.4668557e+01
   2.7275000e+02   2.4665871e+01
   2.7300000e+02   2.4663196e+01
   2.7325000e+02   2.4660532e+01
   2.7350000e+02   2.4657878e+01
   2.7375000e+02   2.4655235e+01
   2.7400000e+02   2.4652603e+01
   2.7425000e+02   2.4649981e+01
   2.7450000e+02   2.4647370e+01
   2.7475000e+02   2.4644769e+01
   2.7500000e+02   2.4642179e+01
   2.7525000e+02   2.4639599e+01
   2.7550000e+02   2.4637030e+01
   2.7575000e+02   2.4634470e+01
   2.7600000e+02   2.4631922e+01
   2.7625000e+02   2.4629383e+01
   2.7650000e+02   2.4626854e+01
   2.7675000e+02   2.4624336e+01
   2.7700000e+02   2.4621828e+01
   2.7725000e+02   2.4619330e+01
   2.7750000e+02   2.4616842e+01
   2.7775000e+02   2.4614364e+01
   2.7800000e+02   2.4611896e+01
   2.7825000e+02   2.4609438e+01
   2.7850000e+02   2.4606989e+01
   2.7875000e+02   2.4604551e+01
   2.7900000e+02   2.4602122e+01
   2.7925000e+02   2.4599703e+01
   2.7950000e+02   2.4597294e+01
   2.7975000e+02   2.4594894e+01
   2.8000000e+02   2.4592505e+01
   2.8025000e+02   2.4590124e+01
   2.8050000e+02   2.4587754e+01
   2.8075000e+02   2.4585392e+01
   2.8100000e+02   2.4583041e+01
   2.8125000e+02   2.4580698e+01
   2.8150000e+02   2.4578365e+01
   2.8175000e+02   2.4576042e+01
   2.8200000e+02   2.4573728e+01
   2.8225000e+02   2.4571423e+01
   2.8250000e+02   2.4569127e+01
   2.8275000e+02   2.4566841e+01
   2.8300000e+02   2.4564564e+01
   2.8325000e+02   2.4562296e+01
   2.8350000e+02   2.4560037e+01
   2.8375000e+02   2.4557787e+01
   2.8400000e+02   2.4555546e+01
   2.8425000e+02   2.4553314e+01
   2.8450000e+02   2.4551092e+01
   2.8475000e+02   2.4548878e+01
   2.8500000e+02   2.4546673e+01
   2.8525000e+02   2.4544476e+01
   2.8550000e+02   2.4542289e+01
   2.8575000e+02   2.4540111e+01
   2.8600000e+02   2.4537941e+01
   2.8625000e+02   2.4535780e+01
   2.8650000e+02   2.4533627e+01
   2.8675000e+02   2.4531483e+01
   2.8700000e+02   2.4529348e+01
   2.8725000e+02   2.4527222e+01
   2.8750000e+02   2.4525104e+01
   2.8775000e+02   2.4522994e+01
   2.8800000e+02   2.4520893e+01
   2.8825000e+02   2.4518801e+01
   2.8850000e+02   2.4516716e+01
   2.8875000e+02   2.4514641e+01
   2.8900000e+02   2.4512573e+01
   2.8925000e+02   2.4510514e+01
   2.8950000e+02   2.4508463e+01
   2.8975000e+02   2.4506420e+01
   2.9000000e+02   2.4504386e+01
   2.9025000e+02   2.4502360e+01
   2.9050000e+02   2.4500341e+01
   2.9075000e+02   2.4498331e+01
   2.9100000e+02   2.4496329e+01
   2.9125000e+02   2.4494335e+01
   2.9150000e+02   2.4492350e+01
   2.9175000e+02   2.4490372e+01
   2.9200000e+02   2.4488402e+01
   2.9225000e+02   2.4486440e+01
   2.9250000e+02   2.4484485e+01
   2.9275000e+02   2.4482539e+01
   2.9300000e+02   2.4480601e+01
   2.9325000e+02   2.4478670e+01
   2.9350000e+02   2.4476747e+01
   2.9375000e+02   2.4474832e+01
   2.9400000e+02   2.4472924e+01
   2.9425000e+02   2.4471024e+01
   2.9450000e+02   2.4469132e+01
   2.9475000e+02   2.4467247e+01
   2.9500000e+02   2.4465370e+01
   2.9525000e+02   2.4463501e+01
   2.9550000e+02   2.4461639e+01
   2.9575000e+02   2.4459784e+01
   2.9600000e+02   2.4457937e+01
   2.9625000e+02   2.4456097e+01
   2.9650000e+02   2.4454265e+01
   2.9675000e+02   2.4452440e+01
   2.9700000e+02   2.4450622e+01
   2.9725000e+02   2.4448812e+01
   2.9750000e+02   2.4447009e+01
   2.9775000e+02   2.4445213e+01
   2.9800000e+02   2.4443425e+01
   2.9825000e+02   2.4441643e+01
   2.9850000e+02   2.4439869e+01
   2.9875000e+02   2.4438102e+01
   2.9900000e+02   2.4436342e+01
   2.9925000e+02   2.4434589e+01
   2.9950000e+02   2.4432843e+01
   2.9975000e+02   2.4431104e+01
   3.0000000e+02   2.4429372e+01
   3.0025000e+02   2.4427647e+01
   3.0050000e+02   2.4425929e+01
   3.0075000e+02   2.4424218e+01
   3.0100000e+02   2.4422514e+01
   3.0125000e+02   2.4420817e+01
   3.0150000e+02   2.4419126e+01
   3.0175000e+02   2.4417442e+01
   3.0200000e+02   2.4415765e+01
   3.0225000e+02   2.4414095e+01
   3.0250000e+02   2.4412432e+01
   3.0275000e+02   2.4410775e+01
   3.0300000e+02   2.4409125e+01
   3.0325000e+02   2.4407481e+01
   3.0350000e+02   2.4405844e+01
   3.0375000e+02   2.4404214e+01
   3.0400000e+02   2.4402590e+01
   3.0425000e+02   2.4400972e+01
   3.0450000e+02   2.4399361e+01
   3.0475000e+02   2.4397757e+01
   3.0500000e+02   2.4396159e+01
   3.0525000e+02   2.4394568e+01
   3.0550000e+02   2.4392983e+01
   3.0575000e+02   2.4391404e+01
   3.0600000e+02   2.4389831e+01
   3.0625000e+02   2.4388265e+01
   3.0650000e+02   2.4386706e+01
   3.0675000e+02   2.4385152e+01
   3.0700000e+02   2.4383605e+01
   3.0725000e+02   2.4382064e+01
   3.0750000e+02   2.4380529e+01
   3.0775000e+02   2.4379000e+01
   3.0800000e+02   2.4377478e+01
   3.0825000e+02   2.4375961e+01
   3.0850000e+02   2.4374451e+01
   3.0875000e+02   2.4372946e+01
   3.0900000e+02   2.4371448e+01
   3.0925000e+02   2.4369956e+01
   3.0950000e+02   2.4368470e+01
   3.0975000e+02   2.4366989e+01
   3.1000000e+02   2.4365515e+01
   3.1025000e+02   2.4364047e+01
   3.1050000e+02   2.4362584e+01
   3.1075000e+02   2.4361128e+01
   3.1100000e+02   2.4359677e+01
   3.1125000e+02   2.4358232e+01
   3.1150000e+02   2.4356793e+01
   3.1175000e+02   2.4355359e+01
   3.1200000e+02   2.4353932e+01
   3.1225000e+02   2.4352510e+01
   3.1250000e+02   2.4351094e+01
   3.1275000e+02   2.4349683e+01
   3.1300000e+02   2.4348279e+01
   3.1325000e+02   2.4346879e+01
   3.1350000e+02   2.4345486e+01
   3.1375000e+02   2.4344098e+01
   3.1400000e+02   2.4342716e+01
   3.1425000e+02   2.4341339e+01
   3.1450000e+02   2.4339967e+01
   3.1475000e+02   2.4338602e+01
   3.1500000e+02   2.4337241e+01
   3.1525000e+02   2.4335887e+01
   3.1550000e+02   2.4334537e+01
   3.1575000e+02   2.4333193e+01
   3.1600000e+02   2.4331855e+01
   3.1625000e+02   2.4330522e+01
   3.1650000e+02   2.4329194e+01
   3.1675000e+02   2.4327871e+01
   3.1700000e+02   2.4326554e+01
   3.1725000e+02   2.4325242e+01
   3.1750000e+02   2.4323936e+01
   3.1775000e+02   2.4322634e+01
   3.1800000e+02   2.4321338e+01
   3.1825000e+02   2.4320047e+01
   3.1850000e+02   2.4318762e+01
   3.1875000e+02   2.4317481e+01
   3.1900000e+02   2.4316206e+01
   3.1925000e+02   2.4314935e+01
   3.1950000e+02   2.4313670e+01
   3.1975000e+02   2.4312410e+01
   3.2000000e+02   2.4311155e+01
   3.2025000e+02   2.4309905e+01
   3.2050000e+02   2.4308660e+01
   3.2075000e+02   2.4307420e+01
   3.2100000e+02   2.4306185e+01
   3.2125000e+02   2.4304955e+01
   3.2150000e+02   2.4303730e+01
   3.2175000e+02   2.4302510e+01
   3.2200000e+02   2.4301294e+01
   3.2225000e+02   2.4300084e+01
   3.2250000e+02   2.4298878e+01
   3.2275000e+02   2.4297678e+01
   3.2300000e+02   2.4296482e+01
   3.2325000e+02   2.4295291e+01
   3.2350000e+02   2.4294104e+01
   3.2375000e+02   2.4292923e+01
   3.2400000e+02   2.4291746e+01
   3.2425000e+02   2.4290574e+01
   3.2450000e+02   2.4289407e+01
   3.2475000e+02   2.4288244e+01
   3.2500000e+02   2.4287086e+01
   3.2525000e+02   2.4285933e+01
   3.2550000e+02   2.4284784e+01
   3.2575000e+02   2.4283640e+01
   3.2600000e+02   2.4282501e+01
   3.2625000e+02   2.4281366e+01
   3.2650000e+02   2.4280235e+01
   3.2675000e+02   2.4279110e+01
   3.2700000e+02   2.4277988e+01
   3.2725000e+02   2.4276871e+01
   3.2750000e+02   2.4275759e+01
   3.2775000e+02   2.4274651e+01
   3.2800000e+02   2.4273548e+01
   3.2825000e+02   2.4272449e+01
   3.2850000e+02   2.4271355e+01
   3.2875000e+02   2.4270264e+01
   3.2900000e+02   2.4269179e+01
   3.2925000e+02   2.4268097e+01
   3.2950000e+02   2.4267020e+01
   3.2975000e+02   2.4265948e+01
   3.3000000e+02   2.4264879e+01
   3.3025000e+02   2.4263815e+01
   3.3050000e+02   2.4262755e+01
   3.3075000e+02   2.4261700e+01
   3.3100000e+02   2.4260648e+01
   3.3125000e+02   2.4259601e+01
   3.3150000e+02   2.4258558e+01
   3.3175000e+02   2.4257520e+01
   3.3200000e+02   2.4256485e+01
   3.3225000e+02   2.4255455e+01
   3.3250000e+02   2.4254428e+01
   3.3275000e+02   2.4253406e+01
   3.3300000e+02   2.4252388e+01
   3.3325000e+02   2.4251374e+01
   3.3350000e+02   2.4250364e+01
   3.3375000e+02   2.4249359e+01
   3.3400000e+02   2.4248357e+01
   3.3425000e+02   2.4247359e+01
   3.3450000e+02   2.4246365e+01
   3.3475000e+02   2.4245376e+01
   3.3500000e+02   2.4244390e+01
   3.3525000e+02   2.4243408e+01
   3.3550000e+02   2.4242430e+01
   3.3575000e+02   2.4241456e+01
   3.3600000e+02   2.4240486e+01
   3.3625000e+02   2.4239520e+01
   3.3650000e+02   2.4238558e+01
   3.3675000e+02   2.4237600e+01
   3.3700000e+02   2.4236645e+01
   3.3725000e+02   2.4235694e+01
   3.3750000e+02   2.4234748e+01
   3.3775000e+02   2.4233805e+01
   3.3800000e+02   2.4232865e+01
   3.3825000e+02   2.4231930e+01
   3.3850000e+02   2.4230998e+01
   3.3875000e+02   2.4230070e+01
   3.3900000e+02   2.4229146e+01
   3.3925000e+02   2.4228225e+01
   3.3950000e+02   2.4227308e+01
   3.3975000e+02   2.4226395e+01
   3.4000000e+02   2.4225486e+01
   3.4025000e+02   2.4224580e+01
   3.4050000e+02   2.4223678e+01
   3.4075000e+02   2.4222779e+01
   3.4100000e+02   2.4221884e+01
   3.4125000e+02   2.4220993e+01
   3.4150000e+02   2.4220105e+01
   3.4175000e+02   2.4219221e+01
   3.4200000e+02   2.4218340e+01
   3.4225000e+02   2.4217463e+01
   3.4250000e+02   2.4216589e+01
   3.4275000e+02   2.4215719e+01
   3.4300000e+02   2.4214852e+01
   3.4325000e+02   2.4213989e+01
   3.4350000e+02   2.4213130e+01
   3.4375000e+02   2.4212273e+01
   3.4400000e+02   2.4211421e+01
   3.4425000e+02   2.4210571e+01
   3.4450000e+02   2.4209725e+01
   3.4475000e+02   2.4208883e+01
   3.4500000e+02   2.4208044e+01
   3.4525000e+02   2.4207208e+01
   3.4550000e+02   2.4206376e+01
   3.4575000e+02   2.4205546e+01
   3.4600000e+02   2.4204721e+01
   3.4625000e+02   2.4203898e+01
   3.4650000e+02   2.4203079e+01
   3.4675000e+02   2.4202263e+01
   3.4700000e+02   2.4201451e+01
   3.4725000e+02   2.4200641e+01
   3.4750000e+02   2.4199835e+01
   3.4775000e+02   2.4199033e+01
   3.4800000e+02   2.4198233e+01
   3.4825000e+02   2.4197437e+01
   3.4850000e+02   2.4196643e+01
   3.4875000e+02   2.4195854e+01
   3.4900000e+02   2.4195067e+01
   3.4925000e+02   2.4194283e+01
   3.4950000e+02   2.4193503e+01
   3.4975000e+02   2.4192725e+01
   3.5000000e+02   2.4191951e+01
   3.5025000e+02   2.4191180e+01
   3.5050000e+02   2.4190412e+01
   3.5075000e+02   2.4189647e+01
   3.5100000e+02   2.4188885e+01
   3.5125000e+02   2.4188126e+01
   3.5150000e+02   2.4187370e+01
   3.5175000e+02   2.4186618e+01
   3.5200000e+02   2.4185868e+01
   3.5225000e+02   2.4185121e+01
   3.5250000e+02   2.4184378e+01
   3.5275000e+02   2.4183637e+01
   3.5300000e+02   2.4182899e+01
   3.5325000e+02   2.4182164e+01
   3.5350000e+02   2.4181433e+01
   3.5375000e+02   2.4180704e+01
   3.5400000e+02   2.4179978e+01
   3.5425000e+02   2.4179255e+01
   3.5450000e+02   2.4178535e+01
   3.5475000e+02   2.4177817e+01
   3.5500000e+02   2.4177103e+01
   3.5525000e+02   2.4176391e+01
   3.5550000e+02   2.4175683e+01
   3.5575000e+02   2.4174977e+01
   3.5600000e+02   2.4174274e+01
   3.5625000e+02   2.4173574e+01
   3.5650000e+02   2.4172877e+01
   3.5675000e+02   2.4172182e+01
   3.5700000e+02   2.4171491e+01
   3.5725000e+02   2.4170802e+01
   3.5750000e+02   2.4170115e+01
   3.5775000e+02   2.4169432e+01
   3.5800000e+02   2.4168751e+01
   3.5825000e+02   2.4168073e+01
   3.5850000e+02   2.4167398e+01
   3.5875000e+02   2.4166726e+01
   3.5900000e+02   2.4166056e+01
   3.5925000e+02   2.4165389e+01
   3.5950000e+02   2.4164724e+01
   3.5975000e+02   2.4164063e+01
   3.6000000e+02   2.4163404e+01
   3.6025000e+02   2.4162747e+01
   3.6050000e+02   2.4162093e+01
   3.6075000e+02   2.4161442e+01
   3.6100000e+02   2.4160794e+01
   3.6125000e+02   2.4160148e+01
   3.6150000e+02   2.4159504e+01
   3.6175000e+02   2.4158863e+01
   3.6200000e+02   2.4158225e+01
   3.6225000e+02   2.4157590e+01
   3.6250000e+02   2.4156956e+01
   3.6275000e+02   2.4156326e+01
   3.6300000e+02   2.4155698e+01
   3.6325000e+02   2.4155072e+01
   3.6350000e+02   2.4154449e+01
   3.6375000e+02   2.4153829e+01
   3.6400000e+02   2.4153211e+01
   3.6425000e+02   2.4152596e+01
   3.6450000e+02   2.4151982e+01
   3.6475000e+02   2.4151372e+01
   3.6500000e+02   2.4150764e+01
   3.6525000e+02   2.4150158e+01
   3.6550000e+02   2.4149555e+01
   3.6575000e+02   2.4148954e+01
   3.6600000e+02   2.4148356e+01
   3.6625000e+02   2.4147760e+01
   3.6650000e+02   2.4147166e+01
   3.6675000e+02   2.4146575e+01
   3.6700000e+02   2.4145986e+01
   3.6725000e+02   2.4145400e+01
   3.6750000e+02   2.4144815e+01
   3.6775000e+02   2.4144234e+01
   3.6800000e+02   2.4143654e+01
   3.6825000e+02   2.4143077e+01
   3.6850000e+02   2.4142502e+01
   3.6875000e+02   2.4141930e+01
   3.6900000e+02   2.4141360e+01
   3.6925000e+02   2.4140792e+01
   3.6950000e+02   2.4140226e+01
   3.6975000e+02   2.4139663e+01
   3.7000000e+02   2.4139102e+01
   3.7025000e+02   2.4138543e+01
   3.7050000e+02   2.4137986e+01
   3.7075000e+02   2.4137432e+01
   3.7100000e+02   2.4136880e+01
   3.7125000e+02   2.4136330e+01
   3.7150000e+02   2.4135782e+01
   3.7175000e+02   2.4135237e+01
   3.7200000e+02   2.4134694e+01
   3.7225000e+02   2.4134152e+01
   3.7250000e+02   2.4133614e+01
   3.7275000e+02   2.4133077e+01
   3.7300000e+02   2.4132542e+01
   3.7325000e+02   2.4132010e+01
   3.7350000e+02   2.4131479e+01
   3.7375000e+02   2.4130951e+01
   3.7400000e+02   2.4130425e+01
   3.7425000e+02   2.4129901e+01
   3.7450000e+02   2.4129379e+01
   3.7475000e+02   2.4128860e+01
   3.7500000e+02   2.4128342e+01
   3.7525000e+02   2.4127826e+01
   3.7550000e+02   2.4127313e+01
   3.7575000e+02   2.4126801e+01
   3.7600000e+02   2.4126292e+01
   3.7625000e+02   2.4125785e+01
   3.7650000e+02   2.4125279e+01
   3.7675000e+02   2.4124776e+01
   3.7700000e+02   2.4124275e+01
   3.7725000e+02   2.4123775e+01
   3.7750000e+02   2.4123278e+01
   3.7775000e+02   2.4122783e+01
   3.7800000e+02   2.4122290e+01
   3.7825000e+02   2.4121798e+01
   3.7850000e+02   2.4121309e+01
   3.7875000e+02   2.4120822e+01
   3.7900000e+02   2.4120336e+01
   3.7925000e+02   2.4119853e+01
   3.7950000e+02   2.4119371e+01
   3.7975000e+02   2.4118892e+01
   3.8000000e+02   2.4118414e+01
   3.8025000e+02   2.4117939e+01
   3.8050000e+02   2.4117465e+01
   3.8075000e+02   2.4116993e+01
   3.8100000e+02   2.4116523e+01
   3.8125000e+02   2.4116055e+01
   3.8150000e+02   2.4115588e+01
   3.8175000e+02   2.4115124e+01
   3.8200000e+02   2.4114662e+01
   3.8225000e+02   2.4114201e+01
   3.8250000e+02   2.4113742e+01
   3.8275000e+02   2.4113285e+01
   3.8300000e+02   2.4112830e+01
   3.8325000e+02   2.4112377e+01
   3.8350000e+02   2.4111925e+01
   3.8375000e+02   2.4111476e+01
   3.8400000e+02   2.4111028e+01
   3.8425000e+02   2.4110582e+01
   3.8450000e+02   2.4110138e+01
   3.8475000e+02   2.4109695e+01
   3.8500000e+02   2.4109255e+01
   3.8525000e+02   2.4108816e+01
   3.8550000e+02   2.4108378e+01
   3.8575000e+02   2.4107943e+01
   3.8600000e+02   2.4107509e+01
   3.8625000e+02   2.4107078e+01
   3.8650000e+02   2.4106647e+01
   3.8675000e+02   2.4106219e+01
   3.8700000e+02   2.4105792e+01
   3.8725000e+02   2.4105367e+01
   3.8750000e+02   2.4104944e+01
   3.8775000e+02   2.4104522e+01
   3.8800000e+02   2.4104102e+01
   3.8825000e+02   2.4103684e+01
   3.8850000e+02   2.4103268e+01
   3.8875000e+02   2.4102853e+01
   3.8900000e+02   2.4102440e+01
   3.8925000e+02   2.4102028e+01
   3.8950000e+02   2.4101618e+01
   3.8975000e+02   2.4101210e+01
   3.9000000e+02   2.4100803e+01
   3.9025000e+02   2.4100398e+01
   3.9050000e+02   2.4099995e+01
   3.9075000e+02   2.4099593e+01
   3.9100000e+02   2.4099193e+01
   3.9125000e+02   2.4098795e+01
   3.9150000e+02   2.4098398e+01
   3.9175000e+02   2.4098003e+01
   3.9200000e+02   2.4097609e+01
   3.9225000e+02   2.4097217e+01
   3.9250000e+02   2.4096826e+01
   3.9275000e+02   2.4096437e+01
   3.9300000e+02   2.4096050e+01
   3.9325000e+02   2.4095664e+01
   3.9350000e+02   2.4095280e+01
   3.9375000e+02   2.4094897e+01
   3.9400000e+02   2.4094516e+01
   3.9425000e+02   2.4094136e+01
   3.9450000e+02   2.4093758e+01
   3.9475000e+02   2.4093381e+01
   3.9500000e+02   2.4093006e+01
   3.9525000e+02   2.4092632e+01
   3.9550000e+02   2.4092260e+01
   3.9575000e+02   2.4091890e+01
   3.9600000e+02   2.4091520e+01
   3.9625000e+02   2.4091153e+01
   3.9650000e+02   2.4090787e+01
   3.9675000e+02   2.4090422e+01
   3.9700000e+02   2.4090059e+01
   3.9725000e+02   2.4089697e+01
   3.9750000e+02   2.4089336e+01
   3.9775000e+02   2.4088978e+01
   3.9800000e+02   2.4088620e+01
   3.9825000e+02   2.4088264e+01
   3.9850000e+02   2.4087909e+01
   3.9875000e+02   2.4087556e+01
   3.9900000e+02   2.4087205e+01
   3.9925000e+02   2.4086854e+01
   3.9950000e+02   2.4086505e+01
   3.9975000e+02   2.4086158e+01
   4.0000000e+02   2.4085812e+01
   4.0025000e+02   2.4085467e+01
   4.0050000e+02   2.4085124e+01
   4.0075000e+02   2.4084782e+01
   4.0100000e+02   2.4084441e+01
   4.0125000e+02   2.4084102e+01
   4.0150000e+02   2.4083764e+01
   4.0175000e+02   2.4083427e+01
   4.0200000e+02   2.4083092e+01
   4.0225000e+02   2.4082758e+01
   4.0250000e+02   2.4082426e+01
   4.0275000e+02   2.4082095e+01
   4.0300000e+02   2.4081765e+01
   4.0325000e+02   2.4081437e+01
   4.0350000e+02   2.4081109e+01
   4.0375000e+02   2.4080784e+01
   4.0400000e+02   2.4080459e+01
   4.0425000e+02   2.4080136e+01
   4.0450000e+02   2.4079814e+01
   4.0475000e+02   2.4079493e+01
   4.0500000e+02   2.4079174e+01
   4.0525000e+02   2.4078856e+01
   4.0550000e+02   2.4078539e+01
   4.0575000e+02   2.4078224e+01
   4.0600000e+02   2.4077909e+01
   4.0625000e+02   2.4077596e+01
   4.0650000e+02   2.4077285e+01
   4.0675000e+02   2.4076974e+01
   4.0700000e+02   2.4076665e+01
   4.0725000e+02   2.4076357e+01
   4.0750000e+02   2.4076050e+01
   4.0775000e+02   2.4075745e+01
   4.0800000e+02   2.4075440e+01
   4.0825000e+02   2.4075137e+01
   4.0850000e+02   2.4074835e+01
   4.0875000e+02   2.4074535e+01
   4.0900000e+02   2.4074235e+01
   4.0925000e+02   2.4073937e+01
   4.0950000e+02   2.4073640e+01
   4.0975000e+02   2.4073344e+01
   4.1000000e+02   2.4073050e+01
   4.1025000e+02   2.4072756e+01
   4.1050000e+02   2.4072464e+01
   4.1075000e+02   2.4072173e+01
   4.1100000e+02   2.4071883e+01
   4.1125000e+02   2.4071594e+01
   4.1150000e+02   2.4071306e+01
   4.1175000e+02   2.4071020e+01
   4.1200000e+02   2.4070735e+01
   4.1225000e+02   2.4070450e+01
   4.1250000e+02   2.4070167e+01
   4.1275000e+02   2.4069886e+01
   4.1300000e+02   2.4069605e+01
   4.1325000e+02   2.4069325e+01
   4.1350000e+02   2.4069047e+01
   4.1375000e+02   2.4068769e+01
   4.1400000e+02   2.4068493e+01
   4.1425000e+02   2.4068218e+01
   4.1450000e+02   2.4067944e+01
   4.1475000e+02   2.4067671e+01
   4.1500000e+02   2.4067399e+01
   4.1525000e+02   2.4067128e+01
   4.1550000e+02   2.4066859e+01
   4.1575000e+02   2.4066590e+01
   4.1600000e+02   2.4066322e+01
   4.1625000e+02   2.4066056e+01
   4.1650000e+02   2.4065791e+01
   4.1675000e+02   2.4065526e+01
   4.1700000e+02   2.4065263e+01
   4.1725000e+02   2.4065001e+01
   4.1750000e+02   2.4064740e+01
   4.1775000e+02   2.4064480e+01
   4.1800000e+02   2.4064221e+01
   4.1825000e+02   2.4063963e+01
   4.1850000e+02   2.4063706e+01
   4.1875000e+02   2.4063450e+01
   4.1900000e+02   2.4063195e+01
   4.1925000e+02   2.4062941e+01
   4.1950000e+02   2.4062688e+01
   4.1975000e+02   2.4062436e+01
   4.2000000e+02   2.4062185e+01
   4.2025000e+02   2.4061936e+01
   4.2050000e+02   2.4061687e+01
   4.2075000e+02   2.4061439e+01
   4.2100000e+02   2.4061192e+01
   4.2125000e+02   2.4060946e+01
   4.2150000e+02   2.4060702e+01
   4.2175000e+02   2.4060458e+01
   4.2200000e+02   2.4060215e+01
   4.2225000e+02   2.4059973e+01
   4.2250000e+02   2.4059732e+01
   4.2275000e+02   2.4059492e+01
   4.2300000e+02   2.4059253e+01
   4.2325000e+02   2.4059015e+01
   4.2350000e+02   2.4058778e+01
   4.2375000e+02   2.4058542e+01
   4.2400000e+02   2.4058307e+01
   4.2425000e+02   2.4058072e+01
   4.2450000e+02   2.4057839e+01
   4.2475000e+02   2.4057607e+01
   4.2500000e+02   2.4057375e+01
   4.2525000e+02   2.4057145e+01
   4.2550000e+02   2.4056915e+01
   4.2575000e+02   2.4056687e+01
   4.2600000e+02   2.4056459e+01
   4.2625000e+02   2.4056232e+01
   4.2650000e+02   2.4056006e+01
   4.2675000e+02   2.4055781e+01
   4.2700000e+02   2.4055557e+01
   4.2725000e+02   2.4055334e+01
   4.2750000e+02   2.4055112e+01
   4.2775000e+02   2.4054890e+01
   4.2800000e+02   2.4054670e+01
   4.2825000e+02   2.4054450e+01
   4.2850000e+02   2.4054231e+01
   4.2875000e+02   2.4054013e+01
   4.2900000e+02   2.4053796e+01
   4.2925000e+02   2.4053580e+01
   4.2950000e+02   2.4053365e+01
   4.2975000e+02   2.4053151e+01
   4.3000000e+02   2.4052937e+01
   4.3025000e+02   2.4052724e+01
   4.3050000e+02   2.4052513e+01
   4.3075000e+02   2.4052302e+01
   4.3100000e+02   2.4052092e+01
   4.3125000e+02   2.4051882e+01
   4.3150000e+02   2.4051674e+01
   4.3175000e+02   2.4051466e+01
   4.3200000e+02   2.4051259e+01
   4.3225000e+02   2.4051054e+01
   4.3250000e+02   2.4050848e+01
   4.3275000e+02   2.4050644e+01
   4.3300000e+02   2.4050441e+01
   4.3325000e+02   2.4050238e+01
   4.3350000e+02   2.4050036e+01
   4.3375000e+02   2.4049835e+01
   4.3400000e+02   2.4049635e+01
   4.3425000e+02   2.4049436e+01
   4.3450000e+02   2.4049237e+01
   4.3475000e+02   2.4049039e+01
   4.3500000e+02   2.4048842e+01
   4.3525000e+02   2.4048646e+01
   4.3550000e+02   2.4048451e+01
   4.3575000e+02   2.4048256e+01
   4.3600000e+02   2.4048062e+01
   4.3625000e+02   2.4047869e+01
   4.3650000e+02   2.4047677e+01
   4.3675000e+02   2.4047485e+01
   4.3700000e+02   2.4047294e+01
   4.3725000e+02   2.4047104e+01
   4.3750000e+02   2.4046915e+01
   4.3775000e+02   2.4046727e+01
   4.3800000e+02   2.4046539e+01
   4.3825000e+02   2.4046352e+01
   4.3850000e+02   2.4046166e+01
   4.3875000e+02   2.4045980e+01
   4.3900000e+02   2.4045796e+01
   4.3925000e+02   2.4045612e+01
   4.3950000e+02   2.4045428e+01
   4.3975000e+02   2.4045246e+01
   4.4000000e+02   2.4045064e+01
   4.4025000e+02   2.4044883e+01
   4.4050000e+02   2.4044703e+01
   4.4075000e+02   2.4044523e+01
   4.4100000e+02   2.4044344e+01
   4.4125000e+02   2.4044166e+01
   4.4150000e+02   2.4043989e+01
   4.4175000e+02   2.4043812e+01
   4.4200000e+02   2.4043636e+01
   4.4225000e+02   2.4043461e+01
   4.4250000e+02   2.4043286e+01
   4.4275000e+02   2.4043112e+01
   4.4300000e+02   2.4042939e+01
   4.4325000e+02   2.4042767e+01
   4.4350000e+02   2.4042595e+01
   4.4375000e+02   2.4042424e+01
   4.4400000e+02   2.4042253e+01
   4.4425000e+02   2.4042083e+01
   4.4450000e+02   2.4041914e+01
   4.4475000e+02   2.4041746e+01
   4.4500000e+02   2.4041578e+01
   4.4525000e+02   2.4041411e+01
   4.4550000e+02   2.4041245e+01
   4.4575000e+02   2.4041079e+01
   4.4600000e+02   2.4040914e+01
   4.4625000e+02   2.4040750e+01
   4.4650000e+02   2.4040586e+01
   4.4675000e+02   2.4040423e+01
   4.4700000e+02   2.4040261e+01
   4.4725000e+02   2.4040099e+01
   4.4750000e+02   2.4039938e+01
   4.4775000e+02   2.4039777e+01
   4.4800000e+02   2.4039618e+01
   4.4825000e+02   2.4039458e+01
   4.4850000e+02   2.4039300e+01
   4.4875000e+02   2.4039142e+01
   4.4900000e+02   2.4038985e+01
   4.4925000e+02   2.4038828e+01
   4.4950000e+02   2.4038672e+01
   4.4975000e+02   2.4038517e+01
   4.5000000e+02   2.4038362e+01
   4.5025000e+02   2.4038208e+01
   4.5050000e+02   2.4038055e+01
   4.5075000e+02   2.4037902e+01
   4.5100000e+02   2.4037749e+01
   4.5125000e+02   2.4037598e+01
   4.5150000e+02   2.4037447e+01
   4.5175000e+02   2.4037296e+01
   4.5200000e+02   2.4037146e+01
   4.5225000e+02   2.4036997e+01
   4.5250000e+02   2.4036849e+01
   4.5275000e+02   2.4036701e+01
   4.5300000e+02   2.4036553e+01
   4.5325000e+02   2.4036406e+01
   4.5350000e+02   2.4036260e+01
   4.5375000e+02   2.4036114e+01
   4.5400000e+02   2.4035969e+01
   4.5425000e+02   2.4035825e+01
   4.5450000e+02   2.4035681e+01
   4.5475000e+02   2.4035537e+01
   4.5500000e+02   2.4035395e+01
   4.5525000e+02   2.4035253e+01
   4.5550000e+02   2.4035111e+01
   4.5575000e+02   2.4034970e+01
   4.5600000e+02   2.4034829e+01
   4.5625000e+02   2.4034689e+01
   4.5650000e+02   2.4034550e+01
   4.5675000e+02   2.4034411e+01
   4.5700000e+02   2.4034273e+01
   4.5725000e+02   2.4034135e+01
   4.5750000e+02   2.4033998e+01
   4.5775000e+02   2.4033862e+01
   4.5800000e+02   2.4033726e+01
   4.5825000e+02   2.4033590e+01
   4.5850000e+02   2.4033455e+01
   4.5875000e+02   2.4033321e+01
   4.5900000e+02   2.4033187e+01
   4.5925000e+02   2.4033054e+01
   4.5950000e+02   2.4032921e+01
   4.5975000e+02   2.4032789e+01
   4.6000000e+02   2.4032657e+01
   4.6025000e+02   2.4032526e+01
   4.6050000e+02   2.4032395e+01
   4.6075000e+02   2.4032265e+01
   4.6100000e+02   2.4032135e+01
   4.6125000e+02   2.4032006e+01
   4.6150000e+02   2.4031878e+01
   4.6175000e+02   2.4031749e+01
   4.6200000e+02   2.4031622e+01
   4.6225000e+02   2.4031495e+01
   4.6250000e+02   2.4031368e+01
   4.6275000e+02   2.4031242e+01
   4.6300000e+02   2.4031117e+01
   4.6325000e+02   2.4030992e+01
   4.6350000e+02   2.4030867e+01
   4.6375000e+02   2.4030743e+01
   4.6400000e+02   2.4030620e+01
   4.6425000e+02   2.4030497e+01
   4.6450000e+02   2.4030374e+01
   4.6475000e+02   2.4030252e+01
   4.6500000e+02   2.4030131e+01
   4.6525000e+02   2.4030010e+01
   4.6550000e+02   2.4029889e+01
   4.6575000e+02   2.4029769e+01
   4.6600000e+02   2.4029649e+01
   4.6625000e+02   2.4029530e+01
   4.6650000e+02   2.4029412e+01
   4.6675000e+02   2.4029294e+01
   4.6700000e+02   2.4029176e+01
   4.6725000e+02   2.4029059e+01
   4.6750000e+02   2.4028942e+01
   4.6775000e+02   2.4028826e+01
   4.6800000e+02   2.4028710e+01
   4.6825000e+02   2.4028595e+01
   4.6850000e+02   2.4028480e+01
   4.6875000e+02   2.4028365e+01
   4.6900000e+02   2.4028251e+01
   4.6925000e+02   2.4028138e+01
   4.6950000e+02   2.4028025e+01
   4.6975000e+02   2.4027912e+01
   4.7000000e+02   2.4027800e+01
   4.7025000e+02   2.4027688e+01
   4.7050000e+02   2.4027577e+01
   4.7075000e+02   2.4027466e+01
   4.7100000e+02   2.4027356e+01
   4.7125000e+02   2.4027246e+01
   4.7150000e+02   2.4027137e+01
   4.7175000e+02   2.4027028e+01
   4.7200000e+02   2.4026919e+01
   4.7225000e+02   2.4026811e+01
   4.7250000e+02   2.4026703e+01
   4.7275000e+02   2.4026596e+01
   4.7300000e+02   2.4026489e+01
   4.7325000e+02   2.4026383e+01
   4.7350000e+02   2.4026277e+01
   4.7375000e+02   2.4026171e+01
   4.7400000e+02   2.4026066e+01
   4.7425000e+02   2.4025961e+01
   4.7450000e+02   2.4025857e+01
   4.7475000e+02   2.4025753e+01
   4.7500000e+02   2.4025650e+01
   4.7525000e+02   2.4025547e+01
   4.7550000e+02   2.4025444e+01
   4.7575000e+02   2.4025342e+01
   4.7600000e+02   2.4025240e+01
   4.7625000e+02   2.4025139e+01
   4.7650000e+02   2.4025038e+01
   4.7675000e+02   2.4024937e+01
   4.7700000e+02   2.4024837e+01
   4.7725000e+02   2.4024737e+01
   4.7750000e+02   2.4024638e+01
   4.7775000e+02   2.4024539e+01
   4.7800000e+02   2.4024440e+01
   4.7825000e+02   2.4024342e+01
   4.7850000e+02   2.4024244e+01
   4.7875000e+02   2.4024147e+01
   4.7900000e+02   2.4024050e+01
   4.7925000e+02   2.4023953e+01
   4.7950000e+02   2.4023857e+01
   4.7975000e+02   2.4023761e+01
   4.8000000e+02   2.4023666e+01
   4.8025000e+02   2.4023570e+01
   4.8050000e+02   2.4023476e+01
   4.8075000e+02   2.4023381e+01
   4.8100000e+02   2.4023288e+01
   4.8125000e+02   2.4023194e+01
   4.8150000e+02   2.4023101e+01
   4.8175000e+02   2.4023008e+01
   4.8200000e+02   2.4022916e+01
   4.8225000e+02   2.4022823e+01
   4.8250000e+02   2.4022732e+01
   4.8275000e+02   2.4022640e+01
   4.8300000e+02   2.4022550e+01
   4.8325000e+02   2.4022459e+01
   4.8350000e+02   2.4022369e+01
   4.8375000e+02   2.4022279e+01
   4.8400000e+02   2.4022189e+01
   4.8425000e+02   2.4022100e+01
   4.8450000e+02   2.4022011e+01
   4.8475000e+02   2.4021923e+01
   4.8500000e+02   2.4021835e+01
   4.8525000e+02   2.4021747e+01
   4.8550000e+02   2.4021660e+01
   4.8575000e+02   2.4021573e+01
   4.8600000e+02   2.4021486e+01
   4.8625000e+02   2.4021400e+01
   4.8650000e+02   2.4021314e+01
   4.8675000e+02   2.4021228e+01
   4.8700000e+02   2.4021143e+01
   4.8725000e+02   2.4021058e+01
   4.8750000e+02   2.4020973e+01
   4.8775000e+02   2.4020889e+01
   4.8800000e+02   2.4020805e+01
   4.8825000e+02   2.4020722e+01
   4.8850000e+02   2.4020638e+01
   4.8875000e+02   2.4020556e+01
   4.8900000e+02   2.4020473e+01
   4.8925000e+02   2.4020391e+01
   4.8950000e+02   2.4020309e+01
   4.8975000e+02   2.4020227e+01
   4.9000000e+02   2.4020146e+01
   4.9025000e+02   2.4020065e+01
   4.9050000e+02   2.4019984e+01
   4.9075000e+02   2.4019904e+01
   4.9100000e+02   2.4019824e+01
   4.9125000e+02   2.4019745e+01
   4.9150000e+02   2.4019665e+01
   4.9175000e+02   2.4019586e+01
   4.9200000e+02   2.4019508e+01
   4.9225000e+02   2.4019429e+01
   4.9250000e+02   2.4019351e+01
   4.9275000e+02   2.4019273e+01
   4.9300000e+02   2.4019196e+01
   4.9325000e+02   2.4019119e+01
   4.9350000e+02   2.4019042e+01
   4.9375000e+02   2.4018965e+01
   4.9400000e+02   2.4018889e+01
   4.9425000e+02   2.4018813e+01
   4.9450000e+02   2.4018738e+01
   4.9475000e+02   2.4018663e+01
   4.9500000e+02   2.4018588e+01
   4.9525000e+02   2.4018513e+01
   4.9550000e+02   2.4018439e+01
   4.9575000e+02   2.4018364e+01
   4.9600000e+02   2.4018291e+01
   4.9625000e+02   2.4018217e+01
   4.9650000e+02   2.4018144e+01
   4.9675000e+02   2.4018071e+01
   4.9700000e+02   2.4017999e+01
   4.9725000e+02   2.4017926e+01
   4.9750000e+02   2.4017854e+01
   4.9775000e+02   2.4017782e+01
   4.9800000e+02   2.4017711e+01
   4.9825000e+02   2.4017640e+01
   4.9850000e+02   2.4017569e+01
   4.9875000e+02   2.4017498e+01
   4.9900000e+02   2.4017428e+01
   4.9925000e+02   2.4017358e+01
   4.9950000e+02   2.4017288e+01
   4.9975000e+02   2.4017219e+01
   5.0000000e+02   2.4017150e+01
   5.0025000e+02   2.4017081e+01
   5.0050000e+02   2.4017012e+01
   5.0075000e+02   2.4016944e+01
   5.0100000e+02   2.4016876e+01
   5.0125000e+02   2.4016808e+01
   5.0150000e+02   2.4016741e+01
   5.0175000e+02   2.4016673e+01
   5.0200000e+02   2.4016606e+01
   5.0225000e+02   2.4016540e+01
   5.0250000e+02   2.4016473e+01
   5.0275000e+02   2.4016407e+01
   5.0300000e+02   2.4016341e+01
   5.0325000e+02   2.4016275e+01
   5.0350000e+02   2.4016210e+01
   5.0375000e+02   2.4016145e+01
   5.0400000e+02   2.4016080e+01
   5.0425000e+02   2.4016015e+01
   5.0450000e+02   2.4015951e+01
   5.0475000e+02   2.4015887e+01
   5.0500000e+02   2.4015823e+01
   5.0525000e+02   2.4015760e+01
   5.0550000e+02   2.4015696e+01
   5.0575000e+02   2.4015633e+01
   5.0600000e+02   2.4015570e+01
   5.0625000e+02   2.4015508e+01
   5.0650000e+02   2.4015446e+01
   5.0675000e+02   2.4015384e+01
   5.0700000e+02   2.4015322e+01
   5.0725000e+02   2.4015260e+01
   5.0750000e+02   2.4015199e+01
   5.0775000e+02   2.4015138e+01
   5.0800000e+02   2.4015077e+01
   5.0825000e+02   2.4015016e+01
   5.0850000e+02   2.4014956e+01
   5.0875000e+02   2.4014896e+01
   5.0900000e+02   2.4014836e+01
   5.0925000e+02   2.4014777e+01
   5.0950000e+02   2.4014717e+01
   5.0975000e+02   2.4014658e+01
   5.1000000e+02   2.4014599e+01
   5.1025000e+02   2.4014541e+01
   5.1050000e+02   2.4014482e+01
   5.1075000e+02   2.4014424e+01
   5.1100000e+02   2.4014366e+01
   5.1125000e+02   2.4014308e+01
   5.1150000e+02   2.4014251e+01
   5.1175000e+02   2.4014194e+01
   5.1200000e+02   2.4014137e+01
   5.1225000e+02   2.4014080e+01
   5.1250000e+02   2.4014023e+01
   5.1275000e+02   2.4013967e+01
   5.1300000e+02   2.4013911e+01
   5.1325000e+02   2.4013855e+01
   5.1350000e+02   2.4013799e+01
   5.1375000e+02   2.4013744e+01
   5.1400000e+02   2.4013689e+01
   5.1425000e+02   2.4013634e+01
   5.1450000e+02   2.4013579e+01
   5.1475000e+02   2.4013524e+01
   5.1500000e+02   2.4013470e+01
   5.1525000e+02   2.4013416e+01
   5.1550000e+02   2.4013362e+01
   5.1575000e+02   2.4013308e+01
   5.1600000e+02   2.4013255e+01
   5.1625000e+02   2.4013202e+01
   5.1650000e+02   2.4013148e+01
   5.1675000e+02   2.4013096e+01
   5.1700000e+02   2.4013043e+01
   5.1725000e+02   2.4012991e+01
   5.1750000e+02   2.4012938e+01
   5.1775000e+02   2.4012887e+01
   5.1800000e+02   2.4012835e+01
   5.1825000e+02   2.4012783e+01
   5.1850000e+02   2.4012732e+01
   5.1875000e+02   2.4012681e+01
   5.1900000e+02   2.4012630e+01
   5.1925000e+02   2.4012579e+01
   5.1950000e+02   2.4012528e+01
   5.1975000e+02   2.4012478e+01
   5.2000000e+02   2.4012428e+01
   5.2025000e+02   2.4012378e+01
   5.2050000e+02   2.4012328e+01
   5.2075000e+02   2.4012279e+01
   5.2100000e+02   2.4012229e+01
   5.2125000e+02   2.4012180e+01
   5.2150000e+02   2.4012131e+01
   5.2175000e+02   2.4012083e+01
   5.2200000e+02   2.4012034e+01
   5.2225000e+02   2.4011986e+01
   5.2250000e+02   2.4011938e+01
   5.2275000e+02   2.4011890e+01
   5.2300000e+02   2.4011842e+01
   5.2325000e+02   2.4011794e+01
   5.2350000e+02   2.4011747e+01
   5.2375000e+02   2.4011700e+01
   5.2400000e+02   2.4011653e+01
   5.2425000e+02   2.4011606e+01
   5.2450000e+02   2.4011559e+01
   5.2475000e+02   2.4011513e+01
   5.2500000e+02   2.4011467e+01
   5.2525000e+02   2.4011421e+01
   5.2550000e+02   2.4011375e+01
   5.2575000e+02   2.4011329e+01
   5.2600000e+02   2.4011284e+01
   5.2625000e+02   2.4011238e+01
   5.2650000e+02   2.4011193e+01
   5.2675000e+02   2.4011148e+01
   5.2700000e+02   2.4011103e+01
   5.2725000e+02   2.4011059e+01
   5.2750000e+02   2.4011014e+01
   5.2775000e+02   2.4010970e+01
   5.2800000e+02   2.4010926e+01
   5.2825000e+02   2.4010882e+01
   5.2850000e+02   2.4010838e+01
   5.2875000e+02   2.4010795e+01
   5.2900000e+02   2.4010751e+01
   5.2925000e+02   2.4010708e+01
   5.2950000e+02   2.4010665e+01
   5.2975000e+02   2.4010622e+01
   5.3000000e+02   2.4010580e+01
   5.3025000e+02   2.4010537e+01
   5.3050000e+02   2.4010495e+01
   5.3075000e+02   2.4010453e+01
   5.3100000e+02   2.4010411e+01
   5.3125000e+02   2.4010369e+01
   5.3150000e+02   2.4010327e+01
   5.3175000e+02   2.4010286e+01
   5.3200000e+02   2.4010244e+01
   5.3225000e+02   2.4010203e+01
   5.3250000e+02   2.4010162e+01
   5.3275000e+02   2.4010121e+01
   5.3300000e+02   2.4010081e+01
   5.3325000e+02   2.4010040e+01
   5.3350000e+02   2.4010000e+01
   5.3375000e+02   2.4009960e+01
   5.3400000e+02   2.4009920e+01
   5.3425000e+02   2.4009880e+01
   5.3450000e+02   2.4009840e+01
   5.3475000e+02   2.4009801e+01
   5.3500000e+02   2.4009761e+01
   5.3525000e+02   2.4009722e+01
   5.3550000e+02   2.4009683e+01
   5.3575000e+02   2.4009644e+01
   5.3600000e+02   2.4009605e+01
   5.3625000e+02   2.4009567e+01
   5.3650000e+02   2.4009528e+01
   5.3675000e+02   2.4009490e+01
   5.3700000e+02   2.4009452e+01
   5.3725000e+02   2.4009414e+01
   5.3750000e+02   2.4009376e+01
   5.3775000e+02   2.4009339e+01
   5.3800000e+02   2.4009301e+01
   5.3825000e+02   2.4009264e+01
   5.3850000e+02   2.4009226e+01
   5.3875000e+02   2.4009189e+01
   5.3900000e+02   2.4009152e+01
   5.3925000e+02   2.4009116e+01
   5.3950000e+02   2.4009079e+01
   5.3975000e+02   2.4009043e+01
   5.4000000e+02   2.4009006e+01
   5.4025000e+02   2.4008970e+01
   5.4050000e+02   2.4008934e+01
   5.4075000e+02   2.4008898e+01
   5.4100000e+02   2.4008862e+01
   5.4125000e+02   2.4008827e+01
   5.4150000e+02   2.4008791e+01
   5.4175000e+02   2.4008756e+01
   5.4200000e+02   2.4008721e+01
   5.4225000e+02   2.4008686e+01
   5.4250000e+02   2.4008651e+01
   5.4275000e+02   2.4008616e+01
   5.4300000e+02   2.4008582e+01
   5.4325000e+02   2.4008547e+01
   5.4350000e+02   2.4008513e+01
   5.4375000e+02   2.4008479e+01
   5.4400000e+02   2.4008444e+01
   5.4425000e+02   2.4008411e+01
   5.4450000e+02   2.4008377e+01
   5.4475000e+02   2.4008343e+01
   5.4500000e+02   2.4008310e+01
   5.4525000e+02   2.4008276e+01
   5.4550000e+02   2.4008243e+01
   5.4575000e+02   2.4008210e+01
   5.4600000e+02   2.4008177e+01
   5.4625000e+02   2.4008144e+01
   5.4650000e+02   2.4008111e+01
   5.4675000e+02   2.4008079e+01
   5.4700000e+02   2.4008046e+01
   5.4725000e+02   2.4008014e+01
   5.4750000e+02   2.4007982e+01
   5.4775000e+02   2.4007950e+01
   5.4800000e+02   2.4007918e+01
   5.4825000e+02   2.4007886e+01
   5.4850000e+02   2.4007854e+01
   5.4875000e+02   2.4007823e+01
   5.4900000e+02   2.4007791e+01
   5.4925000e+02   2.4007760e+01
   5.4950000e+02   2.4007729e+01
   5.4975000e+02   2.4007698e+01
   5.5000000e+02   2.4007667e+01
   5.5025000e+02   2.4007636e+01
   5.5050000e+02   2.4007605e+01
   5.5075000e+02   2.4007575e+01
   5.5100000e+02   2.4007544e+01
   5.5125000e+02   2.4007514e+01
   5.5150000e+02   2.4007484e+01
   5.5175000e+02   2.4007454e+01
   5.5200000e+02   2.4007424e+01
   5.5225000e+02   2.4007394e+01
   5.5250000e+02   2.4007364e+01
   5.5275000e+02   2.4007335e+01
   5.5300000e+02   2.4007305e+01
   5.5325000e+02   2.4007276e+01
   5.5350000e+02   2.4007247e+01
   5.5375000e+02   2.4007218e+01
   5.5400000e+02   2.4007189e+01
   5.5425000e+02   2.4007160e+01
   5.5450000e+02   2.4007131e+01
   5.5475000e+02   2.4007102e+01
   5.5500000e+02   2.4007074e+01
   5.5525000e+02   2.4007045e+01
   5.5550000e+02   2.4007017e+01
   5.5575000e+02   2.4006989e+01
   5.5600000e+02   2.4006961e+01
   5.5625000e+02   2.4006933e+01
   5.5650000e+02   2.4006905e+01
   5.5675000e+02   2.4006877e+01
   5.5700000e+02   2.4006850e+01
   5.5725000e+02   2.4006822e+01
   5.5750000e+02   2.4006795e+01
   5.5775000e+02   2.4006767e+01
   5.5800000e+02   2.4006740e+01
   5.5825000e+02   2.4006713e+01
   5.5850000e+02   2.4006686e+01
   5.5875000e+02   2.4006659e+01
   5.5900000e+02   2.4006633e+01
   5.5925000e+02   2.4006606e+01
   5.5950000e+02   2.4006579e+01
   5.5975000e+02   2.4006553e+01
   5.6000000e+02   2.4006527e+01
   5.6025000e+02   2.4006500e+01
   5.6050000e+02   2.4006474e+01
   5.6075000e+02   2.4006448e+01
   5.6100000e+02   2.4006422e+01
   5.6125000e+02   2.4006397e+01
   5.6150000e+02   2.4006371e+01
   5.6175000e+02   2.4006345e+01
   5.6200000e+02   2.4006320e+01
   5.6225000e+02   2.4006294e+01
   5.6250000e+02   2.4006269e+01
   5.6275000e+02   2.4006244e+01
   5.6300000e+02   2.4006219e+01
   5.6325000e+02   2.4006194e+01
   5.6350000e+02   2.4006169e+01
   5.6375000e+02   2.4006144e+01
   5.6400000e+02   2.4006119e+01
   5.6425000e+02   2.4006095e+01
   5.6450000e+02   2.4006070e+01
   5.6475000e+02   2.4006046e+01
   5.6500000e+02   2.4006022e+01
   5.6525000e+02   2.4005998e+01
   5.6550000e+02   2.4005973e+01
   5.6575000e+02   2.4005949e+01
   5.6600000e+02   2.4005926e+01
   5.6625000e+02   2.4005902e+01
   5.6650000e+02   2.4005878e+01
   5.6675000e+02   2.4005854e+01
   5.6700000e+02   2.4005831e+01
   5.6725000e+02   2.4005807e+01
   5.6750000e+02   2.4005784e+01
   5.6775000e+02   2.4005761e+01
   5.6800000e+02   2.4005738e+01
   5.6825000e+02   2.4005715e+01
   5.6850000e+02   2.4005692e+01
   5.6875000e+02   2.4005669e+01
   5.6900000e+02   2.4005646e+01
   5.6925000e+02   2.4005623e+01
   5.6950000e+02   2.4005601e+01
   5.6975000e+02   2.4005578e+01
   5.7000000e+02   2.4005556e+01
   5.7025000e+02   2.4005534e+01
   5.7050000e+02   2.4005511e+01
   5.7075000e+02   2.4005489e+01
   5.7100000e+02   2.4005467e+01
   5.7125000e+02   2.4005445e+01
   5.7150000e+02   2.4005423e+01
   5.7175000e+02   2.4005402e+01
   5.7200000e+02   2.4005380e+01
   5.7225000e+02   2.4005358e+01
   5.7250000e+02   2.4005337e+01
   5.7275000e+02   2.4005315e+01
   5.7300000e+02   2.4005294e+01
   5.7325000e+02   2.4005273e+01
   5.7350000e+02   2.4005251e+01
   5.7375000e+02   2.4005230e+01
   5.7400000e+02   2.4005209e+01
   5.7425000e+02   2.4005188e+01
   5.7450000e+02   2.4005168e+01
   5.7475000e+02   2.4005147e+01
   5.7500000e+02   2.4005126e+01
   5.7525000e+02   2.4005106e+01
   5.7550000e+02   2.4005085e+01
   5.7575000e+02   2.4005065e+01
   5.7600000e+02   2.4005044e+01
   5.7625000e+02   2.4005024e+01
   5.7650000e+02   2.4005004e+01
   5.7675000e+02   2.4004984e+01
   5.7700000e+02   2.4004964e+01
   5.7725000e+02   2.4004944e+01
   5.7750000e+02   2.4004924e+01
   5.7775000e+02   2.4004904e+01
   5.7800000e+02   2.4004884e+01
   5.7825000e+02   2.4004865e+01
   5.7850000e+02   2.4004845e+01
   5.7875000e+02   2.4004826e+01
   5.7900000e+02   2.4004806e+01
   5.7925000e+02   2.4004787e+01
   5.7950000e+02   2.4004768e+01
   5.7975000e+02   2.4004749e+01
   5.8000000e+02   2.4004730e+01
   5.8025000e+02   2.4004711e+01
   5.8050000e+02   2.4004692e+01
   5.8075000e+02   2.4004673e+01
   5.8100000e+02   2.4004654e+01
   5.8125000e+02   2.4004635e+01
   5.8150000e+02   2.4004617e+01
   5.8175000e+02   2.4004598e+01
   5.8200000e+02   2.4004580e+01
   5.8225000e+02   2.4004561e+01
   5.8250000e+02   2.4004543e+01
   5.8275000e+02   2.4004525e+01
   5.8300000e+02   2.4004507e+01
   5.8325000e+02   2.4004489e+01
   5.8350000e+02   2.4004470e+01
   5.8375000e+02   2.4004453e+01
   5.8400000e+02   2.4004435e+01
   5.8425000e+02   2.4004417e+01
   5.8450000e+02   2.4004399e+01
   5.8475000e+02   2.4004381e+01
   5.8500000e+02   2.4004364e+01
   5.8525000e+02   2.4004346e+01
   5.8550000e+02   2.4004329e+01
   5.8575000e+02   2.4004311e+01
   5.8600000e+02   2.4004294e+01
   5.8625000e+02   2.4004277e+01
   5.8650000e+02   2.4004260e+01
   5.8675000e+02   2.4004243e+01
   5.8700000e+02   2.4004226e+01
   5.8725000e+02   2.4004209e+01
   5.8750000e+02   2.4004192e+01
   5.8775000e+02   2.4004175e+01
   5.8800000e+02   2.4004158e+01
   5.8825000e+02   2.4004141e+01
   5.8850000e+02   2.4004125e+01
   5.8875000e+02   2.4004108e+01
   5.8900000e+02   2.4004092e+01
   5.8925000e+02   2.4004075e+01
   5.8950000e+02   2.4004059e+01
   5.8975000e+02   2.4004042e+01
   5.9000000e+02   2.4004026e+01
   5.9025000e+02   2.4004010e+01
   5.9050000e+02   2.4003994e+01
   5.9075000e+02   2.4003978e+01
   5.9100000e+02   2.4003962e+01
   5.9125000e+02   2.4003946e+01
   5.9150000e+02   2.4003930e+01
   5.9175000e+02   2.4003914e+01
   5.9200000e+02   2.4003899e+01
   5.9225000e+02   2.4003883e+01
   5.9250000e+02   2.4003867e+01
   5.9275000e+02   2.4003852e+01
   5.9300000e+02   2.4003836e+01
   5.9325000e+02   2.4003821e+01
   5.9350000e+02   2.4003806e+01
   5.9375000e+02   2.4003790e+01
   5.9400000e+02   2.4003775e+01
   5.9425000e+02   2.4003760e+01
   5.9450000e+02   2.4003745e+01
   5.9475000e+02   2.4003730e+01
   5.9500000e+02   2.4003715e+01
   5.9525000e+02   2.4003700e+01
   5.9550000e+02   2.4003685e+01
   5.9575000e+02   2.4003670e+01
   5.9600000e+02   2.4003655e+01
   5.9625000e+02   2.4003641e+01
   5.9650000e+02   2.4003626e+01
   5.9675000e+02   2.4003612e+01
   5.9700000e+02   2.4003597e+01
   5.9725000e+02   2.4003583e+01
   5.9750000e+02   2.4003568e+01
   5.9775000e+02   2.4003554e+01
   5.9800000e+02   2.4003540e+01
   5.9825000e+02   2.4003525e+01
   5.9850000e+02   2.4003511e+01
   5.9875000e+02   2.4003497e+01
   5.9900000e+02   2.4003483e+01
   5.9925000e+02   2.4003469e+01
   5.9950000e+02   2.4003455e+01
   5.9975000e+02   2.4003441e+01
   6.0000000e+02   2.4003427e+01
