   0.0000000e+00   5.7578947e+01
   2.5000000e-01   5.7069625e+01
   5.0000000e-01   5.6565535e+01
   7.5000000e-01   5.6066623e+01
   1.0000000e+00   5.5572837e+01
   1.2500000e+00   5.5084123e+01
   1.5000000e+00   5.4600430e+01
   1.7500000e+00   5.4121706e+01
   2.0000000e+00   5.3647900e+01
   2.2500000e+00   5.3178961e+01
   2.5000000e+00   5.2714839e+01
   2.7500000e+00   5.2255486e+01
   3.0000000e+00   5.1800851e+01
   3.2500000e+00   5.1350887e+01
   3.5000000e+00   5.0905545e+01
   3.7500000e+00   5.0464778e+01
   4.0000000e+00   5.0028540e+01
   4.2500000e+00   4.9596782e+01
   4.5000000e+00   4.9169460e+01
   4.7500000e+00   4.8746528e+01
   5.0000000e+00   4.8327941e+01
   5.2500000e+00   4.7913654e+01
   5.5000000e+00   4.7503623e+01
   5.7500000e+00   4.7097804e+01
   6.0000000e+00   4.6696154e+01
   6.2500000e+00   4.6298630e+01
   6.5000000e+00   4.5905190e+01
   6.7500000e+00   4.5515791e+01
   7.0000000e+00   4.5130393e+01
   7.2500000e+00   4.4748954e+01
   7.5000000e+00   4.4371434e+01
   7.7500000e+00   4.3997792e+01
   8.0000000e+00   4.3627988e+01
   8.2500000e+00   4.3261983e+01
   8.5000000e+00   4.2899739e+01
   8.7500000e+00   4.2541215e+01
   9.0000000e+00   4.2186375e+01
   9.2500000e+00   4.1835180e+01
   9.5000000e+00   4.1487592e+01
   9.7500000e+00   4.1143576e+01
   1.0000000e+01   4.0803093e+01
   1.0250000e+01   4.0466109e+01
   1.0500000e+01   4.0132586e+01
   1.0750000e+01   3.9802489e+01
   1.1000000e+01   3.9475783e+01
   1.1250000e+01   3.9152434e+01
   1.1500000e+01   3.8832406e+01
   1.1750000e+01   3.8515667e+01
   1.2000000e+01   3.8202180e+01
   1.2250000e+01   3.7891915e+01
   1.2500000e+01   3.7584836e+01
   1.2750000e+01   3.7280913e+01
   1.3000000e+01   3.6980111e+01
   1.3250000e+01   3.6682400e+01
   1.3500000e+01   3.6387747e+01
   1.3750000e+01   3.6096121e+01
   1.4000000e+01   3.5807490e+01
   1.4250000e+01   3.5521825e+01
   1.4500000e+01   3.5239095e+01
   1.4750000e+01   3.4959269e+01
   1.5000000e+01   3.4682317e+01
   1.5250000e+01   3.4408211e+01
   1.5500000e+01   3.4136921e+01
   1.5750000e+01   3.3868417e+01
   1.6000000e+01   3.3602672e+01
   1.6250000e+01   3.3339657e+01
   1.6500000e+01   3.3079344e+01
   1.6750000e+01   3.2821705e+01
   1.7000000e+01   3.2566713e+01
   1.7250000e+01   3.2314340e+01
   1.7500000e+01   3.2064560e+01
   1.7750000e+01   3.1817346e+01
   1.8000000e+01   3.1572671e+01
   1.8250000e+01   3.1330510e+01
   1.8500000e+01   3.1090837e+01
   1.8750000e+01   3.0853626e+01
   1.9000000e+01   3.0618851e+01
   1.9250000e+01   3.0386489e+01
   1.9500000e+01   3.0156513e+01
   1.9750000e+01   2.9928901e+01
   2.0000000e+01   2.9703626e+01
   2.0250000e+01   2.9480666e+01
   2.0500000e+01   2.9259996e+01
   2.0750000e+01   2.9041593e+01
   2.1000000e+01   2.8825433e+01
   2.1250000e+01   2.8611494e+01
   2.1500000e+01   2.8399753e+01
   2.1750000e+01   2.8190188e+01
   2.2000000e+01   2.7982775e+01
   2.2250000e+01   2.7777493e+01
   2.2500000e+01   2.7574319e+01
   2.2750000e+01   2.7373233e+01
   2.3000000e+01   2.7174213e+01
   2.3250000e+01   2.6977237e+01
   2.3500000e+01   2.6782285e+01
   2.3750000e+01   2.6589335e+01
   2.4000000e+01   2.6398368e+01
   2.4250000e+01   2.6209362e+01
   2.4500000e+01   2.6022298e+01
   2.4750000e+01   2.5837156e+01
   2.5000000e+01   2.5653915e+01
   2.5250000e+01   2.5472558e+01
   2.5500000e+01   2.5293063e+01
   2.5750000e+01   2.5115412e+01
   2.6000000e+01   2.4939586e+01
   2.6250000e+01   2.4765566e+01
   2.6500000e+01   2.4593334e+01
   2.6750000e+01   2.4422872e+01
   2.7000000e+01   2.4254160e+01
   2.7250000e+01   2.4087182e+01
   2.7500000e+01   2.3921919e+01
   2.7750000e+01   2.3758354e+01
   2.8000000e+01   2.3596469e+01
   2.8250000e+01   2.3436247e+01
   2.8500000e+01   2.3277671e+01
   2.8750000e+01   2.3120725e+01
   2.9000000e+01   2.2965390e+01
   2.9250000e+01   2.2811651e+01
   2.9500000e+01   2.2659492e+01
   2.9750000e+01   2.2508896e+01
   3.0000000e+01   2.2359846e+01
   3.0250000e+01   2.2212328e+01
   3.0500000e+01   2.2066326e+01
   3.0750000e+01   2.1921823e+01
   3.1000000e+01   2.1778805e+01
   3.1250000e+01   2.1637256e+01
   3.1500000e+01   2.1497161e+01
   3.1750000e+01   2.1358505e+01
   3.2000000e+01   2.1221274e+01
   3.2250000e+01   2.1085452e+01
   3.2500000e+01   2.0951026e+01
   3.2750000e+01   2.0817980e+01
   3.3000000e+01   2.0686302e+01
   3.3250000e+01   2.0555976e+01
   3.3500000e+01   2.0426989e+01
   3.3750000e+01   2.0299327e+01
   3.4000000e+01   2.0172977e+01
   3.4250000e+01   2.0047924e+01
   3.4500000e+01   1.9924156e+01
   3.4750000e+01   1.9801660e+01
   3.5000000e+01   1.9680422e+01
   3.5250000e+01   1.9560430e+01
   3.5500000e+01   1.9441670e+01
   3.5750000e+01   1.9324130e+01
   3.6000000e+01   1.9207798e+01
   3.6250000e+01   1.9092661e+01
   3.6500000e+01   1.8978706e+01
   3.6750000e+01   1.8865922e+01
   3.7000000e+01   1.8754297e+01
   3.7250000e+01   1.8643819e+01
   3.7500000e+01   1.8534475e+01
   3.7750000e+01   1.8426255e+01
   3.8000000e+01   1.8319147e+01
   3.8250000e+01   1.8213139e+01
   3.8500000e+01   1.8108219e+01
   3.8750000e+01   1.8004378e+01
   3.9000000e+01   1.7901604e+01
   3.9250000e+01   1.7799885e+01
   3.9500000e+01   1.7699211e+01
   3.9750000e+01   1.7599572e+01
   4.0000000e+01   1.7500956e+01
   4.0250000e+01   1.7403353e+01
   4.0500000e+01   1.7306752e+01
   4.0750000e+01   1.7211145e+01
   4.1000000e+01   1.7116519e+01
   4.1250000e+01   1.7022865e+01
   4.1500000e+01   1.6930174e+01
   4.1750000e+01   1.6838435e+01
   4.2000000e+01   1.6747638e+01
   4.2250000e+01   1.6657774e+01
   4.2500000e+01   1.6568833e+01
   4.2750000e+01   1.6480805e+01
   4.3000000e+01   1.6393682e+01
   4.3250000e+01   1.6307455e+01
   4.3500000e+01   1.6222112e+01
   4.3750000e+01   1.6137647e+01
   4.4000000e+01   1.6054049e+01
   4.4250000e+01   1.5971310e+01
   4.4500000e+01   1.5889422e+01
   4.4750000e+01   1.5808374e+01
   4.5000000e+01   1.5728159e+01
   4.5250000e+01   1.5648768e+01
   4.5500000e+01   1.5570192e+01
   4.5750000e+01   1.5492424e+01
   4.6000000e+01   1.5415455e+01
   4.6250000e+01   1.5339276e+01
   4.6500000e+01   1.5263880e+01
   4.6750000e+01   1.5189258e+01
   4.7000000e+01   1.5115404e+01
   4.7250000e+01   1.5042307e+01
   4.7500000e+01   1.4969962e+01
   4.7750000e+01   1.4898360e+01
   4.8000000e+01   1.4827493e+01
   4.8250000e+01   1.4757355e+01
   4.8500000e+01   1.4687937e+01
   4.8750000e+01   1.4619232e+01
   4.9000000e+01   1.4551233e+01
   4.9250000e+01   1.4483932e+01
   4.9500000e+01   1.4417323e+01
   4.9750000e+01   1.4351398e+01
   5.0000000e+01   1.4286151e+01
   5.0250000e+01   1.4221573e+01
   5.0500000e+01   1.4157659e+01
   5.0750000e+01   1.4094402e+01
   5.1000000e+01   1.4031794e+01
   5.1250000e+01   1.3969830e+01
   5.1500000e+01   1.3908502e+01
   5.1750000e+01   1.3847805e+01
   5.2000000e+01   1.3787730e+01
   5.2250000e+01   1.3728273e+01
   5.2500000e+01   1.3669427e+01
   5.2750000e+01   1.3611185e+01
   5.3000000e+01   1.3553542e+01
   5.3250000e+01   1.3496490e+01
   5.3500000e+01   1.3440025e+01
   5.3750000e+01   1.3384140e+01
   5.4000000e+01   1.3328829e+01
   5.4250000e+01   1.3274086e+01
   5.4500000e+01   1.3219906e+01
   5.4750000e+01   1.3166282e+01
   5.5000000e+01   1.3113209e+01
   5.5250000e+01   1.3060681e+01
   5.5500000e+01   1.3008693e+01
   5.5750000e+01   1.2957239e+01
   5.6000000e+01   1.2906313e+01
   5.6250000e+01   1.2855911e+01
   5.6500000e+01   1.2806026e+01
   5.6750000e+01   1.2756654e+01
   5.7000000e+01   1.2707789e+01
   5.7250000e+01   1.2659427e+01
   5.7500000e+01   1.2611560e+01
   5.7750000e+01   1.2564186e+01
   5.8000000e+01   1.2517298e+01
   5.8250000e+01   1.2470892e+01
   5.8500000e+01   1.2424963e+01
   5.8750000e+01   1.2379506e+01
   5.9000000e+01   1.2334515e+01
   5.9250000e+01   1.2289987e+01
   5.9500000e+01   1.2245916e+01
   5.9750000e+01   1.2202298e+01
   6.0000000e+01   1.2159128e+01
   6.0250000e+01   1.2116401e+01
   6.0500000e+01   1.2074114e+01
   6.0750000e+01   1.2032261e+01
   6.1000000e+01   1.1990837e+01
   6.1250000e+01   1.1949840e+01
   6.1500000e+01   1.1909263e+01
   6.1750000e+01   1.1869103e+01
   6.2000000e+01   1.1829356e+01
   6.2250000e+01   1.1790018e+01
   6.2500000e+01   1.1751083e+01
   6.2750000e+01   1.1712548e+01
   6.3000000e+01   1.1674409e+01
   6.3250000e+01   1.1636662e+01
   6.3500000e+01   1.1599303e+01
   6.3750000e+01   1.1562327e+01
   6.4000000e+01   1.1525732e+01
   6.4250000e+01   1.1489512e+01
   6.4500000e+01   1.1453665e+01
   6.4750000e+01   1.1418185e+01
   6.5000000e+01   1.1383070e+01
   6.5250000e+01   1.1348316e+01
   6.5500000e+01   1.1313919e+01
   6.5750000e+01   1.1279875e+01
   6.6000000e+01   1.1246181e+01
   6.6250000e+01   1.1212833e+01
   6.6500000e+01   1.1179828e+01
   6.6750000e+01   1.1147162e+01
   6.7000000e+01   1.1114831e+01
   6.7250000e+01   1.1082833e+01
   6.7500000e+01   1.1051163e+01
   6.7750000e+01   1.1019818e+01
   6.8000000e+01   1.0988796e+01
   6.8250000e+01   1.0958092e+01
   6.8500000e+01   1.0927704e+01
   6.8750000e+01   1.0897628e+01
   6.9000000e+01   1.0867861e+01
   6.9250000e+01   1.0838399e+01
   6.9500000e+01   1.0809240e+01
   6.9750000e+01   1.0780381e+01
   7.0000000e+01   1.0751818e+01
   7.0250000e+01   1.0723549e+01
   7.0500000e+01   1.0695570e+01
   7.0750000e+01   1.0667879e+01
   7.1000000e+01   1.0640472e+01
   7.1250000e+01   1.0613346e+01
   7.1500000e+01   1.0586500e+01
   7.1750000e+01   1.0559929e+01
   7.2000000e+01   1.0533630e+01
   7.2250000e+01   1.0507603e+01
   7.2500000e+01   1.0481842e+01
   7.2750000e+01   1.0456346e+01
   7.3000000e+01   1.0431112e+01
   7.3250000e+01   1.0406138e+01
   7.3500000e+01   1.0381419e+01
   7.3750000e+01   1.0356955e+01
   7.4000000e+01   1.0332742e+01
   7.4250000e+01   1.0308778e+01
   7.4500000e+01   1.0285060e+01
   7.4750000e+01   1.0261586e+01
   7.5000000e+01   1.0238353e+01
   7.5250000e+01   1.0215358e+01
   7.5500000e+01   1.0192600e+01
   7.5750000e+01   1.0170075e+01
   7.6000000e+01   1.0147782e+01
   7.6250000e+01   1.0125718e+01
   7.6500000e+01   1.0103881e+01
   7.6750000e+01   1.0082268e+01
   7.7000000e+01   1.0060877e+01
   7.7250000e+01   1.0039705e+01
   7.7500000e+01   1.0018752e+01
   7.7750000e+01   9.9980131e+00
   7.8000000e+01   9.9774876e+00
   7.8250000e+01   9.9571730e+00
   7.8500000e+01   9.9370670e+00
   7.8750000e+01   9.9171676e+00
   7.9000000e+01   9.8974727e+00
   7.9250000e+01   9.8779800e+00
   7.9500000e+01   9.8586876e+00
   7.9750000e+01   9.8395934e+00
   8.0000000e+01   9.8206953e+00
   8.0250000e+01   9.8019914e+00
   8.0500000e+01   9.7834796e+00
   8.0750000e+01   9.7651580e+00
   8.1000000e+01   9.7470246e+00
   8.1250000e+01   9.7290775e+00
   8.1500000e+01   9.7113148e+00
   8.1750000e+01   9.6937345e+00
   8.2000000e+01   9.6763349e+00
   8.2250000e+01   9.6591139e+00
   8.2500000e+01   9.6420699e+00
   8.2750000e+01   9.6252010e+00
   8.3000000e+01   9.6085054e+00
   8.3250000e+01   9.5919813e+00
   8.3500000e+01   9.5756269e+00
   8.3750000e+01   9.5594406e+00
   8.4000000e+01   9.5434205e+00
   8.4250000e+01   9.5275650e+00
   8.4500000e+01   9.5118724e+00
   8.4750000e+01   9.4963410e+00
   8.5000000e+01   9.4809692e+00
   8.5250000e+01   9.4657553e+00
   8.5500000e+01   9.4506976e+00
   8.5750000e+01   9.4357947e+00
   8.6000000e+01   9.4210448e+00
   8.6250000e+01   9.4064465e+00
   8.6500000e+01   9.3919981e+00
   8.6750000e+01   9.3776982e+00
   8.7000000e+01   9.3635451e+00
   8.7250000e+01   9.3495375e+00
   8.7500000e+01   9.3356738e+00
   8.7750000e+01   9.3219525e+00
   8.8000000e+01   9.3083721e+00
   8.8250000e+01   9.2949312e+00
   8.8500000e+01   9.2816285e+00
   8.8750000e+01   9.2684624e+00
   8.9000000e+01   9.2554315e+00
   8.9250000e+01   9.2425345e+00
   8.9500000e+01   9.2297700e+00
   8.9750000e+01   9.2171366e+00
   9.0000000e+01   9.2046330e+00
   9.0250000e+01   9.1922579e+00
   9.0500000e+01   9.1800099e+00
   9.0750000e+01   9.1678877e+00
   9.1000000e+01   9.1558900e+00
   9.1250000e+01   9.1440156e+00
   9.1500000e+01   9.1322632e+00
   9.1750000e+01   9.1206315e+00
   9.2000000e+01   9.1091193e+00
   9.2250000e+01   9.0977254e+00
   9.2500000e+01   9.0864485e+00
   9.2750000e+01   9.0752875e+00
   9.3000000e+01   9.0642411e+00
   9.3250000e+01   9.0533082e+00
   9.3500000e+01   9.0424876e+00
   9.3750000e+01   9.0317782e+00
   9.4000000e+01   9.0211788e+00
   9.4250000e+01   9.0106882e+00
   9.4500000e+01   9.0003055e+00
   9.4750000e+01   8.9900294e+00
   9.5000000e+01   8.9798589e+00
   9.5250000e+01   8.9697928e+00
   9.5500000e+01   8.9598302e+00
   9.5750000e+01   8.9499699e+00
   9.6000000e+01   8.9402109e+00
   9.6250000e+01   8.9305521e+00
   9.6500000e+01   8.9209926e+00
   9.6750000e+01   8.9115313e+00
   9.7000000e+01   8.9021672e+00
   9.7250000e+01   8.8928992e+00
   9.7500000e+01   8.8837265e+00
   9.7750000e+01   8.8746480e+00
   9.8000000e+01   8.8656628e+00
   9.8250000e+01   8.8567699e+00
   9.8500000e+01   8.8479684e+00
   9.8750000e+01   8.8392572e+00
   9.9000000e+01   8.8306356e+00
   9.9250000e+01   8.8221025e+00
   9.9500000e+01   8.8136571e+00
   9.9750000e+01   8.8052984e+00
   1.0000000e+02   8.7970256e+00
   1.0025000e+02   8.7888378e+00
   1.0050000e+02   8.7807341e+00
   1.0075000e+02   8.7727136e+00
   1.0100000e+02   8.7647756e+00
   1.0125000e+02   8.7569191e+00
   1.0150000e+02   8.7491433e+00
   1.0175000e+02   8.7414474e+00
   1.0200000e+02   8.7338305e+00
   1.0225000e+02   8.7262919e+00
   1.0250000e+02   8.7188307e+00
   1.0275000e+02   8.7114462e+00
   1.0300000e+02   8.7041376e+00
   1.0325000e+02   8.6969040e+00
   1.0350000e+02   8.6897447e+00
   1.0375000e+02   8.6826590e+00
   1.0400000e+02   8.6756461e+00
   1.0425000e+02   8.6687052e+00
   1.0450000e+02   8.6618356e+00
   1.0475000e+02   8.6550366e+00
   1.0500000e+02   8.6483075e+00
   1.0525000e+02   8.6416474e+00
   1.0550000e+02   8.6350558e+00
   1.0575000e+02   8.6285319e+00
   1.0600000e+02   8.6220750e+00
   1.0625000e+02   8.6156845e+00
   1.0650000e+02   8.6093596e+00
   1.0675000e+02   8.6030997e+00
   1.0700000e+02   8.5969040e+00
   1.0725000e+02   8.5907721e+00
   1.0750000e+02   8.5847031e+00
   1.0775000e+02   8.5786965e+00
   1.0800000e+02   8.5727515e+00
   1.0825000e+02   8.5668677e+00
   1.0850000e+02   8.5610443e+00
   1.0875000e+02   8.5552807e+00
   1.0900000e+02   8.5495763e+00
   1.0925000e+02   8.5439306e+00
   1.0950000e+02   8.5383428e+00
   1.0975000e+02   8.5328124e+00
   1.1000000e+02   8.5273388e+00
   1.1025000e+02   8.5219215e+00
   1.1050000e+02   8.5165598e+00
   1.1075000e+02   8.5112532e+00
   1.1100000e+02   8.5060012e+00
   1.1125000e+02   8.5008030e+00
   1.1150000e+02   8.4956583e+00
   1.1175000e+02   8.4905664e+00
   1.1200000e+02   8.4855269e+00
   1.1225000e+02   8.4805391e+00
   1.1250000e+02   8.4756025e+00
   1.1275000e+02   8.4707167e+00
   1.1300000e+02   8.4658810e+00
   1.1325000e+02   8.4610950e+00
   1.1350000e+02   8.4563582e+00
   1.1375000e+02   8.4516701e+00
   1.1400000e+02   8.4470301e+00
   1.1425000e+02   8.4424378e+00
   1.1450000e+02   8.4378926e+00
   1.1475000e+02   8.4333942e+00
   1.1500000e+02   8.4289419e+00
   1.1525000e+02   8.4245354e+00
   1.1550000e+02   8.4201742e+00
   1.1575000e+02   8.4158578e+00
   1.1600000e+02   8.4115857e+00
   1.1625000e+02   8.4073575e+00
   1.1650000e+02   8.4031727e+00
   1.1675000e+02   8.3990309e+00
   1.1700000e+02   8.3949317e+00
   1.1725000e+02   8.3908746e+00
   1.1750000e+02   8.3868592e+00
   1.1775000e+02   8.3828850e+00
   1.1800000e+02   8.3789516e+00
   1.1825000e+02   8.3750587e+00
   1.1850000e+02   8.3712057e+00
   1.1875000e+02   8.3673923e+00
   1.1900000e+02   8.3636181e+00
   1.1925000e+02   8.3598827e+00
   1.1950000e+02   8.3561856e+00
   1.1975000e+02   8.3525265e+00
   1.2000000e+02   8.3489051e+00
   1.2025000e+02   8.3453208e+00
   1.2050000e+02   8.3417733e+00
   1.2075000e+02   8.3382623e+00
   1.2100000e+02   8.3347873e+00
   1.2125000e+02   8.3313481e+00
   1.2150000e+02   8.3279441e+00
   1.2175000e+02   8.3245752e+00
   1.2200000e+02   8.3212408e+00
   1.2225000e+02   8.3179408e+00
   1.2250000e+02   8.3146746e+00
   1.2275000e+02   8.3114419e+00
   1.2300000e+02   8.3082425e+00
   1.2325000e+02   8.3050759e+00
   1.2350000e+02   8.3019419e+00
   1.2375000e+02   8.2988401e+00
   1.2400000e+02   8.2957701e+00
   1.2425000e+02   8.2927317e+00
   1.2450000e+02   8.2897244e+00
   1.2475000e+02   8.2867481e+00
   1.2500000e+02   8.2838024e+00
   1.2525000e+02   8.2808869e+00
   1.2550000e+02   8.2780013e+00
   1.2575000e+02   8.2751454e+00
   1.2600000e+02   8.2723189e+00
   1.2625000e+02   8.2695214e+00
   1.2650000e+02   8.2667526e+00
   1.2675000e+02   8.2640122e+00
   1.2700000e+02   8.2613001e+00
   1.2725000e+02   8.2586157e+00
   1.2750000e+02   8.2559590e+00
   1.2775000e+02   8.2533295e+00
   1.2800000e+02   8.2507271e+00
   1.2825000e+02   8.2481514e+00
   1.2850000e+02   8.2456021e+00
   1.2875000e+02   8.2430791e+00
   1.2900000e+02   8.2405819e+00
   1.2925000e+02   8.2381104e+00
   1.2950000e+02   8.2356643e+00
   1.2975000e+02   8.2332434e+00
   1.3000000e+02   8.2308473e+00
   1.3025000e+02   8.2284758e+00
   1.3050000e+02   8.2261287e+00
   1.3075000e+02   8.2238057e+00
   1.3100000e+02   8.2215065e+00
   1.3125000e+02   8.2192310e+00
   1.3150000e+02   8.2169788e+00
   1.3175000e+02   8.2147498e+00
   1.3200000e+02   8.2125437e+00
   1.3225000e+02   8.2103603e+00
   1.3250000e+02   8.2081992e+00
   1.3275000e+02   8.2060604e+00
   1.3300000e+02   8.2039436e+00
   1.3325000e+02   8.2018485e+00
   1.3350000e+02   8.1997749e+00
   1.3375000e+02   8.1977226e+00
   1.3400000e+02   8.1956914e+00
   1.3425000e+02   8.1936811e+00
   1.3450000e+02   8.1916914e+00
   1.3475000e+02   8.1897222e+00
   1.3500000e+02   8.1877732e+00
   1.3525000e+02   8.1858442e+00
   1.3550000e+02   8.1839350e+00
   1.3575000e+02   8.1820454e+00
   1.3600000e+02   8.1801753e+00
   1.3625000e+02   8.1783244e+00
   1.3650000e+02   8.1764924e+00
   1.3675000e+02   8.1746794e+00
   1.3700000e+02   8.1728849e+00
   1.3725000e+02   8.1711088e+00
   1.3750000e+02   8.1693510e+00
   1.3775000e+02   8.1676113e+00
   1.3800000e+02   8.1658894e+00
   1.3825000e+02   8.1641853e+00
   1.3850000e+02   8.1624986e+00
   1.3875000e+02   8.1608293e+00
   1.3900000e+02   8.1591771e+00
   1.3925000e+02   8.1575419e+00
   1.3950000e+02   8.1559234e+00
   1.3975000e+02   8.1543216e+00
   1.4000000e+02   8.1527363e+00
   1.4025000e+02   8.1511672e+00
   1.4050000e+02   8.1496143e+00
   1.4075000e+02   8.1480773e+00
   1.4100000e+02   8.1465561e+00
   1.4125000e+02   8.1450506e+00
   1.4150000e+02   8.1435605e+00
   1.4175000e+02   8.1420857e+00
   1.4200000e+02   8.1406260e+00
   1.4225000e+02   8.1391814e+00
   1.4250000e+02   8.1377516e+00
   1.4275000e+02   8.1363365e+00
   1.4300000e+02   8.1349359e+00
   1.4325000e+02   8.1335497e+00
   1.4350000e+02   8.1321778e+00
   1.4375000e+02   8.1308199e+00
   1.4400000e+02   8.1294760e+00
   1.4425000e+02   8.1281459e+00
   1.4450000e+02   8.1268295e+00
   1.4475000e+02   8.1255265e+00
   1.4500000e+02   8.1242370e+00
   1.4525000e+02   8.1229607e+00
   1.4550000e+02   8.1216976e+00
   1.4575000e+02   8.1204474e+00
   1.4600000e+02   8.1192100e+00
   1.4625000e+02   8.1179854e+00
   1.4650000e+02   8.1167733e+00
   1.4675000e+02   8.1155737e+00
   1.4700000e+02   8.1143864e+00
   1.4725000e+02   8.1132113e+00
   1.4750000e+02   8.1120483e+00
   1.4775000e+02   8.1108973e+00
   1.4800000e+02   8.1097580e+00
   1.4825000e+02   8.1086305e+00
   1.4850000e+02   8.1075145e+00
   1.4875000e+02   8.1064100e+00
   1.4900000e+02   8.1053169e+00
   1.4925000e+02   8.1042350e+00
   1.4950000e+02   8.1031642e+00
   1.4975000e+02   8.1021044e+00
   1.5000000e+02   8.1010555e+00
   1.5025000e+02   8.1000173e+00
   1.5050000e+02   8.0989898e+00
   1.5075000e+02   8.0979729e+00
   1.5100000e+02   8.0969665e+00
   1.5125000e+02   8.0959703e+00
   1.5150000e+02   8.0949844e+00
   1.5175000e+02   8.0940086e+00
   1.5200000e+02   8.0930429e+00
   1.5225000e+02   8.0920871e+00
   1.5250000e+02   8.0911411e+00
   1.5275000e+02   8.0902048e+00
   1.5300000e+02   8.0892781e+00
   1.5325000e+02   8.0883610e+00
   1.5350000e+02   8.0874532e+00
   1.5375000e+02   8.0865548e+00
   1.5400000e+02   8.0856657e+00
   1.5425000e+02   8.0847856e+00
   1.5450000e+02   8.0839146e+00
   1.5475000e+02   8.0830526e+00
   1.5500000e+02   8.0821994e+00
   1.5525000e+02   8.0813549e+00
   1.5550000e+02   8.0805192e+00
   1.5575000e+02   8.0796920e+00
   1.5600000e+02   8.0788733e+00
   1.5625000e+02   8.0780631e+00
   1.5650000e+02   8.0772611e+00
   1.5675000e+02   8.0764674e+00
   1.5700000e+02   8.0756819e+00
   1.5725000e+02   8.0749044e+00
   1.5750000e+02   8.0741349e+00
   1.5775000e+02   8.0733733e+00
   1.5800000e+02   8.0726196e+00
   1.5825000e+02   8.0718736e+00
   1.5850000e+02   8.0711352e+00
   1.5875000e+02   8.0704044e+00
   1.5900000e+02   8.0696812e+00
   1.5925000e+02   8.0689653e+00
   1.5950000e+02   8.0682569e+00
   1.5975000e+02   8.0675557e+00
   1.6000000e+02   8.0668617e+00
   1.6025000e+02   8.0661748e+00
   1.6050000e+02   8.0654950e+00
   1.6075000e+02   8.0648222e+00
   1.6100000e+02   8.0641563e+00
   1.6125000e+02   8.0634972e+00
   1.6150000e+02   8.0628449e+00
   1.6175000e+02   8.0621993e+00
   1.6200000e+02   8.0615603e+00
   1.6225000e+02   8.0609279e+00
   1.6250000e+02   8.0603020e+00
   1.6275000e+02   8.0596825e+00
   1.6300000e+02   8.0590694e+00
   1.6325000e+02   8.0584626e+00
   1.6350000e+02   8.0578620e+00
   1.6375000e+02   8.0572676e+00
   1.6400000e+02   8.0566793e+00
   1.6425000e+02   8.0560970e+00
   1.6450000e+02   8.0555207e+00
   1.6475000e+02   8.0549504e+00
   1.6500000e+02   8.0543859e+00
   1.6525000e+02   8.0538272e+00
   1.6550000e+02   8.0532742e+00
   1.6575000e+02   8.0527269e+00
   1.6600000e+02   8.0521852e+00
   1.6625000e+02   8.0516492e+00
   1.6650000e+02   8.0511186e+00
   1.6675000e+02   8.0505934e+00
   1.6700000e+02   8.0500737e+00
   1.6725000e+02   8.0495593e+00
   1.6750000e+02   8.0490502e+00
   1.6775000e+02   8.0485463e+00
   1.6800000e+02   8.0480475e+00
   1.6825000e+02   8.0475540e+00
   1.6850000e+02   8.0470654e+00
   1.6875000e+02   8.0465819e+00
   1.6900000e+02   8.0461034e+00
   1.6925000e+02   8.0456298e+00
   1.6950000e+02   8.0451610e+00
   1.6975000e+02   8.0446971e+00
   1.7000000e+02   8.0442379e+00
   1.7025000e+02   8.0437835e+00
   1.7050000e+02   8.0433337e+00
   1.7075000e+02   8.0428885e+00
   1.7100000e+02   8.0424479e+00
   1.7125000e+02   8.0420119e+00
   1.7150000e+02   8.0415803e+00
   1.7175000e+02   8.0411531e+00
   1.7200000e+02   8.0407304e+00
   1.7225000e+02   8.0403119e+00
   1.7250000e+02   8.0398978e+00
   1.7275000e+02   8.0394879e+00
   1.7300000e+02   8.0390823e+00
   1.7325000e+02   8.0386808e+00
   1.7350000e+02   8.0382834e+00
   1.7375000e+02   8.0378901e+00
   1.7400000e+02   8.0375009e+00
   1.7425000e+02   8.0371157e+00
   1.7450000e+02   8.0367344e+00
   1.7475000e+02   8.0363570e+00
   1.7500000e+02   8.0359835e+00
   1.7525000e+02   8.0356139e+00
   1.7550000e+02   8.0352480e+00
   1.7575000e+02   8.0348859e+00
   1.7600000e+02   8.0345275e+00
   1.7625000e+02   8.0341728e+00
   1.7650000e+02   8.0338218e+00
   1.7675000e+02   8.0334743e+00
   1.7700000e+02   8.0331304e+00
   1.7725000e+02   8.0327901e+00
   1.7750000e+02   8.0324532e+00
   1.7775000e+02   8.0321198e+00
   1.7800000e+02   8.0317899e+00
   1.7825000e+02   8.0314633e+00
   1.7850000e+02   8.0311401e+00
   1.7875000e+02   8.0308202e+00
   1.7900000e+02   8.0305036e+00
   1.7925000e+02   8.0301902e+00
   1.7950000e+02   8.0298801e+00
   1.7975000e+02   8.0295731e+00
   1.8000000e+02   8.0292693e+00
   1.8025000e+02   8.0289686e+00
   1.8050000e+02   8.0286710e+00
   1.8075000e+02   8.0283765e+00
   1.8100000e+02   8.0280850e+00
   1.8125000e+02   8.0277965e+00
   1.8150000e+02   8.0275109e+00
   1.8175000e+02   8.0272283e+00
   1.8200000e+02   8.0269486e+00
   1.8225000e+02   8.0266717e+00
   1.8250000e+02   8.0263977e+00
   1.8275000e+02   8.0261265e+00
   1.8300000e+02   8.0258582e+00
   1.8325000e+02   8.0255925e+00
   1.8350000e+02   8.0253296e+00
   1.8375000e+02   8.0250694e+00
   1.8400000e+02   8.0248119e+00
   1.8425000e+02   8.0245570e+00
   1.8450000e+02   8.0243047e+00
   1.8475000e+02   8.0240550e+00
   1.8500000e+02   8.0238079e+00
   1.8525000e+02   8.0235633e+00
   1.8550000e+02   8.0233213e+00
   1.8575000e+02   8.0230817e+00
   1.8600000e+02   8.0228446e+00
   1.8625000e+02   8.0226099e+00
   1.8650000e+02   8.0223776e+00
   1.8675000e+02   8.0221477e+00
   1.8700000e+02   8.0219202e+00
   1.8725000e+02   8.0216950e+00
   1.8750000e+02   8.0214721e+00
   1.8775000e+02   8.0212516e+00
   1.8800000e+02   8.0210332e+00
   1.8825000e+02   8.0208172e+00
   1.8850000e+02   8.0206033e+00
   1.8875000e+02   8.0203917e+00
   1.8900000e+02   8.0201822e+00
   1.8925000e+02   8.0199748e+00
   1.8950000e+02   8.0197696e+00
   1.8975000e+02   8.0195666e+00
   1.9000000e+02   8.0193655e+00
   1.9025000e+02   8.0191666e+00
   1.9050000e+02   8.0189697e+00
   1.9075000e+02   8.0187748e+00
   1.9100000e+02   8.0185820e+00
   1.9125000e+02   8.0183911e+00
   1.9150000e+02   8.0182021e+00
   1.9175000e+02   8.0180151e+00
   1.9200000e+02   8.0178301e+00
   1.9225000e+02   8.0176469e+00
   1.9250000e+02   8.0174656e+00
   1.9275000e+02   8.0172862e+00
   1.9300000e+02   8.0171086e+00
   1.9325000e+02   8.0169329e+00
   1.9350000e+02   8.0167589e+00
   1.9375000e+02   8.0165867e+00
   1.9400000e+02   8.0164164e+00
   1.9425000e+02   8.0162477e+00
   1.9450000e+02   8.0160808e+00
   1.9475000e+02   8.0159156e+00
   1.9500000e+02   8.0157521e+00
   1.9525000e+02   8.0155903e+00
   1.9550000e+02   8.0154301e+00
   1.9575000e+02   8.0152716e+00
   1.9600000e+02   8.0151147e+00
   1.9625000e+02   8.0149595e+00
   1.9650000e+02   8.0148058e+00
   1.9675000e+02   8.0146537e+00
   1.9700000e+02   8.0145031e+00
   1.9725000e+02   8.0143541e+00
   1.9750000e+02   8.0142067e+00
   1.9775000e+02   8.0140607e+00
   1.9800000e+02   8.0139163e+00
   1.9825000e+02   8.0137733e+00
   1.9850000e+02   8.0136318e+00
   1.9875000e+02   8.0134918e+00
   1.9900000e+02   8.0133532e+00
   1.9925000e+02   8.0132160e+00
   1.9950000e+02   8.0130803e+00
   1.9975000e+02   8.0129459e+00
   2.0000000e+02   8.0128129e+00
   2.0025000e+02   8.0126813e+00
   2.0050000e+02   8.0125510e+00
   2.0075000e+02   8.0124221e+00
   2.0100000e+02   8.0122944e+00
   2.0125000e+02   8.0121681e+00
   2.0150000e+02   8.0120431e+00
   2.0175000e+02   8.0119194e+00
   2.0200000e+02   8.0117970e+00
   2.0225000e+02   8.0116758e+00
   2.0250000e+02   8.0115558e+00
   2.0275000e+02   8.0114371e+00
   2.0300000e+02   8.0113196e+00
   2.0325000e+02   8.0112034e+00
   2.0350000e+02   8.0110883e+00
   2.0375000e+02   8.0109743e+00
   2.0400000e+02   8.0108616e+00
   2.0425000e+02   8.0107500e+00
   2.0450000e+02   8.0106396e+00
   2.0475000e+02   8.0105303e+00
   2.0500000e+02   8.0104221e+00
   2.0525000e+02   8.0103151e+00
   2.0550000e+02   8.0102091e+00
   2.0575000e+02   8.0101042e+00
   2.0600000e+02   8.0100004e+00
   2.0625000e+02   8.0098977e+00
   2.0650000e+02   8.0097960e+00
   2.0675000e+02   8.0096954e+00
   2.0700000e+02   8.0095958e+00
   2.0725000e+02   8.0094972e+00
   2.0750000e+02   8.0093996e+00
   2.0775000e+02   8.0093031e+00
   2.0800000e+02   8.0092075e+00
   2.0825000e+02   8.0091129e+00
   2.0850000e+02   8.0090193e+00
   2.0875000e+02   8.0089266e+00
   2.0900000e+02   8.0088349e+00
   2.0925000e+02   8.0087442e+00
   2.0950000e+02   8.0086543e+00
   2.0975000e+02   8.0085654e+00
   2.1000000e+02   8.0084774e+00
   2.1025000e+02   8.0083904e+00
   2.1050000e+02   8.0083042e+00
   2.1075000e+02   8.0082188e+00
   2.1100000e+02   8.0081344e+00
   2.1125000e+02   8.0080509e+00
   2.1150000e+02   8.0079681e+00
   2.1175000e+02   8.0078863e+00
   2.1200000e+02   8.0078053e+00
   2.1225000e+02   8.0077251e+00
   2.1250000e+02   8.0076457e+00
   2.1275000e+02   8.0075672e+00
   2.1300000e+02   8.0074895e+00
   2.1325000e+02   8.0074125e+00
   2.1350000e+02   8.0073364e+00
   2.1375000e+02   8.0072610e+00
   2.1400000e+02   8.0071864e+00
   2.1425000e+02   8.0071126e+00
   2.1450000e+02   8.0070395e+00
   2.1475000e+02   8.0069672e+00
   2.1500000e+02   8.0068956e+00
   2.1525000e+02   8.0068248e+00
   2.1550000e+02   8.0067547e+00
   2.1575000e+02   8.0066853e+00
   2.1600000e+02   8.0066166e+00
   2.1625000e+02   8.0065486e+00
   2.1650000e+02   8.0064814e+00
   2.1675000e+02   8.0064148e+00
   2.1700000e+02   8.0063489e+00
   2.1725000e+02   8.0062837e+00
   2.1750000e+02   8.0062191e+00
   2.1775000e+02   8.0061552e+00
   2.1800000e+02   8.0060920e+00
   2.1825000e+02   8.0060294e+00
   2.1850000e+02   8.0059675e+00
   2.1875000e+02   8.0059062e+00
   2.1900000e+02   8.0058455e+00
   2.1925000e+02   8.0057854e+00
   2.1950000e+02   8.0057260e+00
   2.1975000e+02   8.0056672e+00
   2.2000000e+02   8.0056090e+00
   2.2025000e+02   8.0055513e+00
   2.2050000e+02   8.0054943e+00
   2.2075000e+02   8.0054379e+00
   2.2100000e+02   8.0053820e+00
   2.2125000e+02   8.0053267e+00
   2.2150000e+02   8.0052720e+00
   2.2175000e+02   8.0052178e+00
   2.2200000e+02   8.0051642e+00
   2.2225000e+02   8.0051112e+00
   2.2250000e+02   8.0050587e+00
   2.2275000e+02   8.0050067e+00
   2.2300000e+02   8.0049553e+00
   2.2325000e+02   8.0049044e+00
   2.2350000e+02   8.0048540e+00
   2.2375000e+02   8.0048041e+00
   2.2400000e+02   8.0047548e+00
   2.2425000e+02   8.0047059e+00
   2.2450000e+02   8.0046576e+00
   2.2475000e+02   8.0046097e+00
   2.2500000e+02   8.0045624e+00
   2.2525000e+02   8.0045155e+00
   2.2550000e+02   8.0044691e+00
   2.2575000e+02   8.0044232e+00
   2.2600000e+02   8.0043778e+00
   2.2625000e+02   8.0043328e+00
   2.2650000e+02   8.0042883e+00
   2.2675000e+02   8.0042442e+00
   2.2700000e+02   8.0042006e+00
   2.2725000e+02   8.0041575e+00
   2.2750000e+02   8.0041148e+00
   2.2775000e+02   8.0040725e+00
   2.2800000e+02   8.0040307e+00
   2.2825000e+02   8.0039893e+00
   2.2850000e+02   8.0039483e+00
   2.2875000e+02   8.0039077e+00
   2.2900000e+02   8.0038676e+00
   2.2925000e+02   8.0038278e+00
   2.2950000e+02   8.0037885e+00
   2.2975000e+02   8.0037496e+00
   2.3000000e+02   8.0037111e+00
   2.3025000e+02   8.0036730e+00
   2.3050000e+02   8.0036352e+00
   2.3075000e+02   8.0035979e+00
   2.3100000e+02   8.0035609e+00
   2.3125000e+02   8.0035243e+00
   2.3150000e+02   8.0034881e+00
   2.3175000e+02   8.0034523e+00
   2.3200000e+02   8.0034168e+00
   2.3225000e+02   8.0033817e+00
   2.3250000e+02   8.0033470e+00
   2.3275000e+02   8.0033126e+00
   2.3300000e+02   8.0032786e+00
   2.3325000e+02   8.0032449e+00
   2.3350000e+02   8.0032116e+00
   2.3375000e+02   8.0031786e+00
   2.3400000e+02   8.0031459e+00
   2.3425000e+02   8.0031136e+00
   2.3450000e+02   8.0030816e+00
   2.3475000e+02   8.0030500e+00
   2.3500000e+02   8.0030186e+00
   2.3525000e+02   8.0029876e+00
   2.3550000e+02   8.0029569e+00
   2.3575000e+02   8.0029265e+00
   2.3600000e+02   8.0028965e+00
   2.3625000e+02   8.0028667e+00
   2.3650000e+02   8.0028373e+00
   2.3675000e+02   8.0028081e+00
   2.3700000e+02   8.0027793e+00
   2.3725000e+02   8.0027507e+00
   2.3750000e+02   8.0027225e+00
   2.3775000e+02   8.0026945e+00
   2.3800000e+02   8.0026668e+00
   2.3825000e+02   8.0026394e+00
   2.3850000e+02   8.0026123e+00
   2.3875000e+02   8.0025855e+00
   2.3900000e+02   8.0025589e+00
   2.3925000e+02   8.0025326e+00
   2.3950000e+02   8.0025066e+00
   2.3975000e+02   8.0024809e+00
   2.4000000e+02   8.0024554e+00
   2.4025000e+02   8.0024301e+00
   2.4050000e+02   8.0024052e+00
   2.4075000e+02   8.0023805e+00
   2.4100000e+02   8.0023560e+00
   2.4125000e+02   8.0023318e+00
   2.4150000e+02   8.0023079e+00
   2.4175000e+02   8.0022842e+00
   2.4200000e+02   8.0022607e+00
   2.4225000e+02   8.0022375e+00
   2.4250000e+02   8.0022145e+00
   2.4275000e+02   8.0021917e+00
   2.4300000e+02   8.0021692e+00
   2.4325000e+02   8.0021469e+00
   2.4350000e+02   8.0021249e+00
   2.4375000e+02   8.0021030e+00
   2.4400000e+02   8.0020814e+00
   2.4425000e+02   8.0020601e+00
   2.4450000e+02   8.0020389e+00
   2.4475000e+02   8.0020180e+00
   2.4500000e+02   8.0019972e+00
   2.4525000e+02   8.0019767e+00
   2.4550000e+02   8.0019564e+00
   2.4575000e+02   8.0019363e+00
   2.4600000e+02   8.0019164e+00
   2.4625000e+02   8.0018967e+00
   2.4650000e+02   8.0018772e+00
   2.4675000e+02   8.0018580e+00
   2.4700000e+02   8.0018389e+00
   2.4725000e+02   8.0018200e+00
   2.4750000e+02   8.0018013e+00
   2.4775000e+02   8.0017828e+00
   2.4800000e+02   8.0017645e+00
   2.4825000e+02   8.0017463e+00
   2.4850000e+02   8.0017284e+00
   2.4875000e+02   8.0017106e+00
   2.4900000e+02   8.0016931e+00
   2.4925000e+02   8.0016757e+00
   2.4950000e+02   8.0016585e+00
   2.4975000e+02   8.0016414e+00
   2.5000000e+02   8.0016246e+00
   2.5025000e+02   8.0016079e+00
   2.5050000e+02   8.0015913e+00
   2.5075000e+02   8.0015750e+00
   2.5100000e+02   8.0015588e+00
   2.5125000e+02   8.0015428e+00
   2.5150000e+02   8.0015270e+00
   2.5175000e+02   8.0015113e+00
   2.5200000e+02   8.0014957e+00
   2.5225000e+02   8.0014804e+00
   2.5250000e+02   8.0014652e+00
   2.5275000e+02   8.0014501e+00
   2.5300000e+02   8.0014352e+00
   2.5325000e+02   8.0014205e+00
   2.5350000e+02   8.0014059e+00
   2.5375000e+02   8.0013914e+00
   2.5400000e+02   8.0013772e+00
   2.5425000e+02   8.0013630e+00
   2.5450000e+02   8.0013490e+00
   2.5475000e+02   8.0013351e+00
   2.5500000e+02   8.0013214e+00
   2.5525000e+02   8.0013079e+00
   2.5550000e+02   8.0012944e+00
   2.5575000e+02   8.0012811e+00
   2.5600000e+02   8.0012680e+00
   2.5625000e+02   8.0012549e+00
   2.5650000e+02   8.0012420e+00
   2.5675000e+02   8.0012293e+00
   2.5700000e+02   8.0012167e+00
   2.5725000e+02   8.0012042e+00
   2.5750000e+02   8.0011918e+00
   2.5775000e+02   8.0011795e+00
   2.5800000e+02   8.0011674e+00
   2.5825000e+02   8.0011554e+00
   2.5850000e+02   8.0011436e+00
   2.5875000e+02   8.0011318e+00
   2.5900000e+02   8.0011202e+00
   2.5925000e+02   8.0011087e+00
   2.5950000e+02   8.0010973e+00
   2.5975000e+02   8.0010860e+00
   2.6000000e+02   8.0010749e+00
   2.6025000e+02   8.0010638e+00
   2.6050000e+02   8.0010529e+00
   2.6075000e+02   8.0010421e+00
   2.6100000e+02   8.0010314e+00
   2.6125000e+02   8.0010208e+00
   2.6150000e+02   8.0010103e+00
   2.6175000e+02   8.0009999e+00
   2.6200000e+02   8.0009896e+00
   2.6225000e+02   8.0009795e+00
   2.6250000e+02   8.0009694e+00
   2.6275000e+02   8.0009594e+00
   2.6300000e+02   8.0009496e+00
   2.6325000e+02   8.0009398e+00
   2.6350000e+02   8.0009302e+00
   2.6375000e+02   8.0009206e+00
   2.6400000e+02   8.0009112e+00
   2.6425000e+02   8.0009018e+00
   2.6450000e+02   8.0008925e+00
   2.6475000e+02   8.0008834e+00
   2.6500000e+02   8.0008743e+00
   2.6525000e+02   8.0008653e+00
   2.6550000e+02   8.0008564e+00
   2.6575000e+02   8.0008476e+00
   2.6600000e+02   8.0008389e+00
   2.6625000e+02   8.0008303e+00
   2.6650000e+02   8.0008218e+00
   2.6675000e+02   8.0008133e+00
   2.6700000e+02   8.0008050e+00
   2.6725000e+02   8.0007967e+00
   2.6750000e+02   8.0007885e+00
   2.6775000e+02   8.0007804e+00
   2.6800000e+02   8.0007724e+00
   2.6825000e+02   8.0007645e+00
   2.6850000e+02   8.0007566e+00
   2.6875000e+02   8.0007488e+00
   2.6900000e+02   8.0007412e+00
   2.6925000e+02   8.0007335e+00
   2.6950000e+02   8.0007260e+00
   2.6975000e+02   8.0007185e+00
   2.7000000e+02   8.0007112e+00
   2.7025000e+02   8.0007039e+00
   2.7050000e+02   8.0006966e+00
   2.7075000e+02   8.0006895e+00
   2.7100000e+02   8.0006824e+00
   2.7125000e+02   8.0006754e+00
   2.7150000e+02   8.0006684e+00
   2.7175000e+02   8.0006616e+00
   2.7200000e+02   8.0006548e+00
   2.7225000e+02   8.0006481e+00
   2.7250000e+02   8.0006414e+00
   2.7275000e+02   8.0006348e+00
   2.7300000e+02   8.0006283e+00
   2.7325000e+02   8.0006218e+00
   2.7350000e+02   8.0006154e+00
   2.7375000e+02   8.0006091e+00
   2.7400000e+02   8.0006029e+00
   2.7425000e+02   8.0005967e+00
   2.7450000e+02   8.0005905e+00
   2.7475000e+02   8.0005845e+00
   2.7500000e+02   8.0005785e+00
   2.7525000e+02   8.0005725e+00
   2.7550000e+02   8.0005666e+00
   2.7575000e+02   8.0005608e+00
   2.7600000e+02   8.0005551e+00
   2.7625000e+02   8.0005494e+00
   2.7650000e+02   8.0005437e+00
   2.7675000e+02   8.0005381e+00
   2.7700000e+02   8.0005326e+00
   2.7725000e+02   8.0005271e+00
   2.7750000e+02   8.0005217e+00
   2.7775000e+02   8.0005164e+00
   2.7800000e+02   8.0005111e+00
   2.7825000e+02   8.0005058e+00
   2.7850000e+02   8.0005006e+00
   2.7875000e+02   8.0004955e+00
   2.7900000e+02   8.0004904e+00
   2.7925000e+02   8.0004853e+00
   2.7950000e+02   8.0004803e+00
   2.7975000e+02   8.0004754e+00
   2.8000000e+02   8.0004705e+00
   2.8025000e+02   8.0004657e+00
   2.8050000e+02   8.0004609e+00
   2.8075000e+02   8.0004562e+00
   2.8100000e+02   8.0004515e+00
   2.8125000e+02   8.0004469e+00
   2.8150000e+02   8.0004423e+00
   2.8175000e+02   8.0004377e+00
   2.8200000e+02   8.0004332e+00
   2.8225000e+02   8.0004288e+00
   2.8250000e+02   8.0004244e+00
   2.8275000e+02   8.0004200e+00
   2.8300000e+02   8.0004157e+00
   2.8325000e+02   8.0004114e+00
   2.8350000e+02   8.0004072e+00
   2.8375000e+02   8.0004030e+00
   2.8400000e+02   8.0003989e+00
   2.8425000e+02   8.0003948e+00
   2.8450000e+02   8.0003907e+00
   2.8475000e+02   8.0003867e+00
   2.8500000e+02   8.0003827e+00
   2.8525000e+02   8.0003788e+00
   2.8550000e+02   8.0003749e+00
   2.8575000e+02   8.0003711e+00
   2.8600000e+02   8.0003672e+00
   2.8625000e+02   8.0003635e+00
   2.8650000e+02   8.0003597e+00
   2.8675000e+02   8.0003560e+00
   2.8700000e+02   8.0003524e+00
   2.8725000e+02   8.0003488e+00
   2.8750000e+02   8.0003452e+00
   2.8775000e+02   8.0003416e+00
   2.8800000e+02   8.0003381e+00
   2.8825000e+02   8.0003347e+00
   2.8850000e+02   8.0003312e+00
   2.8875000e+02   8.0003278e+00
   2.8900000e+02   8.0003244e+00
   2.8925000e+02   8.0003211e+00
   2.8950000e+02   8.0003178e+00
   2.8975000e+02   8.0003145e+00
   2.9000000e+02   8.0003113e+00
   2.9025000e+02   8.0003081e+00
   2.9050000e+02   8.0003050e+00
   2.9075000e+02   8.0003018e+00
   2.9100000e+02   8.0002987e+00
   2.9125000e+02   8.0002957e+00
   2.9150000e+02   8.0002926e+00
   2.9175000e+02   8.0002896e+00
   2.9200000e+02   8.0002866e+00
   2.9225000e+02   8.0002837e+00
   2.9250000e+02   8.0002808e+00
   2.9275000e+02   8.0002779e+00
   2.9300000e+02   8.0002750e+00
   2.9325000e+02   8.0002722e+00
   2.9350000e+02   8.0002694e+00
   2.9375000e+02   8.0002666e+00
   2.9400000e+02   8.0002639e+00
   2.9425000e+02   8.0002612e+00
   2.9450000e+02   8.0002585e+00
   2.9475000e+02   8.0002559e+00
   2.9500000e+02   8.0002532e+00
   2.9525000e+02   8.0002506e+00
   2.9550000e+02   8.0002481e+00
   2.9575000e+02   8.0002455e+00
   2.9600000e+02   8.0002430e+00
   2.9625000e+02   8.0002405e+00
   2.9650000e+02   8.0002380e+00
   2.9675000e+02   8.0002356e+00
   2.9700000e+02   8.0002332e+00
   2.9725000e+02   8.0002308e+00
   2.9750000e+02   8.0002284e+00
   2.9775000e+02   8.0002260e+00
   2.9800000e+02   8.0002237e+00
   2.9825000e+02   8.0002214e+00
   2.9850000e+02   8.0002191e+00
   2.9875000e+02   8.0002169e+00
   2.9900000e+02   8.0002147e+00
   2.9925000e+02   8.0002125e+00
   2.9950000e+02   8.0002103e+00
   2.9975000e+02   8.0002081e+00
   3.0000000e+02   8.0002060e+00
   3.0025000e+02   8.0002039e+00
   3.0050000e+02   8.0002018e+00
   3.0075000e+02   8.0001997e+00
   3.0100000e+02   8.0001976e+00
   3.0125000e+02   8.0001956e+00
   3.0150000e+02   8.0001936e+00
   3.0175000e+02   8.0001916e+00
   3.0200000e+02   8.0001896e+00
   3.0225000e+02   8.0001877e+00
   3.0250000e+02   8.0001858e+00
   3.0275000e+02   8.0001839e+00
   3.0300000e+02   8.0001820e+00
   3.0325000e+02   8.0001801e+00
   3.0350000e+02   8.0001783e+00
   3.0375000e+02   8.0001764e+00
   3.0400000e+02   8.0001746e+00
   3.0425000e+02   8.0001728e+00
   3.0450000e+02   8.0001710e+00
   3.0475000e+02   8.0001693e+00
   3.0500000e+02   8.0001675e+00
   3.0525000e+02   8.0001658e+00
   3.0550000e+02   8.0001641e+00
   3.0575000e+02   8.0001624e+00
   3.0600000e+02   8.0001608e+00
   3.0625000e+02   8.0001591e+00
   3.0650000e+02   8.0001575e+00
   3.0675000e+02   8.0001559e+00
   3.0700000e+02   8.0001543e+00
   3.0725000e+02   8.0001527e+00
   3.0750000e+02   8.0001511e+00
   3.0775000e+02   8.0001496e+00
   3.0800000e+02   8.0001480e+00
   3.0825000e+02   8.0001465e+00
   3.0850000e+02   8.0001450e+00
   3.0875000e+02   8.0001435e+00
   3.0900000e+02   8.0001420e+00
   3.0925000e+02   8.0001406e+00
   3.0950000e+02   8.0001391e+00
   3.0975000e+02   8.0001377e+00
   3.1000000e+02   8.0001363e+00
   3.1025000e+02   8.0001349e+00
   3.1050000e+02   8.0001335e+00
   3.1075000e+02   8.0001321e+00
   3.1100000e+02   8.0001308e+00
   3.1125000e+02   8.0001294e+00
   3.1150000e+02   8.0001281e+00
   3.1175000e+02   8.0001268e+00
   3.1200000e+02   8.0001255e+00
   3.1225000e+02   8.0001242e+00
   3.1250000e+02   8.0001229e+00
   3.1275000e+02   8.0001216e+00
   3.1300000e+02   8.0001204e+00
   3.1325000e+02   8.0001192e+00
   3.1350000e+02   8.0001179e+00
   3.1375000e+02   8.0001167e+00
   3.1400000e+02   8.0001155e+00
   3.1425000e+02   8.0001143e+00
   3.1450000e+02   8.0001132e+00
   3.1475000e+02   8.0001120e+00
   3.1500000e+02   8.0001109e+00
   3.1525000e+02   8.0001097e+00
   3.1550000e+02   8.0001086e+00
   3.1575000e+02   8.0001075e+00
   3.1600000e+02   8.0001064e+00
   3.1625000e+02   8.0001053e+00
   3.1650000e+02   8.0001042e+00
   3.1675000e+02   8.0001031e+00
   3.1700000e+02   8.0001021e+00
   3.1725000e+02   8.0001010e+00
   3.1750000e+02   8.0001000e+00
   3.1775000e+02   8.0000990e+00
   3.1800000e+02   8.0000979e+00
   3.1825000e+02   8.0000969e+00
   3.1850000e+02   8.0000959e+00
   3.1875000e+02   8.0000949e+00
   3.1900000e+02   8.0000940e+00
   3.1925000e+02   8.0000930e+00
   3.1950000e+02   8.0000921e+00
   3.1975000e+02   8.0000911e+00
   3.2000000e+02   8.0000902e+00
   3.2025000e+02   8.0000892e+00
   3.2050000e+02   8.0000883e+00
   3.2075000e+02   8.0000874e+00
   3.2100000e+02   8.0000865e+00
   3.2125000e+02   8.0000856e+00
   3.2150000e+02   8.0000848e+00
   3.2175000e+02   8.0000839e+00
   3.2200000e+02   8.0000830e+00
   3.2225000e+02   8.0000822e+00
   3.2250000e+02   8.0000813e+00
   3.2275000e+02   8.0000805e+00
   3.2300000e+02   8.0000797e+00
   3.2325000e+02   8.0000788e+00
   3.2350000e+02   8.0000780e+00
   3.2375000e+02   8.0000772e+00
   3.2400000e+02   8.0000764e+00
   3.2425000e+02   8.0000757e+00
   3.2450000e+02   8.0000749e+00
   3.2475000e+02   8.0000741e+00
   3.2500000e+02   8.0000733e+00
   3.2525000e+02   8.0000726e+00
   3.2550000e+02   8.0000718e+00
   3.2575000e+02   8.0000711e+00
   3.2600000e+02   8.0000704e+00
   3.2625000e+02   8.0000697e+00
   3.2650000e+02   8.0000689e+00
   3.2675000e+02   8.0000682e+00
   3.2700000e+02   8.0000675e+00
   3.2725000e+02   8.0000668e+00
   3.2750000e+02   8.0000661e+00
   3.2775000e+02   8.0000655e+00
   3.2800000e+02   8.0000648e+00
   3.2825000e+02   8.0000641e+00
   3.2850000e+02   8.0000635e+00
   3.2875000e+02   8.0000628e+00
   3.2900000e+02   8.0000622e+00
   3.2925000e+02   8.0000615e+00
   3.2950000e+02   8.0000609e+00
   3.2975000e+02   8.0000603e+00
   3.3000000e+02   8.0000597e+00
   3.3025000e+02   8.0000590e+00
   3.3050000e+02   8.0000584e+00
   3.3075000e+02   8.0000578e+00
   3.3100000e+02   8.0000572e+00
   3.3125000e+02   8.0000567e+00
   3.3150000e+02   8.0000561e+00
   3.3175000e+02   8.0000555e+00
   3.3200000e+02   8.0000549e+00
   3.3225000e+02   8.0000544e+00
   3.3250000e+02   8.0000538e+00
   3.3275000e+02   8.0000533e+00
   3.3300000e+02   8.0000527e+00
   3.3325000e+02   8.0000522e+00
   3.3350000e+02   8.0000516e+00
   3.3375000e+02   8.0000511e+00
   3.3400000e+02   8.0000506e+00
   3.3425000e+02   8.0000501e+00
   3.3450000e+02   8.0000495e+00
   3.3475000e+02   8.0000490e+00
   3.3500000e+02   8.0000485e+00
   3.3525000e+02   8.0000480e+00
   3.3550000e+02   8.0000475e+00
   3.3575000e+02   8.0000470e+00
   3.3600000e+02   8.0000466e+00
   3.3625000e+02   8.0000461e+00
   3.3650000e+02   8.0000456e+00
   3.3675000e+02   8.0000451e+00
   3.3700000e+02   8.0000447e+00
   3.3725000e+02   8.0000442e+00
   3.3750000e+02   8.0000438e+00
   3.3775000e+02   8.0000433e+00
   3.3800000e+02   8.0000429e+00
   3.3825000e+02   8.0000424e+00
   3.3850000e+02   8.0000420e+00
   3.3875000e+02   8.0000416e+00
   3.3900000e+02   8.0000411e+00
   3.3925000e+02   8.0000407e+00
   3.3950000e+02   8.0000403e+00
   3.3975000e+02   8.0000399e+00
   3.4000000e+02   8.0000395e+00
   3.4025000e+02   8.0000391e+00
   3.4050000e+02   8.0000387e+00
   3.4075000e+02   8.0000383e+00
   3.4100000e+02   8.0000379e+00
   3.4125000e+02   8.0000375e+00
   3.4150000e+02   8.0000371e+00
   3.4175000e+02   8.0000367e+00
   3.4200000e+02   8.0000363e+00
   3.4225000e+02   8.0000360e+00
   3.4250000e+02   8.0000356e+00
   3.4275000e+02   8.0000352e+00
   3.4300000e+02   8.0000349e+00
   3.4325000e+02   8.0000345e+00
   3.4350000e+02   8.0000342e+00
   3.4375000e+02   8.0000338e+00
   3.4400000e+02   8.0000335e+00
   3.4425000e+02   8.0000331e+00
   3.4450000e+02   8.0000328e+00
   3.4475000e+02   8.0000324e+00
   3.4500000e+02   8.0000321e+00
   3.4525000e+02   8.0000318e+00
   3.4550000e+02   8.0000315e+00
   3.4575000e+02   8.0000311e+00
   3.4600000e+02   8.0000308e+00
   3.4625000e+02   8.0000305e+00
   3.4650000e+02   8.0000302e+00
   3.4675000e+02   8.0000299e+00
   3.4700000e+02   8.0000296e+00
   3.4725000e+02   8.0000293e+00
   3.4750000e+02   8.0000290e+00
   3.4775000e+02   8.0000287e+00
   3.4800000e+02   8.0000284e+00
   3.4825000e+02   8.0000281e+00
   3.4850000e+02   8.0000278e+00
   3.4875000e+02   8.0000275e+00
   3.4900000e+02   8.0000272e+00
   3.4925000e+02   8.0000269e+00
   3.4950000e+02   8.0000267e+00
   3.4975000e+02   8.0000264e+00
   3.5000000e+02   8.0000261e+00
   3.5025000e+02   8.0000258e+00
   3.5050000e+02   8.0000256e+00
   3.5075000e+02   8.0000253e+00
   3.5100000e+02   8.0000251e+00
   3.5125000e+02   8.0000248e+00
   3.5150000e+02   8.0000245e+00
   3.5175000e+02   8.0000243e+00
   3.5200000e+02   8.0000240e+00
   3.5225000e+02   8.0000238e+00
   3.5250000e+02   8.0000236e+00
   3.5275000e+02   8.0000233e+00
   3.5300000e+02   8.0000231e+00
   3.5325000e+02   8.0000228e+00
   3.5350000e+02   8.0000226e+00
   3.5375000e+02   8.0000224e+00
   3.5400000e+02   8.0000221e+00
   3.5425000e+02   8.0000219e+00
   3.5450000e+02   8.0000217e+00
   3.5475000e+02   8.0000215e+00
   3.5500000e+02   8.0000212e+00
   3.5525000e+02   8.0000210e+00
   3.5550000e+02   8.0000208e+00
   3.5575000e+02   8.0000206e+00
   3.5600000e+02   8.0000204e+00
   3.5625000e+02   8.0000202e+00
   3.5650000e+02   8.0000200e+00
   3.5675000e+02   8.0000198e+00
   3.5700000e+02   8.0000196e+00
   3.5725000e+02   8.0000194e+00
   3.5750000e+02   8.0000192e+00
   3.5775000e+02   8.0000190e+00
   3.5800000e+02   8.0000188e+00
   3.5825000e+02   8.0000186e+00
   3.5850000e+02   8.0000184e+00
   3.5875000e+02   8.0000182e+00
   3.5900000e+02   8.0000180e+00
   3.5925000e+02   8.0000178e+00
   3.5950000e+02   8.0000176e+00
   3.5975000e+02   8.0000175e+00
   3.6000000e+02   8.0000173e+00
   3.6025000e+02   8.0000171e+00
   3.6050000e+02   8.0000169e+00
   3.6075000e+02   8.0000168e+00
   3.6100000e+02   8.0000166e+00
   3.6125000e+02   8.0000164e+00
   3.6150000e+02   8.0000162e+00
   3.6175000e+02   8.0000161e+00
   3.6200000e+02   8.0000159e+00
   3.6225000e+02   8.0000157e+00
   3.6250000e+02   8.0000156e+00
   3.6275000e+02   8.0000154e+00
   3.6300000e+02   8.0000153e+00
   3.6325000e+02   8.0000151e+00
   3.6350000e+02   8.0000150e+00
   3.6375000e+02   8.0000148e+00
   3.6400000e+02   8.0000146e+00
   3.6425000e+02   8.0000145e+00
   3.6450000e+02   8.0000143e+00
   3.6475000e+02   8.0000142e+00
   3.6500000e+02   8.0000141e+00
   3.6525000e+02   8.0000139e+00
   3.6550000e+02   8.0000138e+00
   3.6575000e+02   8.0000136e+00
   3.6600000e+02   8.0000135e+00
   3.6625000e+02   8.0000133e+00
   3.6650000e+02   8.0000132e+00
   3.6675000e+02   8.0000131e+00
   3.6700000e+02   8.0000129e+00
   3.6725000e+02   8.0000128e+00
   3.6750000e+02   8.0000127e+00
   3.6775000e+02   8.0000125e+00
   3.6800000e+02   8.0000124e+00
   3.6825000e+02   8.0000123e+00
   3.6850000e+02   8.0000122e+00
   3.6875000e+02   8.0000120e+00
   3.6900000e+02   8.0000119e+00
   3.6925000e+02   8.0000118e+00
   3.6950000e+02   8.0000117e+00
   3.6975000e+02   8.0000116e+00
   3.7000000e+02   8.0000114e+00
   3.7025000e+02   8.0000113e+00
   3.7050000e+02   8.0000112e+00
   3.7075000e+02   8.0000111e+00
   3.7100000e+02   8.0000110e+00
   3.7125000e+02   8.0000109e+00
   3.7150000e+02   8.0000107e+00
   3.7175000e+02   8.0000106e+00
   3.7200000e+02   8.0000105e+00
   3.7225000e+02   8.0000104e+00
   3.7250000e+02   8.0000103e+00
   3.7275000e+02   8.0000102e+00
   3.7300000e+02   8.0000101e+00
   3.7325000e+02   8.0000100e+00
   3.7350000e+02   8.0000099e+00
   3.7375000e+02   8.0000098e+00
   3.7400000e+02   8.0000097e+00
   3.7425000e+02   8.0000096e+00
   3.7450000e+02   8.0000095e+00
   3.7475000e+02   8.0000094e+00
   3.7500000e+02   8.0000093e+00
   3.7525000e+02   8.0000092e+00
   3.7550000e+02   8.0000091e+00
   3.7575000e+02   8.0000090e+00
   3.7600000e+02   8.0000089e+00
   3.7625000e+02   8.0000088e+00
   3.7650000e+02   8.0000087e+00
   3.7675000e+02   8.0000087e+00
   3.7700000e+02   8.0000086e+00
   3.7725000e+02   8.0000085e+00
   3.7750000e+02   8.0000084e+00
   3.7775000e+02   8.0000083e+00
   3.7800000e+02   8.0000082e+00
   3.7825000e+02   8.0000081e+00
   3.7850000e+02   8.0000080e+00
   3.7875000e+02   8.0000080e+00
   3.7900000e+02   8.0000079e+00
   3.7925000e+02   8.0000078e+00
   3.7950000e+02   8.0000077e+00
   3.7975000e+02   8.0000076e+00
   3.8000000e+02   8.0000076e+00
   3.8025000e+02   8.0000075e+00
   3.8050000e+02   8.0000074e+00
   3.8075000e+02   8.0000073e+00
   3.8100000e+02   8.0000073e+00
   3.8125000e+02   8.0000072e+00
   3.8150000e+02   8.0000071e+00
   3.8175000e+02   8.0000070e+00
   3.8200000e+02   8.0000070e+00
   3.8225000e+02   8.0000069e+00
   3.8250000e+02   8.0000068e+00
   3.8275000e+02   8.0000068e+00
   3.8300000e+02   8.0000067e+00
   3.8325000e+02   8.0000066e+00
   3.8350000e+02   8.0000065e+00
   3.8375000e+02   8.0000065e+00
   3.8400000e+02   8.0000064e+00
   3.8425000e+02   8.0000063e+00
   3.8450000e+02   8.0000063e+00
   3.8475000e+02   8.0000062e+00
   3.8500000e+02   8.0000062e+00
   3.8525000e+02   8.0000061e+00
   3.8550000e+02   8.0000060e+00
   3.8575000e+02   8.0000060e+00
   3.8600000e+02   8.0000059e+00
   3.8625000e+02   8.0000058e+00
   3.8650000e+02   8.0000058e+00
   3.8675000e+02   8.0000057e+00
   3.8700000e+02   8.0000057e+00
   3.8725000e+02   8.0000056e+00
   3.8750000e+02   8.0000055e+00
   3.8775000e+02   8.0000055e+00
   3.8800000e+02   8.0000054e+00
   3.8825000e+02   8.0000054e+00
   3.8850000e+02   8.0000053e+00
   3.8875000e+02   8.0000053e+00
   3.8900000e+02   8.0000052e+00
   3.8925000e+02   8.0000052e+00
   3.8950000e+02   8.0000051e+00
   3.8975000e+02   8.0000051e+00
   3.9000000e+02   8.0000050e+00
   3.9025000e+02   8.0000050e+00
   3.9050000e+02   8.0000049e+00
   3.9075000e+02   8.0000049e+00
   3.9100000e+02   8.0000048e+00
   3.9125000e+02   8.0000048e+00
   3.9150000e+02   8.0000047e+00
   3.9175000e+02   8.0000047e+00
   3.9200000e+02   8.0000046e+00
   3.9225000e+02   8.0000046e+00
   3.9250000e+02   8.0000045e+00
   3.9275000e+02   8.0000045e+00
   3.9300000e+02   8.0000044e+00
   3.9325000e+02   8.0000044e+00
   3.9350000e+02   8.0000043e+00
   3.9375000e+02   8.0000043e+00
   3.9400000e+02   8.0000042e+00
   3.9425000e+02   8.0000042e+00
   3.9450000e+02   8.0000042e+00
   3.9475000e+02   8.0000041e+00
   3.9500000e+02   8.0000041e+00
   3.9525000e+02   8.0000040e+00
   3.9550000e+02   8.0000040e+00
   3.9575000e+02   8.0000039e+00
   3.9600000e+02   8.0000039e+00
   3.9625000e+02   8.0000039e+00
   3.9650000e+02   8.0000038e+00
   3.9675000e+02   8.0000038e+00
   3.9700000e+02   8.0000037e+00
   3.9725000e+02   8.0000037e+00
   3.9750000e+02   8.0000037e+00
   3.9775000e+02   8.0000036e+00
   3.9800000e+02   8.0000036e+00
   3.9825000e+02   8.0000036e+00
   3.9850000e+02   8.0000035e+00
   3.9875000e+02   8.0000035e+00
   3.9900000e+02   8.0000035e+00
   3.9925000e+02   8.0000034e+00
   3.9950000e+02   8.0000034e+00
   3.9975000e+02   8.0000033e+00
   4.0000000e+02   8.0000033e+00
   4.0025000e+02   8.0000033e+00
   4.0050000e+02   8.0000032e+00
   4.0075000e+02   8.0000032e+00
   4.0100000e+02   8.0000032e+00
   4.0125000e+02   8.0000031e+00
   4.0150000e+02   8.0000031e+00
   4.0175000e+02   8.0000031e+00
   4.0200000e+02   8.0000030e+00
   4.0225000e+02   8.0000030e+00
   4.0250000e+02   8.0000030e+00
   4.0275000e+02   8.0000030e+00
   4.0300000e+02   8.0000029e+00
   4.0325000e+02   8.0000029e+00
   4.0350000e+02   8.0000029e+00
   4.0375000e+02   8.0000028e+00
   4.0400000e+02   8.0000028e+00
   4.0425000e+02   8.0000028e+00
   4.0450000e+02   8.0000027e+00
   4.0475000e+02   8.0000027e+00
   4.0500000e+02   8.0000027e+00
   4.0525000e+02   8.0000027e+00
   4.0550000e+02   8.0000026e+00
   4.0575000e+02   8.0000026e+00
   4.0600000e+02   8.0000026e+00
   4.0625000e+02   8.0000026e+00
   4.0650000e+02   8.0000025e+00
   4.0675000e+02   8.0000025e+00
   4.0700000e+02   8.0000025e+00
   4.0725000e+02   8.0000025e+00
   4.0750000e+02   8.0000024e+00
   4.0775000e+02   8.0000024e+00
   4.0800000e+02   8.0000024e+00
   4.0825000e+02   8.0000024e+00
   4.0850000e+02   8.0000023e+00
   4.0875000e+02   8.0000023e+00
   4.0900000e+02   8.0000023e+00
   4.0925000e+02   8.0000023e+00
   4.0950000e+02   8.0000022e+00
   4.0975000e+02   8.0000022e+00
   4.1000000e+02   8.0000022e+00
   4.1025000e+02   8.0000022e+00
   4.1050000e+02   8.0000021e+00
   4.1075000e+02   8.0000021e+00
   4.1100000e+02   8.0000021e+00
   4.1125000e+02   8.0000021e+00
   4.1150000e+02   8.0000021e+00
   4.1175000e+02   8.0000020e+00
   4.1200000e+02   8.0000020e+00
   4.1225000e+02   8.0000020e+00
   4.1250000e+02   8.0000020e+00
   4.1275000e+02   8.0000020e+00
   4.1300000e+02   8.0000019e+00
   4.1325000e+02   8.0000019e+00
   4.1350000e+02   8.0000019e+00
   4.1375000e+02   8.0000019e+00
   4.1400000e+02   8.0000019e+00
   4.1425000e+02   8.0000018e+00
   4.1450000e+02   8.0000018e+00
   4.1475000e+02   8.0000018e+00
   4.1500000e+02   8.0000018e+00
   4.1525000e+02   8.0000018e+00
   4.1550000e+02   8.0000017e+00
   4.1575000e+02   8.0000017e+00
   4.1600000e+02   8.0000017e+00
   4.1625000e+02   8.0000017e+00
   4.1650000e+02   8.0000017e+00
   4.1675000e+02   8.0000017e+00
   4.1700000e+02   8.0000016e+00
   4.1725000e+02   8.0000016e+00
   4.1750000e+02   8.0000016e+00
   4.1775000e+02   8.0000016e+00
   4.1800000e+02   8.0000016e+00
   4.1825000e+02   8.0000016e+00
   4.1850000e+02   8.0000015e+00
   4.1875000e+02   8.0000015e+00
   4.1900000e+02   8.0000015e+00
   4.1925000e+02   8.0000015e+00
   4.1950000e+02   8.0000015e+00
   4.1975000e+02   8.0000015e+00
   4.2000000e+02   8.0000014e+00
   4.2025000e+02   8.0000014e+00
   4.2050000e+02   8.0000014e+00
   4.2075000e+02   8.0000014e+00
   4.2100000e+02   8.0000014e+00
   4.2125000e+02   8.0000014e+00
   4.2150000e+02   8.0000014e+00
   4.2175000e+02   8.0000013e+00
   4.2200000e+02   8.0000013e+00
   4.2225000e+02   8.0000013e+00
   4.2250000e+02   8.0000013e+00
   4.2275000e+02   8.0000013e+00
   4.2300000e+02   8.0000013e+00
   4.2325000e+02   8.0000013e+00
   4.2350000e+02   8.0000013e+00
   4.2375000e+02   8.0000012e+00
   4.2400000e+02   8.0000012e+00
   4.2425000e+02   8.0000012e+00
   4.2450000e+02   8.0000012e+00
   4.2475000e+02   8.0000012e+00
   4.2500000e+02   8.0000012e+00
   4.2525000e+02   8.0000012e+00
   4.2550000e+02   8.0000012e+00
   4.2575000e+02   8.0000011e+00
   4.2600000e+02   8.0000011e+00
   4.2625000e+02   8.0000011e+00
   4.2650000e+02   8.0000011e+00
   4.2675000e+02   8.0000011e+00
   4.2700000e+02   8.0000011e+00
   4.2725000e+02   8.0000011e+00
   4.2750000e+02   8.0000011e+00
   4.2775000e+02   8.0000011e+00
   4.2800000e+02   8.0000010e+00
   4.2825000e+02   8.0000010e+00
   4.2850000e+02   8.0000010e+00
   4.2875000e+02   8.0000010e+00
   4.2900000e+02   8.0000010e+00
   4.2925000e+02   8.0000010e+00
   4.2950000e+02   8.0000010e+00
   4.2975000e+02   8.0000010e+00
   4.3000000e+02   8.0000010e+00
   4.3025000e+02   8.0000009e+00
   4.3050000e+02   8.0000009e+00
   4.3075000e+02   8.0000009e+00
   4.3100000e+02   8.0000009e+00
   4.3125000e+02   8.0000009e+00
   4.3150000e+02   8.0000009e+00
   4.3175000e+02   8.0000009e+00
   4.3200000e+02   8.0000009e+00
   4.3225000e+02   8.0000009e+00
   4.3250000e+02   8.0000009e+00
   4.3275000e+02   8.0000009e+00
   4.3300000e+02   8.0000008e+00
   4.3325000e+02   8.0000008e+00
   4.3350000e+02   8.0000008e+00
   4.3375000e+02   8.0000008e+00
   4.3400000e+02   8.0000008e+00
   4.3425000e+02   8.0000008e+00
   4.3450000e+02   8.0000008e+00
   4.3475000e+02   8.0000008e+00
   4.3500000e+02   8.0000008e+00
   4.3525000e+02   8.0000008e+00
   4.3550000e+02   8.0000008e+00
   4.3575000e+02   8.0000008e+00
   4.3600000e+02   8.0000007e+00
   4.3625000e+02   8.0000007e+00
   4.3650000e+02   8.0000007e+00
   4.3675000e+02   8.0000007e+00
   4.3700000e+02   8.0000007e+00
   4.3725000e+02   8.0000007e+00
   4.3750000e+02   8.0000007e+00
   4.3775000e+02   8.0000007e+00
   4.3800000e+02   8.0000007e+00
   4.3825000e+02   8.0000007e+00
   4.3850000e+02   8.0000007e+00
   4.3875000e+02   8.0000007e+00
   4.3900000e+02   8.0000007e+00
   4.3925000e+02   8.0000007e+00
   4.3950000e+02   8.0000006e+00
   4.3975000e+02   8.0000006e+00
   4.4000000e+02   8.0000006e+00
   4.4025000e+02   8.0000006e+00
   4.4050000e+02   8.0000006e+00
   4.4075000e+02   8.0000006e+00
   4.4100000e+02   8.0000006e+00
   4.4125000e+02   8.0000006e+00
   4.4150000e+02   8.0000006e+00
   4.4175000e+02   8.0000006e+00
   4.4200000e+02   8.0000006e+00
   4.4225000e+02   8.0000006e+00
   4.4250000e+02   8.0000006e+00
   4.4275000e+02   8.0000006e+00
   4.4300000e+02   8.0000006e+00
   4.4325000e+02   8.0000006e+00
   4.4350000e+02   8.0000005e+00
   4.4375000e+02   8.0000005e+00
   4.4400000e+02   8.0000005e+00
   4.4425000e+02   8.0000005e+00
   4.4450000e+02   8.0000005e+00
   4.4475000e+02   8.0000005e+00
   4.4500000e+02   8.0000005e+00
   4.4525000e+02   8.0000005e+00
   4.4550000e+02   8.0000005e+00
   4.4575000e+02   8.0000005e+00
   4.4600000e+02   8.0000005e+00
   4.4625000e+02   8.0000005e+00
   4.4650000e+02   8.0000005e+00
   4.4675000e+02   8.0000005e+00
   4.4700000e+02   8.0000005e+00
   4.4725000e+02   8.0000005e+00
   4.4750000e+02   8.0000005e+00
   4.4775000e+02   8.0000005e+00
   4.4800000e+02   8.0000005e+00
   4.4825000e+02   8.0000005e+00
   4.4850000e+02   8.0000004e+00
   4.4875000e+02   8.0000004e+00
   4.4900000e+02   8.0000004e+00
   4.4925000e+02   8.0000004e+00
   4.4950000e+02   8.0000004e+00
   4.4975000e+02   8.0000004e+00
   4.5000000e+02   8.0000004e+00
   4.5025000e+02   8.0000004e+00
   4.5050000e+02   8.0000004e+00
   4.5075000e+02   8.0000004e+00
   4.5100000e+02   8.0000004e+00
   4.5125000e+02   8.0000004e+00
   4.5150000e+02   8.0000004e+00
   4.5175000e+02   8.0000004e+00
   4.5200000e+02   8.0000004e+00
   4.5225000e+02   8.0000004e+00
   4.5250000e+02   8.0000004e+00
   4.5275000e+02   8.0000004e+00
   4.5300000e+02   8.0000004e+00
   4.5325000e+02   8.0000004e+00
   4.5350000e+02   8.0000004e+00
   4.5375000e+02   8.0000004e+00
   4.5400000e+02   8.0000004e+00
   4.5425000e+02   8.0000004e+00
   4.5450000e+02   8.0000003e+00
   4.5475000e+02   8.0000003e+00
   4.5500000e+02   8.0000003e+00
   4.5525000e+02   8.0000003e+00
   4.5550000e+02   8.0000003e+00
   4.5575000e+02   8.0000003e+00
   4.5600000e+02   8.0000003e+00
   4.5625000e+02   8.0000003e+00
   4.5650000e+02   8.0000003e+00
   4.5675000e+02   8.0000003e+00
   4.5700000e+02   8.0000003e+00
   4.5725000e+02   8.0000003e+00
   4.5750000e+02   8.0000003e+00
   4.5775000e+02   8.0000003e+00
   4.5800000e+02   8.0000003e+00
   4.5825000e+02   8.0000003e+00
   4.5850000e+02   8.0000003e+00
   4.5875000e+02   8.0000003e+00
   4.5900000e+02   8.0000003e+00
   4.5925000e+02   8.0000003e+00
   4.5950000e+02   8.0000003e+00
   4.5975000e+02   8.0000003e+00
   4.6000000e+02   8.0000003e+00
   4.6025000e+02   8.0000003e+00
   4.6050000e+02   8.0000003e+00
   4.6075000e+02   8.0000003e+00
   4.6100000e+02   8.0000003e+00
   4.6125000e+02   8.0000003e+00
   4.6150000e+02   8.0000003e+00
   4.6175000e+02   8.0000003e+00
   4.6200000e+02   8.0000003e+00
   4.6225000e+02   8.0000003e+00
   4.6250000e+02   8.0000003e+00
   4.6275000e+02   8.0000002e+00
   4.6300000e+02   8.0000002e+00
   4.6325000e+02   8.0000002e+00
   4.6350000e+02   8.0000002e+00
   4.6375000e+02   8.0000002e+00
   4.6400000e+02   8.0000002e+00
   4.6425000e+02   8.0000002e+00
   4.6450000e+02   8.0000002e+00
   4.6475000e+02   8.0000002e+00
   4.6500000e+02   8.0000002e+00
   4.6525000e+02   8.0000002e+00
   4.6550000e+02   8.0000002e+00
   4.6575000e+02   8.0000002e+00
   4.6600000e+02   8.0000002e+00
   4.6625000e+02   8.0000002e+00
   4.6650000e+02   8.0000002e+00
   4.6675000e+02   8.0000002e+00
   4.6700000e+02   8.0000002e+00
   4.6725000e+02   8.0000002e+00
   4.6750000e+02   8.0000002e+00
   4.6775000e+02   8.0000002e+00
   4.6800000e+02   8.0000002e+00
   4.6825000e+02   8.0000002e+00
   4.6850000e+02   8.0000002e+00
   4.6875000e+02   8.0000002e+00
   4.6900000e+02   8.0000002e+00
   4.6925000e+02   8.0000002e+00
   4.6950000e+02   8.0000002e+00
   4.6975000e+02   8.0000002e+00
   4.7000000e+02   8.0000002e+00
   4.7025000e+02   8.0000002e+00
   4.7050000e+02   8.0000002e+00
   4.7075000e+02   8.0000002e+00
   4.7100000e+02   8.0000002e+00
   4.7125000e+02   8.0000002e+00
   4.7150000e+02   8.0000002e+00
   4.7175000e+02   8.0000002e+00
   4.7200000e+02   8.0000002e+00
   4.7225000e+02   8.0000002e+00
   4.7250000e+02   8.0000002e+00
   4.7275000e+02   8.0000002e+00
   4.7300000e+02   8.0000002e+00
   4.7325000e+02   8.0000002e+00
   4.7350000e+02   8.0000002e+00
   4.7375000e+02   8.0000002e+00
   4.7400000e+02   8.0000002e+00
   4.7425000e+02   8.0000002e+00
   4.7450000e+02   8.0000002e+00
   4.7475000e+02   8.0000002e+00
   4.7500000e+02   8.0000001e+00
   4.7525000e+02   8.0000001e+00
   4.7550000e+02   8.0000001e+00
   4.7575000e+02   8.0000001e+00
   4.7600000e+02   8.0000001e+00
   4.7625000e+02   8.0000001e+00
   4.7650000e+02   8.0000001e+00
   4.7675000e+02   8.0000001e+00
   4.7700000e+02   8.0000001e+00
   4.7725000e+02   8.0000001e+00
   4.7750000e+02   8.0000001e+00
   4.7775000e+02   8.0000001e+00
   4.7800000e+02   8.0000001e+00
   4.7825000e+02   8.0000001e+00
   4.7850000e+02   8.0000001e+00
   4.7875000e+02   8.0000001e+00
   4.7900000e+02   8.0000001e+00
   4.7925000e+02   8.0000001e+00
   4.7950000e+02   8.0000001e+00
   4.7975000e+02   8.0000001e+00
   4.8000000e+02   8.0000001e+00
   4.8025000e+02   8.0000001e+00
   4.8050000e+02   8.0000001e+00
   4.8075000e+02   8.0000001e+00
   4.8100000e+02   8.0000001e+00
   4.8125000e+02   8.0000001e+00
   4.8150000e+02   8.0000001e+00
   4.8175000e+02   8.0000001e+00
   4.8200000e+02   8.0000001e+00
   4.8225000e+02   8.0000001e+00
   4.8250000e+02   8.0000001e+00
   4.8275000e+02   8.0000001e+00
   4.8300000e+02   8.0000001e+00
   4.8325000e+02   8.0000001e+00
   4.8350000e+02   8.0000001e+00
   4.8375000e+02   8.0000001e+00
   4.8400000e+02   8.0000001e+00
   4.8425000e+02   8.0000001e+00
   4.8450000e+02   8.0000001e+00
   4.8475000e+02   8.0000001e+00
   4.8500000e+02   8.0000001e+00
   4.8525000e+02   8.0000001e+00
   4.8550000e+02   8.0000001e+00
   4.8575000e+02   8.0000001e+00
   4.8600000e+02   8.0000001e+00
   4.8625000e+02   8.0000001e+00
   4.8650000e+02   8.0000001e+00
   4.8675000e+02   8.0000001e+00
   4.8700000e+02   8.0000001e+00
   4.8725000e+02   8.0000001e+00
   4.8750000e+02   8.0000001e+00
   4.8775000e+02   8.0000001e+00
   4.8800000e+02   8.0000001e+00
   4.8825000e+02   8.0000001e+00
   4.8850000e+02   8.0000001e+00
   4.8875000e+02   8.0000001e+00
   4.8900000e+02   8.0000001e+00
   4.8925000e+02   8.0000001e+00
   4.8950000e+02   8.0000001e+00
   4.8975000e+02   8.0000001e+00
   4.9000000e+02   8.0000001e+00
   4.9025000e+02   8.0000001e+00
   4.9050000e+02   8.0000001e+00
   4.9075000e+02   8.0000001e+00
   4.9100000e+02   8.0000001e+00
   4.9125000e+02   8.0000001e+00
   4.9150000e+02   8.0000001e+00
   4.9175000e+02   8.0000001e+00
   4.9200000e+02   8.0000001e+00
   4.9225000e+02   8.0000001e+00
   4.9250000e+02   8.0000001e+00
   4.9275000e+02   8.0000001e+00
   4.9300000e+02   8.0000001e+00
   4.9325000e+02   8.0000001e+00
   4.9350000e+02   8.0000001e+00
   4.9375000e+02   8.0000001e+00
   4.9400000e+02   8.0000001e+00
   4.9425000e+02   8.0000001e+00
   4.9450000e+02   8.0000001e+00
   4.9475000e+02   8.0000001e+00
   4.9500000e+02   8.0000001e+00
   4.9525000e+02   8.0000001e+00
   4.9550000e+02   8.0000001e+00
   4.9575000e+02   8.0000001e+00
   4.9600000e+02   8.0000001e+00
   4.9625000e+02   8.0000001e+00
   4.9650000e+02   8.0000001e+00
   4.9675000e+02   8.0000001e+00
   4.9700000e+02   8.0000001e+00
   4.9725000e+02   8.0000001e+00
   4.9750000e+02   8.0000001e+00
   4.9775000e+02   8.0000001e+00
   4.9800000e+02   8.0000001e+00
   4.9825000e+02   8.0000001e+00
   4.9850000e+02   8.0000001e+00
   4.9875000e+02   8.0000001e+00
   4.9900000e+02   8.0000001e+00
   4.9925000e+02   8.0000001e+00
   4.9950000e+02   8.0000001e+00
   4.9975000e+02   8.0000001e+00
   5.0000000e+02   8.0000001e+00
   5.0025000e+02   8.0000001e+00
   5.0050000e+02   8.0000001e+00
   5.0075000e+02   8.0000001e+00
   5.0100000e+02   8.0000001e+00
   5.0125000e+02   8.0000001e+00
   5.0150000e+02   8.0000001e+00
   5.0175000e+02   8.0000000e+00
   5.0200000e+02   8.0000000e+00
   5.0225000e+02   8.0000000e+00
   5.0250000e+02   8.0000000e+00
   5.0275000e+02   8.0000000e+00
   5.0300000e+02   8.0000000e+00
   5.0325000e+02   8.0000000e+00
   5.0350000e+02   8.0000000e+00
   5.0375000e+02   8.0000000e+00
   5.0400000e+02   8.0000000e+00
   5.0425000e+02   8.0000000e+00
   5.0450000e+02   8.0000000e+00
   5.0475000e+02   8.0000000e+00
   5.0500000e+02   8.0000000e+00
   5.0525000e+02   8.0000000e+00
   5.0550000e+02   8.0000000e+00
   5.0575000e+02   8.0000000e+00
   5.0600000e+02   8.0000000e+00
   5.0625000e+02   8.0000000e+00
   5.0650000e+02   8.0000000e+00
   5.0675000e+02   8.0000000e+00
   5.0700000e+02   8.0000000e+00
   5.0725000e+02   8.0000000e+00
   5.0750000e+02   8.0000000e+00
   5.0775000e+02   8.0000000e+00
   5.0800000e+02   8.0000000e+00
   5.0825000e+02   8.0000000e+00
   5.0850000e+02   8.0000000e+00
   5.0875000e+02   8.0000000e+00
   5.0900000e+02   8.0000000e+00
   5.0925000e+02   8.0000000e+00
   5.0950000e+02   8.0000000e+00
   5.0975000e+02   8.0000000e+00
   5.1000000e+02   8.0000000e+00
   5.1025000e+02   8.0000000e+00
   5.1050000e+02   8.0000000e+00
   5.1075000e+02   8.0000000e+00
   5.1100000e+02   8.0000000e+00
   5.1125000e+02   8.0000000e+00
   5.1150000e+02   8.0000000e+00
   5.1175000e+02   8.0000000e+00
   5.1200000e+02   8.0000000e+00
   5.1225000e+02   8.0000000e+00
   5.1250000e+02   8.0000000e+00
   5.1275000e+02   8.0000000e+00
   5.1300000e+02   8.0000000e+00
   5.1325000e+02   8.0000000e+00
   5.1350000e+02   8.0000000e+00
   5.1375000e+02   8.0000000e+00
   5.1400000e+02   8.0000000e+00
   5.1425000e+02   8.0000000e+00
   5.1450000e+02   8.0000000e+00
   5.1475000e+02   8.0000000e+00
   5.1500000e+02   8.0000000e+00
   5.1525000e+02   8.0000000e+00
   5.1550000e+02   8.0000000e+00
   5.1575000e+02   8.0000000e+00
   5.1600000e+02   8.0000000e+00
   5.1625000e+02   8.0000000e+00
   5.1650000e+02   8.0000000e+00
   5.1675000e+02   8.0000000e+00
   5.1700000e+02   8.0000000e+00
   5.1725000e+02   8.0000000e+00
   5.1750000e+02   8.0000000e+00
   5.1775000e+02   8.0000000e+00
   5.1800000e+02   8.0000000e+00
   5.1825000e+02   8.0000000e+00
   5.1850000e+02   8.0000000e+00
   5.1875000e+02   8.0000000e+00
   5.1900000e+02   8.0000000e+00
   5.1925000e+02   8.0000000e+00
   5.1950000e+02   8.0000000e+00
   5.1975000e+02   8.0000000e+00
   5.2000000e+02   8.0000000e+00
   5.2025000e+02   8.0000000e+00
   5.2050000e+02   8.0000000e+00
   5.2075000e+02   8.0000000e+00
   5.2100000e+02   8.0000000e+00
   5.2125000e+02   8.0000000e+00
   5.2150000e+02   8.0000000e+00
   5.2175000e+02   8.0000000e+00
   5.2200000e+02   8.0000000e+00
   5.2225000e+02   8.0000000e+00
   5.2250000e+02   8.0000000e+00
   5.2275000e+02   8.0000000e+00
   5.2300000e+02   8.0000000e+00
   5.2325000e+02   8.0000000e+00
   5.2350000e+02   8.0000000e+00
   5.2375000e+02   8.0000000e+00
   5.2400000e+02   8.0000000e+00
   5.2425000e+02   8.0000000e+00
   5.2450000e+02   8.0000000e+00
   5.2475000e+02   8.0000000e+00
   5.2500000e+02   8.0000000e+00
   5.2525000e+02   8.0000000e+00
   5.2550000e+02   8.0000000e+00
   5.2575000e+02   8.0000000e+00
   5.2600000e+02   8.0000000e+00
   5.2625000e+02   8.0000000e+00
   5.2650000e+02   8.0000000e+00
   5.2675000e+02   8.0000000e+00
   5.2700000e+02   8.0000000e+00
   5.2725000e+02   8.0000000e+00
   5.2750000e+02   8.0000000e+00
   5.2775000e+02   8.0000000e+00
   5.2800000e+02   8.0000000e+00
   5.2825000e+02   8.0000000e+00
   5.2850000e+02   8.0000000e+00
   5.2875000e+02   8.0000000e+00
   5.2900000e+02   8.0000000e+00
   5.2925000e+02   8.0000000e+00
   5.2950000e+02   8.0000000e+00
   5.2975000e+02   8.0000000e+00
   5.3000000e+02   8.0000000e+00
   5.3025000e+02   8.0000000e+00
   5.3050000e+02   8.0000000e+00
   5.3075000e+02   8.0000000e+00
   5.3100000e+02   8.0000000e+00
   5.3125000e+02   8.0000000e+00
   5.3150000e+02   8.0000000e+00
   5.3175000e+02   8.0000000e+00
   5.3200000e+02   8.0000000e+00
   5.3225000e+02   8.0000000e+00
   5.3250000e+02   8.0000000e+00
   5.3275000e+02   8.0000000e+00
   5.3300000e+02   8.0000000e+00
   5.3325000e+02   8.0000000e+00
   5.3350000e+02   8.0000000e+00
   5.3375000e+02   8.0000000e+00
   5.3400000e+02   8.0000000e+00
   5.3425000e+02   8.0000000e+00
   5.3450000e+02   8.0000000e+00
   5.3475000e+02   8.0000000e+00
   5.3500000e+02   8.0000000e+00
   5.3525000e+02   8.0000000e+00
   5.3550000e+02   8.0000000e+00
   5.3575000e+02   8.0000000e+00
   5.3600000e+02   8.0000000e+00
   5.3625000e+02   8.0000000e+00
   5.3650000e+02   8.0000000e+00
   5.3675000e+02   8.0000000e+00
   5.3700000e+02   8.0000000e+00
   5.3725000e+02   8.0000000e+00
   5.3750000e+02   8.0000000e+00
   5.3775000e+02   8.0000000e+00
   5.3800000e+02   8.0000000e+00
   5.3825000e+02   8.0000000e+00
   5.3850000e+02   8.0000000e+00
   5.3875000e+02   8.0000000e+00
   5.3900000e+02   8.0000000e+00
   5.3925000e+02   8.0000000e+00
   5.3950000e+02   8.0000000e+00
   5.3975000e+02   8.0000000e+00
   5.4000000e+02   8.0000000e+00
   5.4025000e+02   8.0000000e+00
   5.4050000e+02   8.0000000e+00
   5.4075000e+02   8.0000000e+00
   5.4100000e+02   8.0000000e+00
   5.4125000e+02   8.0000000e+00
   5.4150000e+02   8.0000000e+00
   5.4175000e+02   8.0000000e+00
   5.4200000e+02   8.0000000e+00
   5.4225000e+02   8.0000000e+00
   5.4250000e+02   8.0000000e+00
   5.4275000e+02   8.0000000e+00
   5.4300000e+02   8.0000000e+00
   5.4325000e+02   8.0000000e+00
   5.4350000e+02   8.0000000e+00
   5.4375000e+02   8.0000000e+00
   5.4400000e+02   8.0000000e+00
   5.4425000e+02   8.0000000e+00
   5.4450000e+02   8.0000000e+00
   5.4475000e+02   8.0000000e+00
   5.4500000e+02   8.0000000e+00
   5.4525000e+02   8.0000000e+00
   5.4550000e+02   8.0000000e+00
   5.4575000e+02   8.0000000e+00
   5.4600000e+02   8.0000000e+00
   5.4625000e+02   8.0000000e+00
   5.4650000e+02   8.0000000e+00
   5.4675000e+02   8.0000000e+00
   5.4700000e+02   8.0000000e+00
   5.4725000e+02   8.0000000e+00
   5.4750000e+02   8.0000000e+00
   5.4775000e+02   8.0000000e+00
   5.4800000e+02   8.0000000e+00
   5.4825000e+02   8.0000000e+00
   5.4850000e+02   8.0000000e+00
   5.4875000e+02   8.0000000e+00
   5.4900000e+02   8.0000000e+00
   5.4925000e+02   8.0000000e+00
   5.4950000e+02   8.0000000e+00
   5.4975000e+02   8.0000000e+00
   5.5000000e+02   8.0000000e+00
   5.5025000e+02   8.0000000e+00
   5.5050000e+02   8.0000000e+00
   5.5075000e+02   8.0000000e+00
   5.5100000e+02   8.0000000e+00
   5.5125000e+02   8.0000000e+00
   5.5150000e+02   8.0000000e+00
   5.5175000e+02   8.0000000e+00
   5.5200000e+02   8.0000000e+00
   5.5225000e+02   8.0000000e+00
   5.5250000e+02   8.0000000e+00
   5.5275000e+02   8.0000000e+00
   5.5300000e+02   8.0000000e+00
   5.5325000e+02   8.0000000e+00
   5.5350000e+02   8.0000000e+00
   5.5375000e+02   8.0000000e+00
   5.5400000e+02   8.0000000e+00
   5.5425000e+02   8.0000000e+00
   5.5450000e+02   8.0000000e+00
   5.5475000e+02   8.0000000e+00
   5.5500000e+02   8.0000000e+00
   5.5525000e+02   8.0000000e+00
   5.5550000e+02   8.0000000e+00
   5.5575000e+02   8.0000000e+00
   5.5600000e+02   8.0000000e+00
   5.5625000e+02   8.0000000e+00
   5.5650000e+02   8.0000000e+00
   5.5675000e+02   8.0000000e+00
   5.5700000e+02   8.0000000e+00
   5.5725000e+02   8.0000000e+00
   5.5750000e+02   8.0000000e+00
   5.5775000e+02   8.0000000e+00
   5.5800000e+02   8.0000000e+00
   5.5825000e+02   8.0000000e+00
   5.5850000e+02   8.0000000e+00
   5.5875000e+02   8.0000000e+00
   5.5900000e+02   8.0000000e+00
   5.5925000e+02   8.0000000e+00
   5.5950000e+02   8.0000000e+00
   5.5975000e+02   8.0000000e+00
   5.6000000e+02   8.0000000e+00
   5.6025000e+02   8.0000000e+00
   5.6050000e+02   8.0000000e+00
   5.6075000e+02   8.0000000e+00
   5.6100000e+02   8.0000000e+00
   5.6125000e+02   8.0000000e+00
   5.6150000e+02   8.0000000e+00
   5.6175000e+02   8.0000000e+00
   5.6200000e+02   8.0000000e+00
   5.6225000e+02   8.0000000e+00
   5.6250000e+02   8.0000000e+00
   5.6275000e+02   8.0000000e+00
   5.6300000e+02   8.0000000e+00
   5.6325000e+02   8.0000000e+00
   5.6350000e+02   8.0000000e+00
   5.6375000e+02   8.0000000e+00
   5.6400000e+02   8.0000000e+00
   5.6425000e+02   8.0000000e+00
   5.6450000e+02   8.0000000e+00
   5.6475000e+02   8.0000000e+00
   5.6500000e+02   8.0000000e+00
   5.6525000e+02   8.0000000e+00
   5.6550000e+02   8.0000000e+00
   5.6575000e+02   8.0000000e+00
   5.6600000e+02   8.0000000e+00
   5.6625000e+02   8.0000000e+00
   5.6650000e+02   8.0000000e+00
   5.6675000e+02   8.0000000e+00
   5.6700000e+02   8.0000000e+00
   5.6725000e+02   8.0000000e+00
   5.6750000e+02   8.0000000e+00
   5.6775000e+02   8.0000000e+00
   5.6800000e+02   8.0000000e+00
   5.6825000e+02   8.0000000e+00
   5.6850000e+02   8.0000000e+00
   5.6875000e+02   8.0000000e+00
   5.6900000e+02   8.0000000e+00
   5.6925000e+02   8.0000000e+00
   5.6950000e+02   8.0000000e+00
   5.6975000e+02   8.0000000e+00
   5.7000000e+02   8.0000000e+00
   5.7025000e+02   8.0000000e+00
   5.7050000e+02   8.0000000e+00
   5.7075000e+02   8.0000000e+00
   5.7100000e+02   8.0000000e+00
   5.7125000e+02   8.0000000e+00
   5.7150000e+02   8.0000000e+00
   5.7175000e+02   8.0000000e+00
   5.7200000e+02   8.0000000e+00
   5.7225000e+02   8.0000000e+00
   5.7250000e+02   8.0000000e+00
   5.7275000e+02   8.0000000e+00
   5.7300000e+02   8.0000000e+00
   5.7325000e+02   8.0000000e+00
   5.7350000e+02   8.0000000e+00
   5.7375000e+02   8.0000000e+00
   5.7400000e+02   8.0000000e+00
   5.7425000e+02   8.0000000e+00
   5.7450000e+02   8.0000000e+00
   5.7475000e+02   8.0000000e+00
   5.7500000e+02   8.0000000e+00
   5.7525000e+02   8.0000000e+00
   5.7550000e+02   8.0000000e+00
   5.7575000e+02   8.0000000e+00
   5.7600000e+02   8.0000000e+00
   5.7625000e+02   8.0000000e+00
   5.7650000e+02   8.0000000e+00
   5.7675000e+02   8.0000000e+00
   5.7700000e+02   8.0000000e+00
   5.7725000e+02   8.0000000e+00
   5.7750000e+02   8.0000000e+00
   5.7775000e+02   8.0000000e+00
   5.7800000e+02   8.0000000e+00
   5.7825000e+02   8.0000000e+00
   5.7850000e+02   8.0000000e+00
   5.7875000e+02   8.0000000e+00
   5.7900000e+02   8.0000000e+00
   5.7925000e+02   8.0000000e+00
   5.7950000e+02   8.0000000e+00
   5.7975000e+02   8.0000000e+00
   5.8000000e+02   8.0000000e+00
   5.8025000e+02   8.0000000e+00
   5.8050000e+02   8.0000000e+00
   5.8075000e+02   8.0000000e+00
   5.8100000e+02   8.0000000e+00
   5.8125000e+02   8.0000000e+00
   5.8150000e+02   8.0000000e+00
   5.8175000e+02   8.0000000e+00
   5.8200000e+02   8.0000000e+00
   5.8225000e+02   8.0000000e+00
   5.8250000e+02   8.0000000e+00
   5.8275000e+02   8.0000000e+00
   5.8300000e+02   8.0000000e+00
   5.8325000e+02   8.0000000e+00
   5.8350000e+02   8.0000000e+00
   5.8375000e+02   8.0000000e+00
   5.8400000e+02   8.0000000e+00
   5.8425000e+02   8.0000000e+00
   5.8450000e+02   8.0000000e+00
   5.8475000e+02   8.0000000e+00
   5.8500000e+02   8.0000000e+00
   5.8525000e+02   8.0000000e+00
   5.8550000e+02   8.0000000e+00
   5.8575000e+02   8.0000000e+00
   5.8600000e+02   8.0000000e+00
   5.8625000e+02   8.0000000e+00
   5.8650000e+02   8.0000000e+00
   5.8675000e+02   8.0000000e+00
   5.8700000e+02   8.0000000e+00
   5.8725000e+02   8.0000000e+00
   5.8750000e+02   8.0000000e+00
   5.8775000e+02   8.0000000e+00
   5.8800000e+02   8.0000000e+00
   5.8825000e+02   8.0000000e+00
   5.8850000e+02   8.0000000e+00
   5.8875000e+02   8.0000000e+00
   5.8900000e+02   8.0000000e+00
   5.8925000e+02   8.0000000e+00
   5.8950000e+02   8.0000000e+00
   5.8975000e+02   8.0000000e+00
   5.9000000e+02   8.0000000e+00
   5.9025000e+02   8.0000000e+00
   5.9050000e+02   8.0000000e+00
   5.9075000e+02   8.0000000e+00
   5.9100000e+02   8.0000000e+00
   5.9125000e+02   8.0000000e+00
   5.9150000e+02   8.0000000e+00
   5.9175000e+02   8.0000000e+00
   5.9200000e+02   8.0000000e+00
   5.9225000e+02   8.0000000e+00
   5.9250000e+02   8.0000000e+00
   5.9275000e+02   8.0000000e+00
   5.9300000e+02   8.0000000e+00
   5.9325000e+02   8.0000000e+00
   5.9350000e+02   8.0000000e+00
   5.9375000e+02   8.0000000e+00
   5.9400000e+02   8.0000000e+00
   5.9425000e+02   8.0000000e+00
   5.9450000e+02   8.0000000e+00
   5.9475000e+02   8.0000000e+00
   5.9500000e+02   8.0000000e+00
   5.9525000e+02   8.0000000e+00
   5.9550000e+02   8.0000000e+00
   5.9575000e+02   8.0000000e+00
   5.9600000e+02   8.0000000e+00
   5.9625000e+02   8.0000000e+00
   5.9650000e+02   8.0000000e+00
   5.9675000e+02   8.0000000e+00
   5.9700000e+02   8.0000000e+00
   5.9725000e+02   8.0000000e+00
   5.9750000e+02   8.0000000e+00
   5.9775000e+02   8.0000000e+00
   5.9800000e+02   8.0000000e+00
   5.9825000e+02   8.0000000e+00
   5.9850000e+02   8.0000000e+00
   5.9875000e+02   8.0000000e+00
   5.9900000e+02   8.0000000e+00
   5.9925000e+02   8.0000000e+00
   5.9950000e+02   8.0000000e+00
   5.9975000e+02   8.0000000e+00
   6.0000000e+02   8.0000000e+00
