   0.0000000e+00   5.0000000e+01
   2.5000000e-01   4.8814876e+01
   5.0000000e-01   4.7659012e+01
   7.5000000e-01   4.6531687e+01
   1.0000000e+00   4.5432196e+01
   1.2500000e+00   4.4359851e+01
   1.5000000e+00   4.3313983e+01
   1.7500000e+00   4.2293937e+01
   2.0000000e+00   4.1299076e+01
   2.2500000e+00   4.0328779e+01
   2.5000000e+00   3.9382438e+01
   2.7500000e+00   3.8459462e+01
   3.0000000e+00   3.7559275e+01
   3.2500000e+00   3.6681313e+01
   3.5000000e+00   3.5825028e+01
   3.7500000e+00   3.4989885e+01
   4.0000000e+00   3.4175362e+01
   4.2500000e+00   3.3380950e+01
   4.5000000e+00   3.2606151e+01
   4.7500000e+00   3.1850483e+01
   5.0000000e+00   3.1113472e+01
   5.2500000e+00   3.0394657e+01
   5.5000000e+00   2.9693591e+01
   5.7500000e+00   2.9009834e+01
   6.0000000e+00   2.8342959e+01
   6.2500000e+00   2.7692549e+01
   6.5000000e+00   2.7058197e+01
   6.7500000e+00   2.6439508e+01
   7.0000000e+00   2.5836095e+01
   7.2500000e+00   2.5247579e+01
   7.5000000e+00   2.4673595e+01
   7.7500000e+00   2.4113781e+01
   8.0000000e+00   2.3567790e+01
   8.2500000e+00   2.3035280e+01
   8.5000000e+00   2.2515917e+01
   8.7500000e+00   2.2009377e+01
   9.0000000e+00   2.1515344e+01
   9.2500000e+00   2.1033508e+01
   9.5000000e+00   2.0563569e+01
   9.7500000e+00   2.0105233e+01
   1.0000000e+01   1.9658213e+01
   1.0250000e+01   1.9222230e+01
   1.0500000e+01   1.8797012e+01
   1.0750000e+01   1.8382292e+01
   1.1000000e+01   1.7977812e+01
   1.1250000e+01   1.7583318e+01
   1.1500000e+01   1.7198565e+01
   1.1750000e+01   1.6823311e+01
   1.2000000e+01   1.6457322e+01
   1.2250000e+01   1.6100370e+01
   1.2500000e+01   1.5752230e+01
   1.2750000e+01   1.5412686e+01
   1.3000000e+01   1.5081526e+01
   1.3250000e+01   1.4758542e+01
   1.3500000e+01   1.4443533e+01
   1.3750000e+01   1.4136301e+01
   1.4000000e+01   1.3836654e+01
   1.4250000e+01   1.3544406e+01
   1.4500000e+01   1.3259374e+01
   1.4750000e+01   1.2981379e+01
   1.5000000e+01   1.2710248e+01
   1.5250000e+01   1.2445811e+01
   1.5500000e+01   1.2187903e+01
   1.5750000e+01   1.1936363e+01
   1.6000000e+01   1.1691033e+01
   1.6250000e+01   1.1451760e+01
   1.6500000e+01   1.1218396e+01
   1.6750000e+01   1.0990793e+01
   1.7000000e+01   1.0768809e+01
   1.7250000e+01   1.0552306e+01
   1.7500000e+01   1.0341149e+01
   1.7750000e+01   1.0135206e+01
   1.8000000e+01   9.9343466e+00
   1.8250000e+01   9.7384469e+00
   1.8500000e+01   9.5473840e+00
   1.8750000e+01   9.3610384e+00
   1.9000000e+01   9.1792937e+00
   1.9250000e+01   9.0020363e+00
   1.9500000e+01   8.8291554e+00
   1.9750000e+01   8.6605430e+00
   2.0000000e+01   8.4960936e+00
   2.0250000e+01   8.3357045e+00
   2.0500000e+01   8.1792754e+00
   2.0750000e+01   8.0267085e+00
   2.1000000e+01   7.8779086e+00
   2.1250000e+01   7.7327825e+00
   2.1500000e+01   7.5912396e+00
   2.1750000e+01   7.4531914e+00
   2.2000000e+01   7.3185516e+00
   2.2250000e+01   7.1872361e+00
   2.2500000e+01   7.0591628e+00
   2.2750000e+01   6.9342516e+00
   2.3000000e+01   6.8124245e+00
   2.3250000e+01   6.6936053e+00
   2.3500000e+01   6.5777198e+00
   2.3750000e+01   6.4646955e+00
   2.4000000e+01   6.3544618e+00
   2.4250000e+01   6.2469497e+00
   2.4500000e+01   6.1420922e+00
   2.4750000e+01   6.0398235e+00
   2.5000000e+01   5.9400799e+00
   2.5250000e+01   5.8427990e+00
   2.5500000e+01   5.7479200e+00
   2.5750000e+01   5.6553835e+00
   2.6000000e+01   5.5651318e+00
   2.6250000e+01   5.4771083e+00
   2.6500000e+01   5.3912582e+00
   2.6750000e+01   5.3075278e+00
   2.7000000e+01   5.2258646e+00
   2.7250000e+01   5.1462177e+00
   2.7500000e+01   5.0685373e+00
   2.7750000e+01   4.9927749e+00
   2.8000000e+01   4.9188830e+00
   2.8250000e+01   4.8468155e+00
   2.8500000e+01   4.7765274e+00
   2.8750000e+01   4.7079747e+00
   2.9000000e+01   4.6411146e+00
   2.9250000e+01   4.5759052e+00
   2.9500000e+01   4.5123059e+00
   2.9750000e+01   4.4502768e+00
   3.0000000e+01   4.3897793e+00
   3.0250000e+01   4.3307754e+00
   3.0500000e+01   4.2732284e+00
   3.0750000e+01   4.2171022e+00
   3.1000000e+01   4.1623617e+00
   3.1250000e+01   4.1089728e+00
   3.1500000e+01   4.0569021e+00
   3.1750000e+01   4.0061170e+00
   3.2000000e+01   3.9565858e+00
   3.2250000e+01   3.9082775e+00
   3.2500000e+01   3.8611620e+00
   3.2750000e+01   3.8152097e+00
   3.3000000e+01   3.7703920e+00
   3.3250000e+01   3.7266809e+00
   3.3500000e+01   3.6840490e+00
   3.3750000e+01   3.6424697e+00
   3.4000000e+01   3.6019170e+00
   3.4250000e+01   3.5623655e+00
   3.4500000e+01   3.5237905e+00
   3.4750000e+01   3.4861680e+00
   3.5000000e+01   3.4494744e+00
   3.5250000e+01   3.4136868e+00
   3.5500000e+01   3.3787827e+00
   3.5750000e+01   3.3447404e+00
   3.6000000e+01   3.3115387e+00
   3.6250000e+01   3.2791567e+00
   3.6500000e+01   3.2475742e+00
   3.6750000e+01   3.2167715e+00
   3.7000000e+01   3.1867293e+00
   3.7250000e+01   3.1574288e+00
   3.7500000e+01   3.1288518e+00
   3.7750000e+01   3.1009804e+00
   3.8000000e+01   3.0737970e+00
   3.8250000e+01   3.0472849e+00
   3.8500000e+01   3.0214273e+00
   3.8750000e+01   2.9962082e+00
   3.9000000e+01   2.9716117e+00
   3.9250000e+01   2.9476226e+00
   3.9500000e+01   2.9242257e+00
   3.9750000e+01   2.9014065e+00
   4.0000000e+01   2.8791507e+00
   4.0250000e+01   2.8574444e+00
   4.0500000e+01   2.8362740e+00
   4.0750000e+01   2.8156263e+00
   4.1000000e+01   2.7954884e+00
   4.1250000e+01   2.7758477e+00
   4.1500000e+01   2.7566920e+00
   4.1750000e+01   2.7380092e+00
   4.2000000e+01   2.7197877e+00
   4.2250000e+01   2.7020161e+00
   4.2500000e+01   2.6846832e+00
   4.2750000e+01   2.6677783e+00
   4.3000000e+01   2.6512908e+00
   4.3250000e+01   2.6352104e+00
   4.3500000e+01   2.6195270e+00
   4.3750000e+01   2.6042308e+00
   4.4000000e+01   2.5893123e+00
   4.4250000e+01   2.5747621e+00
   4.4500000e+01   2.5605712e+00
   4.4750000e+01   2.5467307e+00
   4.5000000e+01   2.5332318e+00
   4.5250000e+01   2.5200663e+00
   4.5500000e+01   2.5072258e+00
   4.5750000e+01   2.4947024e+00
   4.6000000e+01   2.4824881e+00
   4.6250000e+01   2.4705754e+00
   4.6500000e+01   2.4589569e+00
   4.6750000e+01   2.4476252e+00
   4.7000000e+01   2.4365733e+00
   4.7250000e+01   2.4257943e+00
   4.7500000e+01   2.4152814e+00
   4.7750000e+01   2.4050280e+00
   4.8000000e+01   2.3950279e+00
   4.8250000e+01   2.3852746e+00
   4.8500000e+01   2.3757621e+00
   4.8750000e+01   2.3664845e+00
   4.9000000e+01   2.3574360e+00
   4.9250000e+01   2.3486109e+00
   4.9500000e+01   2.3400036e+00
   4.9750000e+01   2.3316089e+00
   5.0000000e+01   2.3234215e+00
   5.0250000e+01   2.3154362e+00
   5.0500000e+01   2.3076480e+00
   5.0750000e+01   2.3000521e+00
   5.1000000e+01   2.2926438e+00
   5.1250000e+01   2.2854184e+00
   5.1500000e+01   2.2783714e+00
   5.1750000e+01   2.2714984e+00
   5.2000000e+01   2.2647951e+00
   5.2250000e+01   2.2582573e+00
   5.2500000e+01   2.2518809e+00
   5.2750000e+01   2.2456619e+00
   5.3000000e+01   2.2395965e+00
   5.3250000e+01   2.2336808e+00
   5.3500000e+01   2.2279112e+00
   5.3750000e+01   2.2222841e+00
   5.4000000e+01   2.2167959e+00
   5.4250000e+01   2.2114432e+00
   5.4500000e+01   2.2062226e+00
   5.4750000e+01   2.2011310e+00
   5.5000000e+01   2.1961650e+00
   5.5250000e+01   2.1913217e+00
   5.5500000e+01   2.1865979e+00
   5.5750000e+01   2.1819908e+00
   5.6000000e+01   2.1774975e+00
   5.6250000e+01   2.1731150e+00
   5.6500000e+01   2.1688408e+00
   5.6750000e+01   2.1646721e+00
   5.7000000e+01   2.1606063e+00
   5.7250000e+01   2.1566410e+00
   5.7500000e+01   2.1527735e+00
   5.7750000e+01   2.1490015e+00
   5.8000000e+01   2.1453226e+00
   5.8250000e+01   2.1417346e+00
   5.8500000e+01   2.1382352e+00
   5.8750000e+01   2.1348221e+00
   5.9000000e+01   2.1314934e+00
   5.9250000e+01   2.1282468e+00
   5.9500000e+01   2.1250803e+00
   5.9750000e+01   2.1219921e+00
   6.0000000e+01   2.1189801e+00
   6.0250000e+01   2.1160425e+00
   6.0500000e+01   2.1131774e+00
   6.0750000e+01   2.1103830e+00
   6.1000000e+01   2.1076577e+00
   6.1250000e+01   2.1049996e+00
   6.1500000e+01   2.1024071e+00
   6.1750000e+01   2.0998787e+00
   6.2000000e+01   2.0974127e+00
   6.2250000e+01   2.0950075e+00
   6.2500000e+01   2.0926618e+00
   6.2750000e+01   2.0903740e+00
   6.3000000e+01   2.0881426e+00
   6.3250000e+01   2.0859664e+00
   6.3500000e+01   2.0838439e+00
   6.3750000e+01   2.0817738e+00
   6.4000000e+01   2.0797547e+00
   6.4250000e+01   2.0777856e+00
   6.4500000e+01   2.0758651e+00
   6.4750000e+01   2.0739919e+00
   6.5000000e+01   2.0721651e+00
   6.5250000e+01   2.0703833e+00
   6.5500000e+01   2.0686455e+00
   6.5750000e+01   2.0669507e+00
   6.6000000e+01   2.0652977e+00
   6.6250000e+01   2.0636855e+00
   6.6500000e+01   2.0621131e+00
   6.6750000e+01   2.0605795e+00
   6.7000000e+01   2.0590838e+00
   6.7250000e+01   2.0576250e+00
   6.7500000e+01   2.0562022e+00
   6.7750000e+01   2.0548146e+00
   6.8000000e+01   2.0534612e+00
   6.8250000e+01   2.0521412e+00
   6.8500000e+01   2.0508539e+00
   6.8750000e+01   2.0495983e+00
   6.9000000e+01   2.0483737e+00
   6.9250000e+01   2.0471793e+00
   6.9500000e+01   2.0460145e+00
   6.9750000e+01   2.0448784e+00
   7.0000000e+01   2.0437703e+00
   7.0250000e+01   2.0426896e+00
   7.0500000e+01   2.0416356e+00
   7.0750000e+01   2.0406076e+00
   7.1000000e+01   2.0396050e+00
   7.1250000e+01   2.0386272e+00
   7.1500000e+01   2.0376735e+00
   7.1750000e+01   2.0367433e+00
   7.2000000e+01   2.0358361e+00
   7.2250000e+01   2.0349513e+00
   7.2500000e+01   2.0340884e+00
   7.2750000e+01   2.0332467e+00
   7.3000000e+01   2.0324259e+00
   7.3250000e+01   2.0316253e+00
   7.3500000e+01   2.0308444e+00
   7.3750000e+01   2.0300829e+00
   7.4000000e+01   2.0293401e+00
   7.4250000e+01   2.0286157e+00
   7.4500000e+01   2.0279092e+00
   7.4750000e+01   2.0272201e+00
   7.5000000e+01   2.0265480e+00
   7.5250000e+01   2.0258926e+00
   7.5500000e+01   2.0252533e+00
   7.5750000e+01   2.0246298e+00
   7.6000000e+01   2.0240217e+00
   7.6250000e+01   2.0234286e+00
   7.6500000e+01   2.0228501e+00
   7.6750000e+01   2.0222859e+00
   7.7000000e+01   2.0217357e+00
   7.7250000e+01   2.0211990e+00
   7.7500000e+01   2.0206756e+00
   7.7750000e+01   2.0201652e+00
   7.8000000e+01   2.0196673e+00
   7.8250000e+01   2.0191817e+00
   7.8500000e+01   2.0187081e+00
   7.8750000e+01   2.0182462e+00
   7.9000000e+01   2.0177957e+00
   7.9250000e+01   2.0173563e+00
   7.9500000e+01   2.0169278e+00
   7.9750000e+01   2.0165098e+00
   8.0000000e+01   2.0161022e+00
   8.0250000e+01   2.0157046e+00
   8.0500000e+01   2.0153169e+00
   8.0750000e+01   2.0149387e+00
   8.1000000e+01   2.0145699e+00
   8.1250000e+01   2.0142101e+00
   8.1500000e+01   2.0138593e+00
   8.1750000e+01   2.0135171e+00
   8.2000000e+01   2.0131834e+00
   8.2250000e+01   2.0128579e+00
   8.2500000e+01   2.0125404e+00
   8.2750000e+01   2.0122308e+00
   8.3000000e+01   2.0119288e+00
   8.3250000e+01   2.0116343e+00
   8.3500000e+01   2.0113470e+00
   8.3750000e+01   2.0110669e+00
   8.4000000e+01   2.0107936e+00
   8.4250000e+01   2.0105271e+00
   8.4500000e+01   2.0102672e+00
   8.4750000e+01   2.0100137e+00
   8.5000000e+01   2.0097665e+00
   8.5250000e+01   2.0095253e+00
   8.5500000e+01   2.0092902e+00
   8.5750000e+01   2.0090608e+00
   8.6000000e+01   2.0088371e+00
   8.6250000e+01   2.0086189e+00
   8.6500000e+01   2.0084061e+00
   8.6750000e+01   2.0081985e+00
   8.7000000e+01   2.0079961e+00
   8.7250000e+01   2.0077987e+00
   8.7500000e+01   2.0076061e+00
   8.7750000e+01   2.0074183e+00
   8.8000000e+01   2.0072352e+00
   8.8250000e+01   2.0070566e+00
   8.8500000e+01   2.0068823e+00
   8.8750000e+01   2.0067124e+00
   8.9000000e+01   2.0065467e+00
   8.9250000e+01   2.0063850e+00
   8.9500000e+01   2.0062274e+00
   8.9750000e+01   2.0060736e+00
   9.0000000e+01   2.0059237e+00
   9.0250000e+01   2.0057774e+00
   9.0500000e+01   2.0056348e+00
   9.0750000e+01   2.0054956e+00
   9.1000000e+01   2.0053600e+00
   9.1250000e+01   2.0052276e+00
   9.1500000e+01   2.0050986e+00
   9.1750000e+01   2.0049727e+00
   9.2000000e+01   2.0048499e+00
   9.2250000e+01   2.0047301e+00
   9.2500000e+01   2.0046134e+00
   9.2750000e+01   2.0044995e+00
   9.3000000e+01   2.0043884e+00
   9.3250000e+01   2.0042800e+00
   9.3500000e+01   2.0041743e+00
   9.3750000e+01   2.0040713e+00
   9.4000000e+01   2.0039708e+00
   9.4250000e+01   2.0038727e+00
   9.4500000e+01   2.0037771e+00
   9.4750000e+01   2.0036838e+00
   9.5000000e+01   2.0035929e+00
   9.5250000e+01   2.0035042e+00
   9.5500000e+01   2.0034177e+00
   9.5750000e+01   2.0033333e+00
   9.6000000e+01   2.0032510e+00
   9.6250000e+01   2.0031707e+00
   9.6500000e+01   2.0030924e+00
   9.6750000e+01   2.0030161e+00
   9.7000000e+01   2.0029416e+00
   9.7250000e+01   2.0028690e+00
   9.7500000e+01   2.0027981e+00
   9.7750000e+01   2.0027291e+00
   9.8000000e+01   2.0026617e+00
   9.8250000e+01   2.0025960e+00
   9.8500000e+01   2.0025319e+00
   9.8750000e+01   2.0024694e+00
   9.9000000e+01   2.0024084e+00
   9.9250000e+01   2.0023489e+00
   9.9500000e+01   2.0022909e+00
   9.9750000e+01   2.0022344e+00
   1.0000000e+02   2.0021792e+00
   1.0025000e+02   2.0021254e+00
   1.0050000e+02   2.0020729e+00
   1.0075000e+02   2.0020217e+00
   1.0100000e+02   2.0019718e+00
   1.0125000e+02   2.0019231e+00
   1.0150000e+02   2.0018757e+00
   1.0175000e+02   2.0018293e+00
   1.0200000e+02   2.0017842e+00
   1.0225000e+02   2.0017401e+00
   1.0250000e+02   2.0016972e+00
   1.0275000e+02   2.0016553e+00
   1.0300000e+02   2.0016144e+00
   1.0325000e+02   2.0015745e+00
   1.0350000e+02   2.0015357e+00
   1.0375000e+02   2.0014977e+00
   1.0400000e+02   2.0014608e+00
   1.0425000e+02   2.0014247e+00
   1.0450000e+02   2.0013895e+00
   1.0475000e+02   2.0013552e+00
   1.0500000e+02   2.0013217e+00
   1.0525000e+02   2.0012891e+00
   1.0550000e+02   2.0012573e+00
   1.0575000e+02   2.0012262e+00
   1.0600000e+02   2.0011960e+00
   1.0625000e+02   2.0011664e+00
   1.0650000e+02   2.0011376e+00
   1.0675000e+02   2.0011096e+00
   1.0700000e+02   2.0010822e+00
   1.0725000e+02   2.0010554e+00
   1.0750000e+02   2.0010294e+00
   1.0775000e+02   2.0010040e+00
   1.0800000e+02   2.0009792e+00
   1.0825000e+02   2.0009550e+00
   1.0850000e+02   2.0009314e+00
   1.0875000e+02   2.0009084e+00
   1.0900000e+02   2.0008860e+00
   1.0925000e+02   2.0008641e+00
   1.0950000e+02   2.0008428e+00
   1.0975000e+02   2.0008220e+00
   1.1000000e+02   2.0008017e+00
   1.1025000e+02   2.0007819e+00
   1.1050000e+02   2.0007626e+00
   1.1075000e+02   2.0007438e+00
   1.1100000e+02   2.0007254e+00
   1.1125000e+02   2.0007075e+00
   1.1150000e+02   2.0006900e+00
   1.1175000e+02   2.0006730e+00
   1.1200000e+02   2.0006564e+00
   1.1225000e+02   2.0006402e+00
   1.1250000e+02   2.0006244e+00
   1.1275000e+02   2.0006089e+00
   1.1300000e+02   2.0005939e+00
   1.1325000e+02   2.0005792e+00
   1.1350000e+02   2.0005649e+00
   1.1375000e+02   2.0005510e+00
   1.1400000e+02   2.0005374e+00
   1.1425000e+02   2.0005241e+00
   1.1450000e+02   2.0005112e+00
   1.1475000e+02   2.0004986e+00
   1.1500000e+02   2.0004862e+00
   1.1525000e+02   2.0004742e+00
   1.1550000e+02   2.0004625e+00
   1.1575000e+02   2.0004511e+00
   1.1600000e+02   2.0004400e+00
   1.1625000e+02   2.0004291e+00
   1.1650000e+02   2.0004185e+00
   1.1675000e+02   2.0004082e+00
   1.1700000e+02   2.0003981e+00
   1.1725000e+02   2.0003883e+00
   1.1750000e+02   2.0003787e+00
   1.1775000e+02   2.0003693e+00
   1.1800000e+02   2.0003602e+00
   1.1825000e+02   2.0003513e+00
   1.1850000e+02   2.0003427e+00
   1.1875000e+02   2.0003342e+00
   1.1900000e+02   2.0003259e+00
   1.1925000e+02   2.0003179e+00
   1.1950000e+02   2.0003100e+00
   1.1975000e+02   2.0003024e+00
   1.2000000e+02   2.0002949e+00
   1.2025000e+02   2.0002876e+00
   1.2050000e+02   2.0002805e+00
   1.2075000e+02   2.0002736e+00
   1.2100000e+02   2.0002669e+00
   1.2125000e+02   2.0002603e+00
   1.2150000e+02   2.0002538e+00
   1.2175000e+02   2.0002476e+00
   1.2200000e+02   2.0002415e+00
   1.2225000e+02   2.0002355e+00
   1.2250000e+02   2.0002297e+00
   1.2275000e+02   2.0002240e+00
   1.2300000e+02   2.0002185e+00
   1.2325000e+02   2.0002131e+00
   1.2350000e+02   2.0002078e+00
   1.2375000e+02   2.0002027e+00
   1.2400000e+02   2.0001977e+00
   1.2425000e+02   2.0001928e+00
   1.2450000e+02   2.0001881e+00
   1.2475000e+02   2.0001834e+00
   1.2500000e+02   2.0001789e+00
   1.2525000e+02   2.0001745e+00
   1.2550000e+02   2.0001702e+00
   1.2575000e+02   2.0001660e+00
   1.2600000e+02   2.0001619e+00
   1.2625000e+02   2.0001579e+00
   1.2650000e+02   2.0001540e+00
   1.2675000e+02   2.0001502e+00
   1.2700000e+02   2.0001465e+00
   1.2725000e+02   2.0001428e+00
   1.2750000e+02   2.0001393e+00
   1.2775000e+02   2.0001359e+00
   1.2800000e+02   2.0001325e+00
   1.2825000e+02   2.0001292e+00
   1.2850000e+02   2.0001261e+00
   1.2875000e+02   2.0001229e+00
   1.2900000e+02   2.0001199e+00
   1.2925000e+02   2.0001169e+00
   1.2950000e+02   2.0001141e+00
   1.2975000e+02   2.0001112e+00
   1.3000000e+02   2.0001085e+00
   1.3025000e+02   2.0001058e+00
   1.3050000e+02   2.0001032e+00
   1.3075000e+02   2.0001007e+00
   1.3100000e+02   2.0000982e+00
   1.3125000e+02   2.0000957e+00
   1.3150000e+02   2.0000934e+00
   1.3175000e+02   2.0000911e+00
   1.3200000e+02   2.0000888e+00
   1.3225000e+02   2.0000866e+00
   1.3250000e+02   2.0000845e+00
   1.3275000e+02   2.0000824e+00
   1.3300000e+02   2.0000804e+00
   1.3325000e+02   2.0000784e+00
   1.3350000e+02   2.0000765e+00
   1.3375000e+02   2.0000746e+00
   1.3400000e+02   2.0000727e+00
   1.3425000e+02   2.0000709e+00
   1.3450000e+02   2.0000692e+00
   1.3475000e+02   2.0000675e+00
   1.3500000e+02   2.0000658e+00
   1.3525000e+02   2.0000642e+00
   1.3550000e+02   2.0000626e+00
   1.3575000e+02   2.0000611e+00
   1.3600000e+02   2.0000595e+00
   1.3625000e+02   2.0000581e+00
   1.3650000e+02   2.0000566e+00
   1.3675000e+02   2.0000552e+00
   1.3700000e+02   2.0000539e+00
   1.3725000e+02   2.0000525e+00
   1.3750000e+02   2.0000512e+00
   1.3775000e+02   2.0000500e+00
   1.3800000e+02   2.0000488e+00
   1.3825000e+02   2.0000475e+00
   1.3850000e+02   2.0000464e+00
   1.3875000e+02   2.0000452e+00
   1.3900000e+02   2.0000441e+00
   1.3925000e+02   2.0000430e+00
   1.3950000e+02   2.0000420e+00
   1.3975000e+02   2.0000409e+00
   1.4000000e+02   2.0000399e+00
   1.4025000e+02   2.0000389e+00
   1.4050000e+02   2.0000380e+00
   1.4075000e+02   2.0000370e+00
   1.4100000e+02   2.0000361e+00
   1.4125000e+02   2.0000352e+00
   1.4150000e+02   2.0000344e+00
   1.4175000e+02   2.0000335e+00
   1.4200000e+02   2.0000327e+00
   1.4225000e+02   2.0000319e+00
   1.4250000e+02   2.0000311e+00
   1.4275000e+02   2.0000303e+00
   1.4300000e+02   2.0000296e+00
   1.4325000e+02   2.0000288e+00
   1.4350000e+02   2.0000281e+00
   1.4375000e+02   2.0000274e+00
   1.4400000e+02   2.0000268e+00
   1.4425000e+02   2.0000261e+00
   1.4450000e+02   2.0000254e+00
   1.4475000e+02   2.0000248e+00
   1.4500000e+02   2.0000242e+00
   1.4525000e+02   2.0000236e+00
   1.4550000e+02   2.0000230e+00
   1.4575000e+02   2.0000225e+00
   1.4600000e+02   2.0000219e+00
   1.4625000e+02   2.0000214e+00
   1.4650000e+02   2.0000208e+00
   1.4675000e+02   2.0000203e+00
   1.4700000e+02   2.0000198e+00
   1.4725000e+02   2.0000193e+00
   1.4750000e+02   2.0000189e+00
   1.4775000e+02   2.0000184e+00
   1.4800000e+02   2.0000179e+00
   1.4825000e+02   2.0000175e+00
   1.4850000e+02   2.0000171e+00
   1.4875000e+02   2.0000166e+00
   1.4900000e+02   2.0000162e+00
   1.4925000e+02   2.0000158e+00
   1.4950000e+02   2.0000154e+00
   1.4975000e+02   2.0000151e+00
   1.5000000e+02   2.0000147e+00
   1.5025000e+02   2.0000143e+00
   1.5050000e+02   2.0000140e+00
   1.5075000e+02   2.0000136e+00
   1.5100000e+02   2.0000133e+00
   1.5125000e+02   2.0000130e+00
   1.5150000e+02   2.0000126e+00
   1.5175000e+02   2.0000123e+00
   1.5200000e+02   2.0000120e+00
   1.5225000e+02   2.0000117e+00
   1.5250000e+02   2.0000114e+00
   1.5275000e+02   2.0000112e+00
   1.5300000e+02   2.0000109e+00
   1.5325000e+02   2.0000106e+00
   1.5350000e+02   2.0000103e+00
   1.5375000e+02   2.0000101e+00
   1.5400000e+02   2.0000098e+00
   1.5425000e+02   2.0000096e+00
   1.5450000e+02   2.0000094e+00
   1.5475000e+02   2.0000091e+00
   1.5500000e+02   2.0000089e+00
   1.5525000e+02   2.0000087e+00
   1.5550000e+02   2.0000085e+00
   1.5575000e+02   2.0000083e+00
   1.5600000e+02   2.0000081e+00
   1.5625000e+02   2.0000079e+00
   1.5650000e+02   2.0000077e+00
   1.5675000e+02   2.0000075e+00
   1.5700000e+02   2.0000073e+00
   1.5725000e+02   2.0000071e+00
   1.5750000e+02   2.0000069e+00
   1.5775000e+02   2.0000068e+00
   1.5800000e+02   2.0000066e+00
   1.5825000e+02   2.0000064e+00
   1.5850000e+02   2.0000063e+00
   1.5875000e+02   2.0000061e+00
   1.5900000e+02   2.0000060e+00
   1.5925000e+02   2.0000058e+00
   1.5950000e+02   2.0000057e+00
   1.5975000e+02   2.0000055e+00
   1.6000000e+02   2.0000054e+00
   1.6025000e+02   2.0000053e+00
   1.6050000e+02   2.0000051e+00
   1.6075000e+02   2.0000050e+00
   1.6100000e+02   2.0000049e+00
   1.6125000e+02   2.0000048e+00
   1.6150000e+02   2.0000046e+00
   1.6175000e+02   2.0000045e+00
   1.6200000e+02   2.0000044e+00
   1.6225000e+02   2.0000043e+00
   1.6250000e+02   2.0000042e+00
   1.6275000e+02   2.0000041e+00
   1.6300000e+02   2.0000040e+00
   1.6325000e+02   2.0000039e+00
   1.6350000e+02   2.0000038e+00
   1.6375000e+02   2.0000037e+00
   1.6400000e+02   2.0000036e+00
   1.6425000e+02   2.0000035e+00
   1.6450000e+02   2.0000034e+00
   1.6475000e+02   2.0000034e+00
   1.6500000e+02   2.0000033e+00
   1.6525000e+02   2.0000032e+00
   1.6550000e+02   2.0000031e+00
   1.6575000e+02   2.0000030e+00
   1.6600000e+02   2.0000030e+00
   1.6625000e+02   2.0000029e+00
   1.6650000e+02   2.0000028e+00
   1.6675000e+02   2.0000028e+00
   1.6700000e+02   2.0000027e+00
   1.6725000e+02   2.0000026e+00
   1.6750000e+02   2.0000026e+00
   1.6775000e+02   2.0000025e+00
   1.6800000e+02   2.0000024e+00
   1.6825000e+02   2.0000024e+00
   1.6850000e+02   2.0000023e+00
   1.6875000e+02   2.0000023e+00
   1.6900000e+02   2.0000022e+00
   1.6925000e+02   2.0000021e+00
   1.6950000e+02   2.0000021e+00
   1.6975000e+02   2.0000020e+00
   1.7000000e+02   2.0000020e+00
   1.7025000e+02   2.0000019e+00
   1.7050000e+02   2.0000019e+00
   1.7075000e+02   2.0000018e+00
   1.7100000e+02   2.0000018e+00
   1.7125000e+02   2.0000018e+00
   1.7150000e+02   2.0000017e+00
   1.7175000e+02   2.0000017e+00
   1.7200000e+02   2.0000016e+00
   1.7225000e+02   2.0000016e+00
   1.7250000e+02   2.0000015e+00
   1.7275000e+02   2.0000015e+00
   1.7300000e+02   2.0000015e+00
   1.7325000e+02   2.0000014e+00
   1.7350000e+02   2.0000014e+00
   1.7375000e+02   2.0000014e+00
   1.7400000e+02   2.0000013e+00
   1.7425000e+02   2.0000013e+00
   1.7450000e+02   2.0000013e+00
   1.7475000e+02   2.0000012e+00
   1.7500000e+02   2.0000012e+00
   1.7525000e+02   2.0000012e+00
   1.7550000e+02   2.0000011e+00
   1.7575000e+02   2.0000011e+00
   1.7600000e+02   2.0000011e+00
   1.7625000e+02   2.0000011e+00
   1.7650000e+02   2.0000010e+00
   1.7675000e+02   2.0000010e+00
   1.7700000e+02   2.0000010e+00
   1.7725000e+02   2.0000010e+00
   1.7750000e+02   2.0000009e+00
   1.7775000e+02   2.0000009e+00
   1.7800000e+02   2.0000009e+00
   1.7825000e+02   2.0000009e+00
   1.7850000e+02   2.0000008e+00
   1.7875000e+02   2.0000008e+00
   1.7900000e+02   2.0000008e+00
   1.7925000e+02   2.0000008e+00
   1.7950000e+02   2.0000008e+00
   1.7975000e+02   2.0000007e+00
   1.8000000e+02   2.0000007e+00
   1.8025000e+02   2.0000007e+00
   1.8050000e+02   2.0000007e+00
   1.8075000e+02   2.0000007e+00
   1.8100000e+02   2.0000007e+00
   1.8125000e+02   2.0000006e+00
   1.8150000e+02   2.0000006e+00
   1.8175000e+02   2.0000006e+00
   1.8200000e+02   2.0000006e+00
   1.8225000e+02   2.0000006e+00
   1.8250000e+02   2.0000006e+00
   1.8275000e+02   2.0000006e+00
   1.8300000e+02   2.0000005e+00
   1.8325000e+02   2.0000005e+00
   1.8350000e+02   2.0000005e+00
   1.8375000e+02   2.0000005e+00
   1.8400000e+02   2.0000005e+00
   1.8425000e+02   2.0000005e+00
   1.8450000e+02   2.0000005e+00
   1.8475000e+02   2.0000005e+00
   1.8500000e+02   2.0000004e+00
   1.8525000e+02   2.0000004e+00
   1.8550000e+02   2.0000004e+00
   1.8575000e+02   2.0000004e+00
   1.8600000e+02   2.0000004e+00
   1.8625000e+02   2.0000004e+00
   1.8650000e+02   2.0000004e+00
   1.8675000e+02   2.0000004e+00
   1.8700000e+02   2.0000004e+00
   1.8725000e+02   2.0000004e+00
   1.8750000e+02   2.0000003e+00
   1.8775000e+02   2.0000003e+00
   1.8800000e+02   2.0000003e+00
   1.8825000e+02   2.0000003e+00
   1.8850000e+02   2.0000003e+00
   1.8875000e+02   2.0000003e+00
   1.8900000e+02   2.0000003e+00
   1.8925000e+02   2.0000003e+00
   1.8950000e+02   2.0000003e+00
   1.8975000e+02   2.0000003e+00
   1.9000000e+02   2.0000003e+00
   1.9025000e+02   2.0000003e+00
   1.9050000e+02   2.0000003e+00
   1.9075000e+02   2.0000002e+00
   1.9100000e+02   2.0000002e+00
   1.9125000e+02   2.0000002e+00
   1.9150000e+02   2.0000002e+00
   1.9175000e+02   2.0000002e+00
   1.9200000e+02   2.0000002e+00
   1.9225000e+02   2.0000002e+00
   1.9250000e+02   2.0000002e+00
   1.9275000e+02   2.0000002e+00
   1.9300000e+02   2.0000002e+00
   1.9325000e+02   2.0000002e+00
   1.9350000e+02   2.0000002e+00
   1.9375000e+02   2.0000002e+00
   1.9400000e+02   2.0000002e+00
   1.9425000e+02   2.0000002e+00
   1.9450000e+02   2.0000002e+00
   1.9475000e+02   2.0000002e+00
   1.9500000e+02   2.0000002e+00
   1.9525000e+02   2.0000002e+00
   1.9550000e+02   2.0000002e+00
   1.9575000e+02   2.0000002e+00
   1.9600000e+02   2.0000001e+00
   1.9625000e+02   2.0000001e+00
   1.9650000e+02   2.0000001e+00
   1.9675000e+02   2.0000001e+00
   1.9700000e+02   2.0000001e+00
   1.9725000e+02   2.0000001e+00
   1.9750000e+02   2.0000001e+00
   1.9775000e+02   2.0000001e+00
   1.9800000e+02   2.0000001e+00
   1.9825000e+02   2.0000001e+00
   1.9850000e+02   2.0000001e+00
   1.9875000e+02   2.0000001e+00
   1.9900000e+02   2.0000001e+00
   1.9925000e+02   2.0000001e+00
   1.9950000e+02   2.0000001e+00
   1.9975000e+02   2.0000001e+00
   2.0000000e+02   2.0000001e+00
   2.0025000e+02   2.0000001e+00
   2.0050000e+02   2.0000001e+00
   2.0075000e+02   2.0000001e+00
   2.0100000e+02   2.0000001e+00
   2.0125000e+02   2.0000001e+00
   2.0150000e+02   2.0000001e+00
   2.0175000e+02   2.0000001e+00
   2.0200000e+02   2.0000001e+00
   2.0225000e+02   2.0000001e+00
   2.0250000e+02   2.0000001e+00
   2.0275000e+02   2.0000001e+00
   2.0300000e+02   2.0000001e+00
   2.0325000e+02   2.0000001e+00
   2.0350000e+02   2.0000001e+00
   2.0375000e+02   2.0000001e+00
   2.0400000e+02   2.0000001e+00
   2.0425000e+02   2.0000001e+00
   2.0450000e+02   2.0000001e+00
   2.0475000e+02   2.0000001e+00
   2.0500000e+02   2.0000001e+00
   2.0525000e+02   2.0000001e+00
   2.0550000e+02   2.0000001e+00
   2.0575000e+02   2.0000001e+00
   2.0600000e+02   2.0000001e+00
   2.0625000e+02   2.0000001e+00
   2.0650000e+02   2.0000001e+00
   2.0675000e+02   2.0000001e+00
   2.0700000e+02   2.0000000e+00
   2.0725000e+02   2.0000000e+00
   2.0750000e+02   2.0000000e+00
   2.0775000e+02   2.0000000e+00
   2.0800000e+02   2.0000000e+00
   2.0825000e+02   2.0000000e+00
   2.0850000e+02   2.0000000e+00
   2.0875000e+02   2.0000000e+00
   2.0900000e+02   2.0000000e+00
   2.0925000e+02   2.0000000e+00
   2.0950000e+02   2.0000000e+00
   2.0975000e+02   2.0000000e+00
   2.1000000e+02   2.0000000e+00
   2.1025000e+02   2.0000000e+00
   2.1050000e+02   2.0000000e+00
   2.1075000e+02   2.0000000e+00
   2.1100000e+02   2.0000000e+00
   2.1125000e+02   2.0000000e+00
   2.1150000e+02   2.0000000e+00
   2.1175000e+02   2.0000000e+00
   2.1200000e+02   2.0000000e+00
   2.1225000e+02   2.0000000e+00
   2.1250000e+02   2.0000000e+00
   2.1275000e+02   2.0000000e+00
   2.1300000e+02   2.0000000e+00
   2.1325000e+02   2.0000000e+00
   2.1350000e+02   2.0000000e+00
   2.1375000e+02   2.0000000e+00
   2.1400000e+02   2.0000000e+00
   2.1425000e+02   2.0000000e+00
   2.1450000e+02   2.0000000e+00
   2.1475000e+02   2.0000000e+00
   2.1500000e+02   2.0000000e+00
   2.1525000e+02   2.0000000e+00
   2.1550000e+02   2.0000000e+00
   2.1575000e+02   2.0000000e+00
   2.1600000e+02   2.0000000e+00
   2.1625000e+02   2.0000000e+00
   2.1650000e+02   2.0000000e+00
   2.1675000e+02   2.0000000e+00
   2.1700000e+02   2.0000000e+00
   2.1725000e+02   2.0000000e+00
   2.1750000e+02   2.0000000e+00
   2.1775000e+02   2.0000000e+00
   2.1800000e+02   2.0000000e+00
   2.1825000e+02   2.0000000e+00
   2.1850000e+02   2.0000000e+00
   2.1875000e+02   2.0000000e+00
   2.1900000e+02   2.0000000e+00
   2.1925000e+02   2.0000000e+00
   2.1950000e+02   2.0000000e+00
   2.1975000e+02   2.0000000e+00
   2.2000000e+02   2.0000000e+00
   2.2025000e+02   2.0000000e+00
   2.2050000e+02   2.0000000e+00
   2.2075000e+02   2.0000000e+00
   2.2100000e+02   2.0000000e+00
   2.2125000e+02   2.0000000e+00
   2.2150000e+02   2.0000000e+00
   2.2175000e+02   2.0000000e+00
   2.2200000e+02   2.0000000e+00
   2.2225000e+02   2.0000000e+00
   2.2250000e+02   2.0000000e+00
   2.2275000e+02   2.0000000e+00
   2.2300000e+02   2.0000000e+00
   2.2325000e+02   2.0000000e+00
   2.2350000e+02   2.0000000e+00
   2.2375000e+02   2.0000000e+00
   2.2400000e+02   2.0000000e+00
   2.2425000e+02   2.0000000e+00
   2.2450000e+02   2.0000000e+00
   2.2475000e+02   2.0000000e+00
   2.2500000e+02   2.0000000e+00
   2.2525000e+02   2.0000000e+00
   2.2550000e+02   2.0000000e+00
   2.2575000e+02   2.0000000e+00
   2.2600000e+02   2.0000000e+00
   2.2625000e+02   2.0000000e+00
   2.2650000e+02   2.0000000e+00
   2.2675000e+02   2.0000000e+00
   2.2700000e+02   2.0000000e+00
   2.2725000e+02   2.0000000e+00
   2.2750000e+02   2.0000000e+00
   2.2775000e+02   2.0000000e+00
   2.2800000e+02   2.0000000e+00
   2.2825000e+02   2.0000000e+00
   2.2850000e+02   2.0000000e+00
   2.2875000e+02   2.0000000e+00
   2.2900000e+02   2.0000000e+00
   2.2925000e+02   2.0000000e+00
   2.2950000e+02   2.0000000e+00
   2.2975000e+02   2.0000000e+00
   2.3000000e+02   2.0000000e+00
   2.3025000e+02   2.0000000e+00
   2.3050000e+02   2.0000000e+00
   2.3075000e+02   2.0000000e+00
   2.3100000e+02   2.0000000e+00
   2.3125000e+02   2.0000000e+00
   2.3150000e+02   2.0000000e+00
   2.3175000e+02   2.0000000e+00
   2.3200000e+02   2.0000000e+00
   2.3225000e+02   2.0000000e+00
   2.3250000e+02   2.0000000e+00
   2.3275000e+02   2.0000000e+00
   2.3300000e+02   2.0000000e+00
   2.3325000e+02   2.0000000e+00
   2.3350000e+02   2.0000000e+00
   2.3375000e+02   2.0000000e+00
   2.3400000e+02   2.0000000e+00
   2.3425000e+02   2.0000000e+00
   2.3450000e+02   2.0000000e+00
   2.3475000e+02   2.0000000e+00
   2.3500000e+02   2.0000000e+00
   2.3525000e+02   2.0000000e+00
   2.3550000e+02   2.0000000e+00
   2.3575000e+02   2.0000000e+00
   2.3600000e+02   2.0000000e+00
   2.3625000e+02   2.0000000e+00
   2.3650000e+02   2.0000000e+00
   2.3675000e+02   2.0000000e+00
   2.3700000e+02   2.0000000e+00
   2.3725000e+02   2.0000000e+00
   2.3750000e+02   2.0000000e+00
   2.3775000e+02   2.0000000e+00
   2.3800000e+02   2.0000000e+00
   2.3825000e+02   2.0000000e+00
   2.3850000e+02   2.0000000e+00
   2.3875000e+02   2.0000000e+00
   2.3900000e+02   2.0000000e+00
   2.3925000e+02   2.0000000e+00
   2.3950000e+02   2.0000000e+00
   2.3975000e+02   2.0000000e+00
   2.4000000e+02   2.0000000e+00
   2.4025000e+02   2.0000000e+00
   2.4050000e+02   2.0000000e+00
   2.4075000e+02   2.0000000e+00
   2.4100000e+02   2.0000000e+00
   2.4125000e+02   2.0000000e+00
   2.4150000e+02   2.0000000e+00
   2.4175000e+02   2.0000000e+00
   2.4200000e+02   2.0000000e+00
   2.4225000e+02   2.0000000e+00
   2.4250000e+02   2.0000000e+00
   2.4275000e+02   2.0000000e+00
   2.4300000e+02   2.0000000e+00
   2.4325000e+02   2.0000000e+00
   2.4350000e+02   2.0000000e+00
   2.4375000e+02   2.0000000e+00
   2.4400000e+02   2.0000000e+00
   2.4425000e+02   2.0000000e+00
   2.4450000e+02   2.0000000e+00
   2.4475000e+02   2.0000000e+00
   2.4500000e+02   2.0000000e+00
   2.4525000e+02   2.0000000e+00
   2.4550000e+02   2.0000000e+00
   2.4575000e+02   2.0000000e+00
   2.4600000e+02   2.0000000e+00
   2.4625000e+02   2.0000000e+00
   2.4650000e+02   2.0000000e+00
   2.4675000e+02   2.0000000e+00
   2.4700000e+02   2.0000000e+00
   2.4725000e+02   2.0000000e+00
   2.4750000e+02   2.0000000e+00
   2.4775000e+02   2.0000000e+00
   2.4800000e+02   2.0000000e+00
   2.4825000e+02   2.0000000e+00
   2.4850000e+02   2.0000000e+00
   2.4875000e+02   2.0000000e+00
   2.4900000e+02   2.0000000e+00
   2.4925000e+02   2.0000000e+00
   2.4950000e+02   2.0000000e+00
   2.4975000e+02   2.0000000e+00
   2.5000000e+02   2.0000000e+00
   2.5025000e+02   2.0000000e+00
   2.5050000e+02   2.0000000e+00
   2.5075000e+02   2.0000000e+00
   2.5100000e+02   2.0000000e+00
   2.5125000e+02   2.0000000e+00
   2.5150000e+02   2.0000000e+00
   2.5175000e+02   2.0000000e+00
   2.5200000e+02   2.0000000e+00
   2.5225000e+02   2.0000000e+00
   2.5250000e+02   2.0000000e+00
   2.5275000e+02   2.0000000e+00
   2.5300000e+02   2.0000000e+00
   2.5325000e+02   2.0000000e+00
   2.5350000e+02   2.0000000e+00
   2.5375000e+02   2.0000000e+00
   2.5400000e+02   2.0000000e+00
   2.5425000e+02   2.0000000e+00
   2.5450000e+02   2.0000000e+00
   2.5475000e+02   2.0000000e+00
   2.5500000e+02   2.0000000e+00
   2.5525000e+02   2.0000000e+00
   2.5550000e+02   2.0000000e+00
   2.5575000e+02   2.0000000e+00
   2.5600000e+02   2.0000000e+00
   2.5625000e+02   2.0000000e+00
   2.5650000e+02   2.0000000e+00
   2.5675000e+02   2.0000000e+00
   2.5700000e+02   2.0000000e+00
   2.5725000e+02   2.0000000e+00
   2.5750000e+02   2.0000000e+00
   2.5775000e+02   2.0000000e+00
   2.5800000e+02   2.0000000e+00
   2.5825000e+02   2.0000000e+00
   2.5850000e+02   2.0000000e+00
   2.5875000e+02   2.0000000e+00
   2.5900000e+02   2.0000000e+00
   2.5925000e+02   2.0000000e+00
   2.5950000e+02   2.0000000e+00
   2.5975000e+02   2.0000000e+00
   2.6000000e+02   2.0000000e+00
   2.6025000e+02   2.0000000e+00
   2.6050000e+02   2.0000000e+00
   2.6075000e+02   2.0000000e+00
   2.6100000e+02   2.0000000e+00
   2.6125000e+02   2.0000000e+00
   2.6150000e+02   2.0000000e+00
   2.6175000e+02   2.0000000e+00
   2.6200000e+02   2.0000000e+00
   2.6225000e+02   2.0000000e+00
   2.6250000e+02   2.0000000e+00
   2.6275000e+02   2.0000000e+00
   2.6300000e+02   2.0000000e+00
   2.6325000e+02   2.0000000e+00
   2.6350000e+02   2.0000000e+00
   2.6375000e+02   2.0000000e+00
   2.6400000e+02   2.0000000e+00
   2.6425000e+02   2.0000000e+00
   2.6450000e+02   2.0000000e+00
   2.6475000e+02   2.0000000e+00
   2.6500000e+02   2.0000000e+00
   2.6525000e+02   2.0000000e+00
   2.6550000e+02   2.0000000e+00
   2.6575000e+02   2.0000000e+00
   2.6600000e+02   2.0000000e+00
   2.6625000e+02   2.0000000e+00
   2.6650000e+02   2.0000000e+00
   2.6675000e+02   2.0000000e+00
   2.6700000e+02   2.0000000e+00
   2.6725000e+02   2.0000000e+00
   2.6750000e+02   2.0000000e+00
   2.6775000e+02   2.0000000e+00
   2.6800000e+02   2.0000000e+00
   2.6825000e+02   2.0000000e+00
   2.6850000e+02   2.0000000e+00
   2.6875000e+02   2.0000000e+00
   2.6900000e+02   2.0000000e+00
   2.6925000e+02   2.0000000e+00
   2.6950000e+02   2.0000000e+00
   2.6975000e+02   2.0000000e+00
   2.7000000e+02   2.0000000e+00
   2.7025000e+02   2.0000000e+00
   2.7050000e+02   2.0000000e+00
   2.7075000e+02   2.0000000e+00
   2.7100000e+02   2.0000000e+00
   2.7125000e+02   2.0000000e+00
   2.7150000e+02   2.0000000e+00
   2.7175000e+02   2.0000000e+00
   2.7200000e+02   2.0000000e+00
   2.7225000e+02   2.0000000e+00
   2.7250000e+02   2.0000000e+00
   2.7275000e+02   2.0000000e+00
   2.7300000e+02   2.0000000e+00
   2.7325000e+02   2.0000000e+00
   2.7350000e+02   2.0000000e+00
   2.7375000e+02   2.0000000e+00
   2.7400000e+02   2.0000000e+00
   2.7425000e+02   2.0000000e+00
   2.7450000e+02   2.0000000e+00
   2.7475000e+02   2.0000000e+00
   2.7500000e+02   2.0000000e+00
   2.7525000e+02   2.0000000e+00
   2.7550000e+02   2.0000000e+00
   2.7575000e+02   2.0000000e+00
   2.7600000e+02   2.0000000e+00
   2.7625000e+02   2.0000000e+00
   2.7650000e+02   2.0000000e+00
   2.7675000e+02   2.0000000e+00
   2.7700000e+02   2.0000000e+00
   2.7725000e+02   2.0000000e+00
   2.7750000e+02   2.0000000e+00
   2.7775000e+02   2.0000000e+00
   2.7800000e+02   2.0000000e+00
   2.7825000e+02   2.0000000e+00
   2.7850000e+02   2.0000000e+00
   2.7875000e+02   2.0000000e+00
   2.7900000e+02   2.0000000e+00
   2.7925000e+02   2.0000000e+00
   2.7950000e+02   2.0000000e+00
   2.7975000e+02   2.0000000e+00
   2.8000000e+02   2.0000000e+00
   2.8025000e+02   2.0000000e+00
   2.8050000e+02   2.0000000e+00
   2.8075000e+02   2.0000000e+00
   2.8100000e+02   2.0000000e+00
   2.8125000e+02   2.0000000e+00
   2.8150000e+02   2.0000000e+00
   2.8175000e+02   2.0000000e+00
   2.8200000e+02   2.0000000e+00
   2.8225000e+02   2.0000000e+00
   2.8250000e+02   2.0000000e+00
   2.8275000e+02   2.0000000e+00
   2.8300000e+02   2.0000000e+00
   2.8325000e+02   2.0000000e+00
   2.8350000e+02   2.0000000e+00
   2.8375000e+02   2.0000000e+00
   2.8400000e+02   2.0000000e+00
   2.8425000e+02   2.0000000e+00
   2.8450000e+02   2.0000000e+00
   2.8475000e+02   2.0000000e+00
   2.8500000e+02   2.0000000e+00
   2.8525000e+02   2.0000000e+00
   2.8550000e+02   2.0000000e+00
   2.8575000e+02   2.0000000e+00
   2.8600000e+02   2.0000000e+00
   2.8625000e+02   2.0000000e+00
   2.8650000e+02   2.0000000e+00
   2.8675000e+02   2.0000000e+00
   2.8700000e+02   2.0000000e+00
   2.8725000e+02   2.0000000e+00
   2.8750000e+02   2.0000000e+00
   2.8775000e+02   2.0000000e+00
   2.8800000e+02   2.0000000e+00
   2.8825000e+02   2.0000000e+00
   2.8850000e+02   2.0000000e+00
   2.8875000e+02   2.0000000e+00
   2.8900000e+02   2.0000000e+00
   2.8925000e+02   2.0000000e+00
   2.8950000e+02   2.0000000e+00
   2.8975000e+02   2.0000000e+00
   2.9000000e+02   2.0000000e+00
   2.9025000e+02   2.0000000e+00
   2.9050000e+02   2.0000000e+00
   2.9075000e+02   2.0000000e+00
   2.9100000e+02   2.0000000e+00
   2.9125000e+02   2.0000000e+00
   2.9150000e+02   2.0000000e+00
   2.9175000e+02   2.0000000e+00
   2.9200000e+02   2.0000000e+00
   2.9225000e+02   2.0000000e+00
   2.9250000e+02   2.0000000e+00
   2.9275000e+02   2.0000000e+00
   2.9300000e+02   2.0000000e+00
   2.9325000e+02   2.0000000e+00
   2.9350000e+02   2.0000000e+00
   2.9375000e+02   2.0000000e+00
   2.9400000e+02   2.0000000e+00
   2.9425000e+02   2.0000000e+00
   2.9450000e+02   2.0000000e+00
   2.9475000e+02   2.0000000e+00
   2.9500000e+02   2.0000000e+00
   2.9525000e+02   2.0000000e+00
   2.9550000e+02   2.0000000e+00
   2.9575000e+02   2.0000000e+00
   2.9600000e+02   2.0000000e+00
   2.9625000e+02   2.0000000e+00
   2.9650000e+02   2.0000000e+00
   2.9675000e+02   2.0000000e+00
   2.9700000e+02   2.0000000e+00
   2.9725000e+02   2.0000000e+00
   2.9750000e+02   2.0000000e+00
   2.9775000e+02   2.0000000e+00
   2.9800000e+02   2.0000000e+00
   2.9825000e+02   2.0000000e+00
   2.9850000e+02   2.0000000e+00
   2.9875000e+02   2.0000000e+00
   2.9900000e+02   2.0000000e+00
   2.9925000e+02   2.0000000e+00
   2.9950000e+02   2.0000000e+00
   2.9975000e+02   2.0000000e+00
   3.0000000e+02   2.0000000e+00
   3.0025000e+02   2.0000000e+00
   3.0050000e+02   2.0000000e+00
   3.0075000e+02   2.0000000e+00
   3.0100000e+02   2.0000000e+00
   3.0125000e+02   2.0000000e+00
   3.0150000e+02   2.0000000e+00
   3.0175000e+02   2.0000000e+00
   3.0200000e+02   2.0000000e+00
   3.0225000e+02   2.0000000e+00
   3.0250000e+02   2.0000000e+00
   3.0275000e+02   2.0000000e+00
   3.0300000e+02   2.0000000e+00
   3.0325000e+02   2.0000000e+00
   3.0350000e+02   2.0000000e+00
   3.0375000e+02   2.0000000e+00
   3.0400000e+02   2.0000000e+00
   3.0425000e+02   2.0000000e+00
   3.0450000e+02   2.0000000e+00
   3.0475000e+02   2.0000000e+00
   3.0500000e+02   2.0000000e+00
   3.0525000e+02   2.0000000e+00
   3.0550000e+02   2.0000000e+00
   3.0575000e+02   2.0000000e+00
   3.0600000e+02   2.0000000e+00
   3.0625000e+02   2.0000000e+00
   3.0650000e+02   2.0000000e+00
   3.0675000e+02   2.0000000e+00
   3.0700000e+02   2.0000000e+00
   3.0725000e+02   2.0000000e+00
   3.0750000e+02   2.0000000e+00
   3.0775000e+02   2.0000000e+00
   3.0800000e+02   2.0000000e+00
   3.0825000e+02   2.0000000e+00
   3.0850000e+02   2.0000000e+00
   3.0875000e+02   2.0000000e+00
   3.0900000e+02   2.0000000e+00
   3.0925000e+02   2.0000000e+00
   3.0950000e+02   2.0000000e+00
   3.0975000e+02   2.0000000e+00
   3.1000000e+02   2.0000000e+00
   3.1025000e+02   2.0000000e+00
   3.1050000e+02   2.0000000e+00
   3.1075000e+02   2.0000000e+00
   3.1100000e+02   2.0000000e+00
   3.1125000e+02   2.0000000e+00
   3.1150000e+02   2.0000000e+00
   3.1175000e+02   2.0000000e+00
   3.1200000e+02   2.0000000e+00
   3.1225000e+02   2.0000000e+00
   3.1250000e+02   2.0000000e+00
   3.1275000e+02   2.0000000e+00
   3.1300000e+02   2.0000000e+00
   3.1325000e+02   2.0000000e+00
   3.1350000e+02   2.0000000e+00
   3.1375000e+02   2.0000000e+00
   3.1400000e+02   2.0000000e+00
   3.1425000e+02   2.0000000e+00
   3.1450000e+02   2.0000000e+00
   3.1475000e+02   2.0000000e+00
   3.1500000e+02   2.0000000e+00
   3.1525000e+02   2.0000000e+00
   3.1550000e+02   2.0000000e+00
   3.1575000e+02   2.0000000e+00
   3.1600000e+02   2.0000000e+00
   3.1625000e+02   2.0000000e+00
   3.1650000e+02   2.0000000e+00
   3.1675000e+02   2.0000000e+00
   3.1700000e+02   2.0000000e+00
   3.1725000e+02   2.0000000e+00
   3.1750000e+02   2.0000000e+00
   3.1775000e+02   2.0000000e+00
   3.1800000e+02   2.0000000e+00
   3.1825000e+02   2.0000000e+00
   3.1850000e+02   2.0000000e+00
   3.1875000e+02   2.0000000e+00
   3.1900000e+02   2.0000000e+00
   3.1925000e+02   2.0000000e+00
   3.1950000e+02   2.0000000e+00
   3.1975000e+02   2.0000000e+00
   3.2000000e+02   2.0000000e+00
   3.2025000e+02   2.0000000e+00
   3.2050000e+02   2.0000000e+00
   3.2075000e+02   2.0000000e+00
   3.2100000e+02   2.0000000e+00
   3.2125000e+02   2.0000000e+00
   3.2150000e+02   2.0000000e+00
   3.2175000e+02   2.0000000e+00
   3.2200000e+02   2.0000000e+00
   3.2225000e+02   2.0000000e+00
   3.2250000e+02   2.0000000e+00
   3.2275000e+02   2.0000000e+00
   3.2300000e+02   2.0000000e+00
   3.2325000e+02   2.0000000e+00
   3.2350000e+02   2.0000000e+00
   3.2375000e+02   2.0000000e+00
   3.2400000e+02   2.0000000e+00
   3.2425000e+02   2.0000000e+00
   3.2450000e+02   2.0000000e+00
   3.2475000e+02   2.0000000e+00
   3.2500000e+02   2.0000000e+00
   3.2525000e+02   2.0000000e+00
   3.2550000e+02   2.0000000e+00
   3.2575000e+02   2.0000000e+00
   3.2600000e+02   2.0000000e+00
   3.2625000e+02   2.0000000e+00
   3.2650000e+02   2.0000000e+00
   3.2675000e+02   2.0000000e+00
   3.2700000e+02   2.0000000e+00
   3.2725000e+02   2.0000000e+00
   3.2750000e+02   2.0000000e+00
   3.2775000e+02   2.0000000e+00
   3.2800000e+02   2.0000000e+00
   3.2825000e+02   2.0000000e+00
   3.2850000e+02   2.0000000e+00
   3.2875000e+02   2.0000000e+00
   3.2900000e+02   2.0000000e+00
   3.2925000e+02   2.0000000e+00
   3.2950000e+02   2.0000000e+00
   3.2975000e+02   2.0000000e+00
   3.3000000e+02   2.0000000e+00
   3.3025000e+02   2.0000000e+00
   3.3050000e+02   2.0000000e+00
   3.3075000e+02   2.0000000e+00
   3.3100000e+02   2.0000000e+00
   3.3125000e+02   2.0000000e+00
   3.3150000e+02   2.0000000e+00
   3.3175000e+02   2.0000000e+00
   3.3200000e+02   2.0000000e+00
   3.3225000e+02   2.0000000e+00
   3.3250000e+02   2.0000000e+00
   3.3275000e+02   2.0000000e+00
   3.3300000e+02   2.0000000e+00
   3.3325000e+02   2.0000000e+00
   3.3350000e+02   2.0000000e+00
   3.3375000e+02   2.0000000e+00
   3.3400000e+02   2.0000000e+00
   3.3425000e+02   2.0000000e+00
   3.3450000e+02   2.0000000e+00
   3.3475000e+02   2.0000000e+00
   3.3500000e+02   2.0000000e+00
   3.3525000e+02   2.0000000e+00
   3.3550000e+02   2.0000000e+00
   3.3575000e+02   2.0000000e+00
   3.3600000e+02   2.0000000e+00
   3.3625000e+02   2.0000000e+00
   3.3650000e+02   2.0000000e+00
   3.3675000e+02   2.0000000e+00
   3.3700000e+02   2.0000000e+00
   3.3725000e+02   2.0000000e+00
   3.3750000e+02   2.0000000e+00
   3.3775000e+02   2.0000000e+00
   3.3800000e+02   2.0000000e+00
   3.3825000e+02   2.0000000e+00
   3.3850000e+02   2.0000000e+00
   3.3875000e+02   2.0000000e+00
   3.3900000e+02   2.0000000e+00
   3.3925000e+02   2.0000000e+00
   3.3950000e+02   2.0000000e+00
   3.3975000e+02   2.0000000e+00
   3.4000000e+02   2.0000000e+00
   3.4025000e+02   2.0000000e+00
   3.4050000e+02   2.0000000e+00
   3.4075000e+02   2.0000000e+00
   3.4100000e+02   2.0000000e+00
   3.4125000e+02   2.0000000e+00
   3.4150000e+02   2.0000000e+00
   3.4175000e+02   2.0000000e+00
   3.4200000e+02   2.0000000e+00
   3.4225000e+02   2.0000000e+00
   3.4250000e+02   2.0000000e+00
   3.4275000e+02   2.0000000e+00
   3.4300000e+02   2.0000000e+00
   3.4325000e+02   2.0000000e+00
   3.4350000e+02   2.0000000e+00
   3.4375000e+02   2.0000000e+00
   3.4400000e+02   2.0000000e+00
   3.4425000e+02   2.0000000e+00
   3.4450000e+02   2.0000000e+00
   3.4475000e+02   2.0000000e+00
   3.4500000e+02   2.0000000e+00
   3.4525000e+02   2.0000000e+00
   3.4550000e+02   2.0000000e+00
   3.4575000e+02   2.0000000e+00
   3.4600000e+02   2.0000000e+00
   3.4625000e+02   2.0000000e+00
   3.4650000e+02   2.0000000e+00
   3.4675000e+02   2.0000000e+00
   3.4700000e+02   2.0000000e+00
   3.4725000e+02   2.0000000e+00
   3.4750000e+02   2.0000000e+00
   3.4775000e+02   2.0000000e+00
   3.4800000e+02   2.0000000e+00
   3.4825000e+02   2.0000000e+00
   3.4850000e+02   2.0000000e+00
   3.4875000e+02   2.0000000e+00
   3.4900000e+02   2.0000000e+00
   3.4925000e+02   2.0000000e+00
   3.4950000e+02   2.0000000e+00
   3.4975000e+02   2.0000000e+00
   3.5000000e+02   2.0000000e+00
   3.5025000e+02   2.0000000e+00
   3.5050000e+02   2.0000000e+00
   3.5075000e+02   2.0000000e+00
   3.5100000e+02   2.0000000e+00
   3.5125000e+02   2.0000000e+00
   3.5150000e+02   2.0000000e+00
   3.5175000e+02   2.0000000e+00
   3.5200000e+02   2.0000000e+00
   3.5225000e+02   2.0000000e+00
   3.5250000e+02   2.0000000e+00
   3.5275000e+02   2.0000000e+00
   3.5300000e+02   2.0000000e+00
   3.5325000e+02   2.0000000e+00
   3.5350000e+02   2.0000000e+00
   3.5375000e+02   2.0000000e+00
   3.5400000e+02   2.0000000e+00
   3.5425000e+02   2.0000000e+00
   3.5450000e+02   2.0000000e+00
   3.5475000e+02   2.0000000e+00
   3.5500000e+02   2.0000000e+00
   3.5525000e+02   2.0000000e+00
   3.5550000e+02   2.0000000e+00
   3.5575000e+02   2.0000000e+00
   3.5600000e+02   2.0000000e+00
   3.5625000e+02   2.0000000e+00
   3.5650000e+02   2.0000000e+00
   3.5675000e+02   2.0000000e+00
   3.5700000e+02   2.0000000e+00
   3.5725000e+02   2.0000000e+00
   3.5750000e+02   2.0000000e+00
   3.5775000e+02   2.0000000e+00
   3.5800000e+02   2.0000000e+00
   3.5825000e+02   2.0000000e+00
   3.5850000e+02   2.0000000e+00
   3.5875000e+02   2.0000000e+00
   3.5900000e+02   2.0000000e+00
   3.5925000e+02   2.0000000e+00
   3.5950000e+02   2.0000000e+00
   3.5975000e+02   2.0000000e+00
   3.6000000e+02   2.0000000e+00
   3.6025000e+02   2.0000000e+00
   3.6050000e+02   2.0000000e+00
   3.6075000e+02   2.0000000e+00
   3.6100000e+02   2.0000000e+00
   3.6125000e+02   2.0000000e+00
   3.6150000e+02   2.0000000e+00
   3.6175000e+02   2.0000000e+00
   3.6200000e+02   2.0000000e+00
   3.6225000e+02   2.0000000e+00
   3.6250000e+02   2.0000000e+00
   3.6275000e+02   2.0000000e+00
   3.6300000e+02   2.0000000e+00
   3.6325000e+02   2.0000000e+00
   3.6350000e+02   2.0000000e+00
   3.6375000e+02   2.0000000e+00
   3.6400000e+02   2.0000000e+00
   3.6425000e+02   2.0000000e+00
   3.6450000e+02   2.0000000e+00
   3.6475000e+02   2.0000000e+00
   3.6500000e+02   2.0000000e+00
   3.6525000e+02   2.0000000e+00
   3.6550000e+02   2.0000000e+00
   3.6575000e+02   2.0000000e+00
   3.6600000e+02   2.0000000e+00
   3.6625000e+02   2.0000000e+00
   3.6650000e+02   2.0000000e+00
   3.6675000e+02   2.0000000e+00
   3.6700000e+02   2.0000000e+00
   3.6725000e+02   2.0000000e+00
   3.6750000e+02   2.0000000e+00
   3.6775000e+02   2.0000000e+00
   3.6800000e+02   2.0000000e+00
   3.6825000e+02   2.0000000e+00
   3.6850000e+02   2.0000000e+00
   3.6875000e+02   2.0000000e+00
   3.6900000e+02   2.0000000e+00
   3.6925000e+02   2.0000000e+00
   3.6950000e+02   2.0000000e+00
   3.6975000e+02   2.0000000e+00
   3.7000000e+02   2.0000000e+00
   3.7025000e+02   2.0000000e+00
   3.7050000e+02   2.0000000e+00
   3.7075000e+02   2.0000000e+00
   3.7100000e+02   2.0000000e+00
   3.7125000e+02   2.0000000e+00
   3.7150000e+02   2.0000000e+00
   3.7175000e+02   2.0000000e+00
   3.7200000e+02   2.0000000e+00
   3.7225000e+02   2.0000000e+00
   3.7250000e+02   2.0000000e+00
   3.7275000e+02   2.0000000e+00
   3.7300000e+02   2.0000000e+00
   3.7325000e+02   2.0000000e+00
   3.7350000e+02   2.0000000e+00
   3.7375000e+02   2.0000000e+00
   3.7400000e+02   2.0000000e+00
   3.7425000e+02   2.0000000e+00
   3.7450000e+02   2.0000000e+00
   3.7475000e+02   2.0000000e+00
   3.7500000e+02   2.0000000e+00
   3.7525000e+02   2.0000000e+00
   3.7550000e+02   2.0000000e+00
   3.7575000e+02   2.0000000e+00
   3.7600000e+02   2.0000000e+00
   3.7625000e+02   2.0000000e+00
   3.7650000e+02   2.0000000e+00
   3.7675000e+02   2.0000000e+00
   3.7700000e+02   2.0000000e+00
   3.7725000e+02   2.0000000e+00
   3.7750000e+02   2.0000000e+00
   3.7775000e+02   2.0000000e+00
   3.7800000e+02   2.0000000e+00
   3.7825000e+02   2.0000000e+00
   3.7850000e+02   2.0000000e+00
   3.7875000e+02   2.0000000e+00
   3.7900000e+02   2.0000000e+00
   3.7925000e+02   2.0000000e+00
   3.7950000e+02   2.0000000e+00
   3.7975000e+02   2.0000000e+00
   3.8000000e+02   2.0000000e+00
   3.8025000e+02   2.0000000e+00
   3.8050000e+02   2.0000000e+00
   3.8075000e+02   2.0000000e+00
   3.8100000e+02   2.0000000e+00
   3.8125000e+02   2.0000000e+00
   3.8150000e+02   2.0000000e+00
   3.8175000e+02   2.0000000e+00
   3.8200000e+02   2.0000000e+00
   3.8225000e+02   2.0000000e+00
   3.8250000e+02   2.0000000e+00
   3.8275000e+02   2.0000000e+00
   3.8300000e+02   2.0000000e+00
   3.8325000e+02   2.0000000e+00
   3.8350000e+02   2.0000000e+00
   3.8375000e+02   2.0000000e+00
   3.8400000e+02   2.0000000e+00
   3.8425000e+02   2.0000000e+00
   3.8450000e+02   2.0000000e+00
   3.8475000e+02   2.0000000e+00
   3.8500000e+02   2.0000000e+00
   3.8525000e+02   2.0000000e+00
   3.8550000e+02   2.0000000e+00
   3.8575000e+02   2.0000000e+00
   3.8600000e+02   2.0000000e+00
   3.8625000e+02   2.0000000e+00
   3.8650000e+02   2.0000000e+00
   3.8675000e+02   2.0000000e+00
   3.8700000e+02   2.0000000e+00
   3.8725000e+02   2.0000000e+00
   3.8750000e+02   2.0000000e+00
   3.8775000e+02   2.0000000e+00
   3.8800000e+02   2.0000000e+00
   3.8825000e+02   2.0000000e+00
   3.8850000e+02   2.0000000e+00
   3.8875000e+02   2.0000000e+00
   3.8900000e+02   2.0000000e+00
   3.8925000e+02   2.0000000e+00
   3.8950000e+02   2.0000000e+00
   3.8975000e+02   2.0000000e+00
   3.9000000e+02   2.0000000e+00
   3.9025000e+02   2.0000000e+00
   3.9050000e+02   2.0000000e+00
   3.9075000e+02   2.0000000e+00
   3.9100000e+02   2.0000000e+00
   3.9125000e+02   2.0000000e+00
   3.9150000e+02   2.0000000e+00
   3.9175000e+02   2.0000000e+00
   3.9200000e+02   2.0000000e+00
   3.9225000e+02   2.0000000e+00
   3.9250000e+02   2.0000000e+00
   3.9275000e+02   2.0000000e+00
   3.9300000e+02   2.0000000e+00
   3.9325000e+02   2.0000000e+00
   3.9350000e+02   2.0000000e+00
   3.9375000e+02   2.0000000e+00
   3.9400000e+02   2.0000000e+00
   3.9425000e+02   2.0000000e+00
   3.9450000e+02   2.0000000e+00
   3.9475000e+02   2.0000000e+00
   3.9500000e+02   2.0000000e+00
   3.9525000e+02   2.0000000e+00
   3.9550000e+02   2.0000000e+00
   3.9575000e+02   2.0000000e+00
   3.9600000e+02   2.0000000e+00
   3.9625000e+02   2.0000000e+00
   3.9650000e+02   2.0000000e+00
   3.9675000e+02   2.0000000e+00
   3.9700000e+02   2.0000000e+00
   3.9725000e+02   2.0000000e+00
   3.9750000e+02   2.0000000e+00
   3.9775000e+02   2.0000000e+00
   3.9800000e+02   2.0000000e+00
   3.9825000e+02   2.0000000e+00
   3.9850000e+02   2.0000000e+00
   3.9875000e+02   2.0000000e+00
   3.9900000e+02   2.0000000e+00
   3.9925000e+02   2.0000000e+00
   3.9950000e+02   2.0000000e+00
   3.9975000e+02   2.0000000e+00
   4.0000000e+02   2.0000000e+00
   4.0025000e+02   2.0000000e+00
   4.0050000e+02   2.0000000e+00
   4.0075000e+02   2.0000000e+00
   4.0100000e+02   2.0000000e+00
   4.0125000e+02   2.0000000e+00
   4.0150000e+02   2.0000000e+00
   4.0175000e+02   2.0000000e+00
   4.0200000e+02   2.0000000e+00
   4.0225000e+02   2.0000000e+00
   4.0250000e+02   2.0000000e+00
   4.0275000e+02   2.0000000e+00
   4.0300000e+02   2.0000000e+00
   4.0325000e+02   2.0000000e+00
   4.0350000e+02   2.0000000e+00
   4.0375000e+02   2.0000000e+00
   4.0400000e+02   2.0000000e+00
   4.0425000e+02   2.0000000e+00
   4.0450000e+02   2.0000000e+00
   4.0475000e+02   2.0000000e+00
   4.0500000e+02   2.0000000e+00
   4.0525000e+02   2.0000000e+00
   4.0550000e+02   2.0000000e+00
   4.0575000e+02   2.0000000e+00
   4.0600000e+02   2.0000000e+00
   4.0625000e+02   2.0000000e+00
   4.0650000e+02   2.0000000e+00
   4.0675000e+02   2.0000000e+00
   4.0700000e+02   2.0000000e+00
   4.0725000e+02   2.0000000e+00
   4.0750000e+02   2.0000000e+00
   4.0775000e+02   2.0000000e+00
   4.0800000e+02   2.0000000e+00
   4.0825000e+02   2.0000000e+00
   4.0850000e+02   2.0000000e+00
   4.0875000e+02   2.0000000e+00
   4.0900000e+02   2.0000000e+00
   4.0925000e+02   2.0000000e+00
   4.0950000e+02   2.0000000e+00
   4.0975000e+02   2.0000000e+00
   4.1000000e+02   2.0000000e+00
   4.1025000e+02   2.0000000e+00
   4.1050000e+02   2.0000000e+00
   4.1075000e+02   2.0000000e+00
   4.1100000e+02   2.0000000e+00
   4.1125000e+02   2.0000000e+00
   4.1150000e+02   2.0000000e+00
   4.1175000e+02   2.0000000e+00
   4.1200000e+02   2.0000000e+00
   4.1225000e+02   2.0000000e+00
   4.1250000e+02   2.0000000e+00
   4.1275000e+02   2.0000000e+00
   4.1300000e+02   2.0000000e+00
   4.1325000e+02   2.0000000e+00
   4.1350000e+02   2.0000000e+00
   4.1375000e+02   2.0000000e+00
   4.1400000e+02   2.0000000e+00
   4.1425000e+02   2.0000000e+00
   4.1450000e+02   2.0000000e+00
   4.1475000e+02   2.0000000e+00
   4.1500000e+02   2.0000000e+00
   4.1525000e+02   2.0000000e+00
   4.1550000e+02   2.0000000e+00
   4.1575000e+02   2.0000000e+00
   4.1600000e+02   2.0000000e+00
   4.1625000e+02   2.0000000e+00
   4.1650000e+02   2.0000000e+00
   4.1675000e+02   2.0000000e+00
   4.1700000e+02   2.0000000e+00
   4.1725000e+02   2.0000000e+00
   4.1750000e+02   2.0000000e+00
   4.1775000e+02   2.0000000e+00
   4.1800000e+02   2.0000000e+00
   4.1825000e+02   2.0000000e+00
   4.1850000e+02   2.0000000e+00
   4.1875000e+02   2.0000000e+00
   4.1900000e+02   2.0000000e+00
   4.1925000e+02   2.0000000e+00
   4.1950000e+02   2.0000000e+00
   4.1975000e+02   2.0000000e+00
   4.2000000e+02   2.0000000e+00
   4.2025000e+02   2.0000000e+00
   4.2050000e+02   2.0000000e+00
   4.2075000e+02   2.0000000e+00
   4.2100000e+02   2.0000000e+00
   4.2125000e+02   2.0000000e+00
   4.2150000e+02   2.0000000e+00
   4.2175000e+02   2.0000000e+00
   4.2200000e+02   2.0000000e+00
   4.2225000e+02   2.0000000e+00
   4.2250000e+02   2.0000000e+00
   4.2275000e+02   2.0000000e+00
   4.2300000e+02   2.0000000e+00
   4.2325000e+02   2.0000000e+00
   4.2350000e+02   2.0000000e+00
   4.2375000e+02   2.0000000e+00
   4.2400000e+02   2.0000000e+00
   4.2425000e+02   2.0000000e+00
   4.2450000e+02   2.0000000e+00
   4.2475000e+02   2.0000000e+00
   4.2500000e+02   2.0000000e+00
   4.2525000e+02   2.0000000e+00
   4.2550000e+02   2.0000000e+00
   4.2575000e+02   2.0000000e+00
   4.2600000e+02   2.0000000e+00
   4.2625000e+02   2.0000000e+00
   4.2650000e+02   2.0000000e+00
   4.2675000e+02   2.0000000e+00
   4.2700000e+02   2.0000000e+00
   4.2725000e+02   2.0000000e+00
   4.2750000e+02   2.0000000e+00
   4.2775000e+02   2.0000000e+00
   4.2800000e+02   2.0000000e+00
   4.2825000e+02   2.0000000e+00
   4.2850000e+02   2.0000000e+00
   4.2875000e+02   2.0000000e+00
   4.2900000e+02   2.0000000e+00
   4.2925000e+02   2.0000000e+00
   4.2950000e+02   2.0000000e+00
   4.2975000e+02   2.0000000e+00
   4.3000000e+02   2.0000000e+00
   4.3025000e+02   2.0000000e+00
   4.3050000e+02   2.0000000e+00
   4.3075000e+02   2.0000000e+00
   4.3100000e+02   2.0000000e+00
   4.3125000e+02   2.0000000e+00
   4.3150000e+02   2.0000000e+00
   4.3175000e+02   2.0000000e+00
   4.3200000e+02   2.0000000e+00
   4.3225000e+02   2.0000000e+00
   4.3250000e+02   2.0000000e+00
   4.3275000e+02   2.0000000e+00
   4.3300000e+02   2.0000000e+00
   4.3325000e+02   2.0000000e+00
   4.3350000e+02   2.0000000e+00
   4.3375000e+02   2.0000000e+00
   4.3400000e+02   2.0000000e+00
   4.3425000e+02   2.0000000e+00
   4.3450000e+02   2.0000000e+00
   4.3475000e+02   2.0000000e+00
   4.3500000e+02   2.0000000e+00
   4.3525000e+02   2.0000000e+00
   4.3550000e+02   2.0000000e+00
   4.3575000e+02   2.0000000e+00
   4.3600000e+02   2.0000000e+00
   4.3625000e+02   2.0000000e+00
   4.3650000e+02   2.0000000e+00
   4.3675000e+02   2.0000000e+00
   4.3700000e+02   2.0000000e+00
   4.3725000e+02   2.0000000e+00
   4.3750000e+02   2.0000000e+00
   4.3775000e+02   2.0000000e+00
   4.3800000e+02   2.0000000e+00
   4.3825000e+02   2.0000000e+00
   4.3850000e+02   2.0000000e+00
   4.3875000e+02   2.0000000e+00
   4.3900000e+02   2.0000000e+00
   4.3925000e+02   2.0000000e+00
   4.3950000e+02   2.0000000e+00
   4.3975000e+02   2.0000000e+00
   4.4000000e+02   2.0000000e+00
   4.4025000e+02   2.0000000e+00
   4.4050000e+02   2.0000000e+00
   4.4075000e+02   2.0000000e+00
   4.4100000e+02   2.0000000e+00
   4.4125000e+02   2.0000000e+00
   4.4150000e+02   2.0000000e+00
   4.4175000e+02   2.0000000e+00
   4.4200000e+02   2.0000000e+00
   4.4225000e+02   2.0000000e+00
   4.4250000e+02   2.0000000e+00
   4.4275000e+02   2.0000000e+00
   4.4300000e+02   2.0000000e+00
   4.4325000e+02   2.0000000e+00
   4.4350000e+02   2.0000000e+00
   4.4375000e+02   2.0000000e+00
   4.4400000e+02   2.0000000e+00
   4.4425000e+02   2.0000000e+00
   4.4450000e+02   2.0000000e+00
   4.4475000e+02   2.0000000e+00
   4.4500000e+02   2.0000000e+00
   4.4525000e+02   2.0000000e+00
   4.4550000e+02   2.0000000e+00
   4.4575000e+02   2.0000000e+00
   4.4600000e+02   2.0000000e+00
   4.4625000e+02   2.0000000e+00
   4.4650000e+02   2.0000000e+00
   4.4675000e+02   2.0000000e+00
   4.4700000e+02   2.0000000e+00
   4.4725000e+02   2.0000000e+00
   4.4750000e+02   2.0000000e+00
   4.4775000e+02   2.0000000e+00
   4.4800000e+02   2.0000000e+00
   4.4825000e+02   2.0000000e+00
   4.4850000e+02   2.0000000e+00
   4.4875000e+02   2.0000000e+00
   4.4900000e+02   2.0000000e+00
   4.4925000e+02   2.0000000e+00
   4.4950000e+02   2.0000000e+00
   4.4975000e+02   2.0000000e+00
   4.5000000e+02   2.0000000e+00
   4.5025000e+02   2.0000000e+00
   4.5050000e+02   2.0000000e+00
   4.5075000e+02   2.0000000e+00
   4.5100000e+02   2.0000000e+00
   4.5125000e+02   2.0000000e+00
   4.5150000e+02   2.0000000e+00
   4.5175000e+02   2.0000000e+00
   4.5200000e+02   2.0000000e+00
   4.5225000e+02   2.0000000e+00
   4.5250000e+02   2.0000000e+00
   4.5275000e+02   2.0000000e+00
   4.5300000e+02   2.0000000e+00
   4.5325000e+02   2.0000000e+00
   4.5350000e+02   2.0000000e+00
   4.5375000e+02   2.0000000e+00
   4.5400000e+02   2.0000000e+00
   4.5425000e+02   2.0000000e+00
   4.5450000e+02   2.0000000e+00
   4.5475000e+02   2.0000000e+00
   4.5500000e+02   2.0000000e+00
   4.5525000e+02   2.0000000e+00
   4.5550000e+02   2.0000000e+00
   4.5575000e+02   2.0000000e+00
   4.5600000e+02   2.0000000e+00
   4.5625000e+02   2.0000000e+00
   4.5650000e+02   2.0000000e+00
   4.5675000e+02   2.0000000e+00
   4.5700000e+02   2.0000000e+00
   4.5725000e+02   2.0000000e+00
   4.5750000e+02   2.0000000e+00
   4.5775000e+02   2.0000000e+00
   4.5800000e+02   2.0000000e+00
   4.5825000e+02   2.0000000e+00
   4.5850000e+02   2.0000000e+00
   4.5875000e+02   2.0000000e+00
   4.5900000e+02   2.0000000e+00
   4.5925000e+02   2.0000000e+00
   4.5950000e+02   2.0000000e+00
   4.5975000e+02   2.0000000e+00
   4.6000000e+02   2.0000000e+00
   4.6025000e+02   2.0000000e+00
   4.6050000e+02   2.0000000e+00
   4.6075000e+02   2.0000000e+00
   4.6100000e+02   2.0000000e+00
   4.6125000e+02   2.0000000e+00
   4.6150000e+02   2.0000000e+00
   4.6175000e+02   2.0000000e+00
   4.6200000e+02   2.0000000e+00
   4.6225000e+02   2.0000000e+00
   4.6250000e+02   2.0000000e+00
   4.6275000e+02   2.0000000e+00
   4.6300000e+02   2.0000000e+00
   4.6325000e+02   2.0000000e+00
   4.6350000e+02   2.0000000e+00
   4.6375000e+02   2.0000000e+00
   4.6400000e+02   2.0000000e+00
   4.6425000e+02   2.0000000e+00
   4.6450000e+02   2.0000000e+00
   4.6475000e+02   2.0000000e+00
   4.6500000e+02   2.0000000e+00
   4.6525000e+02   2.0000000e+00
   4.6550000e+02   2.0000000e+00
   4.6575000e+02   2.0000000e+00
   4.6600000e+02   2.0000000e+00
   4.6625000e+02   2.0000000e+00
   4.6650000e+02   2.0000000e+00
   4.6675000e+02   2.0000000e+00
   4.6700000e+02   2.0000000e+00
   4.6725000e+02   2.0000000e+00
   4.6750000e+02   2.0000000e+00
   4.6775000e+02   2.0000000e+00
   4.6800000e+02   2.0000000e+00
   4.6825000e+02   2.0000000e+00
   4.6850000e+02   2.0000000e+00
   4.6875000e+02   2.0000000e+00
   4.6900000e+02   2.0000000e+00
   4.6925000e+02   2.0000000e+00
   4.6950000e+02   2.0000000e+00
   4.6975000e+02   2.0000000e+00
   4.7000000e+02   2.0000000e+00
   4.7025000e+02   2.0000000e+00
   4.7050000e+02   2.0000000e+00
   4.7075000e+02   2.0000000e+00
   4.7100000e+02   2.0000000e+00
   4.7125000e+02   2.0000000e+00
   4.7150000e+02   2.0000000e+00
   4.7175000e+02   2.0000000e+00
   4.7200000e+02   2.0000000e+00
   4.7225000e+02   2.0000000e+00
   4.7250000e+02   2.0000000e+00
   4.7275000e+02   2.0000000e+00
   4.7300000e+02   2.0000000e+00
   4.7325000e+02   2.0000000e+00
   4.7350000e+02   2.0000000e+00
   4.7375000e+02   2.0000000e+00
   4.7400000e+02   2.0000000e+00
   4.7425000e+02   2.0000000e+00
   4.7450000e+02   2.0000000e+00
   4.7475000e+02   2.0000000e+00
   4.7500000e+02   2.0000000e+00
   4.7525000e+02   2.0000000e+00
   4.7550000e+02   2.0000000e+00
   4.7575000e+02   2.0000000e+00
   4.7600000e+02   2.0000000e+00
   4.7625000e+02   2.0000000e+00
   4.7650000e+02   2.0000000e+00
   4.7675000e+02   2.0000000e+00
   4.7700000e+02   2.0000000e+00
   4.7725000e+02   2.0000000e+00
   4.7750000e+02   2.0000000e+00
   4.7775000e+02   2.0000000e+00
   4.7800000e+02   2.0000000e+00
   4.7825000e+02   2.0000000e+00
   4.7850000e+02   2.0000000e+00
   4.7875000e+02   2.0000000e+00
   4.7900000e+02   2.0000000e+00
   4.7925000e+02   2.0000000e+00
   4.7950000e+02   2.0000000e+00
   4.7975000e+02   2.0000000e+00
   4.8000000e+02   2.0000000e+00
   4.8025000e+02   2.0000000e+00
   4.8050000e+02   2.0000000e+00
   4.8075000e+02   2.0000000e+00
   4.8100000e+02   2.0000000e+00
   4.8125000e+02   2.0000000e+00
   4.8150000e+02   2.0000000e+00
   4.8175000e+02   2.0000000e+00
   4.8200000e+02   2.0000000e+00
   4.8225000e+02   2.0000000e+00
   4.8250000e+02   2.0000000e+00
   4.8275000e+02   2.0000000e+00
   4.8300000e+02   2.0000000e+00
   4.8325000e+02   2.0000000e+00
   4.8350000e+02   2.0000000e+00
   4.8375000e+02   2.0000000e+00
   4.8400000e+02   2.0000000e+00
   4.8425000e+02   2.0000000e+00
   4.8450000e+02   2.0000000e+00
   4.8475000e+02   2.0000000e+00
   4.8500000e+02   2.0000000e+00
   4.8525000e+02   2.0000000e+00
   4.8550000e+02   2.0000000e+00
   4.8575000e+02   2.0000000e+00
   4.8600000e+02   2.0000000e+00
   4.8625000e+02   2.0000000e+00
   4.8650000e+02   2.0000000e+00
   4.8675000e+02   2.0000000e+00
   4.8700000e+02   2.0000000e+00
   4.8725000e+02   2.0000000e+00
   4.8750000e+02   2.0000000e+00
   4.8775000e+02   2.0000000e+00
   4.8800000e+02   2.0000000e+00
   4.8825000e+02   2.0000000e+00
   4.8850000e+02   2.0000000e+00
   4.8875000e+02   2.0000000e+00
   4.8900000e+02   2.0000000e+00
   4.8925000e+02   2.0000000e+00
   4.8950000e+02   2.0000000e+00
   4.8975000e+02   2.0000000e+00
   4.9000000e+02   2.0000000e+00
   4.9025000e+02   2.0000000e+00
   4.9050000e+02   2.0000000e+00
   4.9075000e+02   2.0000000e+00
   4.9100000e+02   2.0000000e+00
   4.9125000e+02   2.0000000e+00
   4.9150000e+02   2.0000000e+00
   4.9175000e+02   2.0000000e+00
   4.9200000e+02   2.0000000e+00
   4.9225000e+02   2.0000000e+00
   4.9250000e+02   2.0000000e+00
   4.9275000e+02   2.0000000e+00
   4.9300000e+02   2.0000000e+00
   4.9325000e+02   2.0000000e+00
   4.9350000e+02   2.0000000e+00
   4.9375000e+02   2.0000000e+00
   4.9400000e+02   2.0000000e+00
   4.9425000e+02   2.0000000e+00
   4.9450000e+02   2.0000000e+00
   4.9475000e+02   2.0000000e+00
   4.9500000e+02   2.0000000e+00
   4.9525000e+02   2.0000000e+00
   4.9550000e+02   2.0000000e+00
   4.9575000e+02   2.0000000e+00
   4.9600000e+02   2.0000000e+00
   4.9625000e+02   2.0000000e+00
   4.9650000e+02   2.0000000e+00
   4.9675000e+02   2.0000000e+00
   4.9700000e+02   2.0000000e+00
   4.9725000e+02   2.0000000e+00
   4.9750000e+02   2.0000000e+00
   4.9775000e+02   2.0000000e+00
   4.9800000e+02   2.0000000e+00
   4.9825000e+02   2.0000000e+00
   4.9850000e+02   2.0000000e+00
   4.9875000e+02   2.0000000e+00
   4.9900000e+02   2.0000000e+00
   4.9925000e+02   2.0000000e+00
   4.9950000e+02   2.0000000e+00
   4.9975000e+02   2.0000000e+00
   5.0000000e+02   2.0000000e+00
   5.0025000e+02   2.0000000e+00
   5.0050000e+02   2.0000000e+00
   5.0075000e+02   2.0000000e+00
   5.0100000e+02   2.0000000e+00
   5.0125000e+02   2.0000000e+00
   5.0150000e+02   2.0000000e+00
   5.0175000e+02   2.0000000e+00
   5.0200000e+02   2.0000000e+00
   5.0225000e+02   2.0000000e+00
   5.0250000e+02   2.0000000e+00
   5.0275000e+02   2.0000000e+00
   5.0300000e+02   2.0000000e+00
   5.0325000e+02   2.0000000e+00
   5.0350000e+02   2.0000000e+00
   5.0375000e+02   2.0000000e+00
   5.0400000e+02   2.0000000e+00
   5.0425000e+02   2.0000000e+00
   5.0450000e+02   2.0000000e+00
   5.0475000e+02   2.0000000e+00
   5.0500000e+02   2.0000000e+00
   5.0525000e+02   2.0000000e+00
   5.0550000e+02   2.0000000e+00
   5.0575000e+02   2.0000000e+00
   5.0600000e+02   2.0000000e+00
   5.0625000e+02   2.0000000e+00
   5.0650000e+02   2.0000000e+00
   5.0675000e+02   2.0000000e+00
   5.0700000e+02   2.0000000e+00
   5.0725000e+02   2.0000000e+00
   5.0750000e+02   2.0000000e+00
   5.0775000e+02   2.0000000e+00
   5.0800000e+02   2.0000000e+00
   5.0825000e+02   2.0000000e+00
   5.0850000e+02   2.0000000e+00
   5.0875000e+02   2.0000000e+00
   5.0900000e+02   2.0000000e+00
   5.0925000e+02   2.0000000e+00
   5.0950000e+02   2.0000000e+00
   5.0975000e+02   2.0000000e+00
   5.1000000e+02   2.0000000e+00
   5.1025000e+02   2.0000000e+00
   5.1050000e+02   2.0000000e+00
   5.1075000e+02   2.0000000e+00
   5.1100000e+02   2.0000000e+00
   5.1125000e+02   2.0000000e+00
   5.1150000e+02   2.0000000e+00
   5.1175000e+02   2.0000000e+00
   5.1200000e+02   2.0000000e+00
   5.1225000e+02   2.0000000e+00
   5.1250000e+02   2.0000000e+00
   5.1275000e+02   2.0000000e+00
   5.1300000e+02   2.0000000e+00
   5.1325000e+02   2.0000000e+00
   5.1350000e+02   2.0000000e+00
   5.1375000e+02   2.0000000e+00
   5.1400000e+02   2.0000000e+00
   5.1425000e+02   2.0000000e+00
   5.1450000e+02   2.0000000e+00
   5.1475000e+02   2.0000000e+00
   5.1500000e+02   2.0000000e+00
   5.1525000e+02   2.0000000e+00
   5.1550000e+02   2.0000000e+00
   5.1575000e+02   2.0000000e+00
   5.1600000e+02   2.0000000e+00
   5.1625000e+02   2.0000000e+00
   5.1650000e+02   2.0000000e+00
   5.1675000e+02   2.0000000e+00
   5.1700000e+02   2.0000000e+00
   5.1725000e+02   2.0000000e+00
   5.1750000e+02   2.0000000e+00
   5.1775000e+02   2.0000000e+00
   5.1800000e+02   2.0000000e+00
   5.1825000e+02   2.0000000e+00
   5.1850000e+02   2.0000000e+00
   5.1875000e+02   2.0000000e+00
   5.1900000e+02   2.0000000e+00
   5.1925000e+02   2.0000000e+00
   5.1950000e+02   2.0000000e+00
   5.1975000e+02   2.0000000e+00
   5.2000000e+02   2.0000000e+00
   5.2025000e+02   2.0000000e+00
   5.2050000e+02   2.0000000e+00
   5.2075000e+02   2.0000000e+00
   5.2100000e+02   2.0000000e+00
   5.2125000e+02   2.0000000e+00
   5.2150000e+02   2.0000000e+00
   5.2175000e+02   2.0000000e+00
   5.2200000e+02   2.0000000e+00
   5.2225000e+02   2.0000000e+00
   5.2250000e+02   2.0000000e+00
   5.2275000e+02   2.0000000e+00
   5.2300000e+02   2.0000000e+00
   5.2325000e+02   2.0000000e+00
   5.2350000e+02   2.0000000e+00
   5.2375000e+02   2.0000000e+00
   5.2400000e+02   2.0000000e+00
   5.2425000e+02   2.0000000e+00
   5.2450000e+02   2.0000000e+00
   5.2475000e+02   2.0000000e+00
   5.2500000e+02   2.0000000e+00
   5.2525000e+02   2.0000000e+00
   5.2550000e+02   2.0000000e+00
   5.2575000e+02   2.0000000e+00
   5.2600000e+02   2.0000000e+00
   5.2625000e+02   2.0000000e+00
   5.2650000e+02   2.0000000e+00
   5.2675000e+02   2.0000000e+00
   5.2700000e+02   2.0000000e+00
   5.2725000e+02   2.0000000e+00
   5.2750000e+02   2.0000000e+00
   5.2775000e+02   2.0000000e+00
   5.2800000e+02   2.0000000e+00
   5.2825000e+02   2.0000000e+00
   5.2850000e+02   2.0000000e+00
   5.2875000e+02   2.0000000e+00
   5.2900000e+02   2.0000000e+00
   5.2925000e+02   2.0000000e+00
   5.2950000e+02   2.0000000e+00
   5.2975000e+02   2.0000000e+00
   5.3000000e+02   2.0000000e+00
   5.3025000e+02   2.0000000e+00
   5.3050000e+02   2.0000000e+00
   5.3075000e+02   2.0000000e+00
   5.3100000e+02   2.0000000e+00
   5.3125000e+02   2.0000000e+00
   5.3150000e+02   2.0000000e+00
   5.3175000e+02   2.0000000e+00
   5.3200000e+02   2.0000000e+00
   5.3225000e+02   2.0000000e+00
   5.3250000e+02   2.0000000e+00
   5.3275000e+02   2.0000000e+00
   5.3300000e+02   2.0000000e+00
   5.3325000e+02   2.0000000e+00
   5.3350000e+02   2.0000000e+00
   5.3375000e+02   2.0000000e+00
   5.3400000e+02   2.0000000e+00
   5.3425000e+02   2.0000000e+00
   5.3450000e+02   2.0000000e+00
   5.3475000e+02   2.0000000e+00
   5.3500000e+02   2.0000000e+00
   5.3525000e+02   2.0000000e+00
   5.3550000e+02   2.0000000e+00
   5.3575000e+02   2.0000000e+00
   5.3600000e+02   2.0000000e+00
   5.3625000e+02   2.0000000e+00
   5.3650000e+02   2.0000000e+00
   5.3675000e+02   2.0000000e+00
   5.3700000e+02   2.0000000e+00
   5.3725000e+02   2.0000000e+00
   5.3750000e+02   2.0000000e+00
   5.3775000e+02   2.0000000e+00
   5.3800000e+02   2.0000000e+00
   5.3825000e+02   2.0000000e+00
   5.3850000e+02   2.0000000e+00
   5.3875000e+02   2.0000000e+00
   5.3900000e+02   2.0000000e+00
   5.3925000e+02   2.0000000e+00
   5.3950000e+02   2.0000000e+00
   5.3975000e+02   2.0000000e+00
   5.4000000e+02   2.0000000e+00
   5.4025000e+02   2.0000000e+00
   5.4050000e+02   2.0000000e+00
   5.4075000e+02   2.0000000e+00
   5.4100000e+02   2.0000000e+00
   5.4125000e+02   2.0000000e+00
   5.4150000e+02   2.0000000e+00
   5.4175000e+02   2.0000000e+00
   5.4200000e+02   2.0000000e+00
   5.4225000e+02   2.0000000e+00
   5.4250000e+02   2.0000000e+00
   5.4275000e+02   2.0000000e+00
   5.4300000e+02   2.0000000e+00
   5.4325000e+02   2.0000000e+00
   5.4350000e+02   2.0000000e+00
   5.4375000e+02   2.0000000e+00
   5.4400000e+02   2.0000000e+00
   5.4425000e+02   2.0000000e+00
   5.4450000e+02   2.0000000e+00
   5.4475000e+02   2.0000000e+00
   5.4500000e+02   2.0000000e+00
   5.4525000e+02   2.0000000e+00
   5.4550000e+02   2.0000000e+00
   5.4575000e+02   2.0000000e+00
   5.4600000e+02   2.0000000e+00
   5.4625000e+02   2.0000000e+00
   5.4650000e+02   2.0000000e+00
   5.4675000e+02   2.0000000e+00
   5.4700000e+02   2.0000000e+00
   5.4725000e+02   2.0000000e+00
   5.4750000e+02   2.0000000e+00
   5.4775000e+02   2.0000000e+00
   5.4800000e+02   2.0000000e+00
   5.4825000e+02   2.0000000e+00
   5.4850000e+02   2.0000000e+00
   5.4875000e+02   2.0000000e+00
   5.4900000e+02   2.0000000e+00
   5.4925000e+02   2.0000000e+00
   5.4950000e+02   2.0000000e+00
   5.4975000e+02   2.0000000e+00
   5.5000000e+02   2.0000000e+00
   5.5025000e+02   2.0000000e+00
   5.5050000e+02   2.0000000e+00
   5.5075000e+02   2.0000000e+00
   5.5100000e+02   2.0000000e+00
   5.5125000e+02   2.0000000e+00
   5.5150000e+02   2.0000000e+00
   5.5175000e+02   2.0000000e+00
   5.5200000e+02   2.0000000e+00
   5.5225000e+02   2.0000000e+00
   5.5250000e+02   2.0000000e+00
   5.5275000e+02   2.0000000e+00
   5.5300000e+02   2.0000000e+00
   5.5325000e+02   2.0000000e+00
   5.5350000e+02   2.0000000e+00
   5.5375000e+02   2.0000000e+00
   5.5400000e+02   2.0000000e+00
   5.5425000e+02   2.0000000e+00
   5.5450000e+02   2.0000000e+00
   5.5475000e+02   2.0000000e+00
   5.5500000e+02   2.0000000e+00
   5.5525000e+02   2.0000000e+00
   5.5550000e+02   2.0000000e+00
   5.5575000e+02   2.0000000e+00
   5.5600000e+02   2.0000000e+00
   5.5625000e+02   2.0000000e+00
   5.5650000e+02   2.0000000e+00
   5.5675000e+02   2.0000000e+00
   5.5700000e+02   2.0000000e+00
   5.5725000e+02   2.0000000e+00
   5.5750000e+02   2.0000000e+00
   5.5775000e+02   2.0000000e+00
   5.5800000e+02   2.0000000e+00
   5.5825000e+02   2.0000000e+00
   5.5850000e+02   2.0000000e+00
   5.5875000e+02   2.0000000e+00
   5.5900000e+02   2.0000000e+00
   5.5925000e+02   2.0000000e+00
   5.5950000e+02   2.0000000e+00
   5.5975000e+02   2.0000000e+00
   5.6000000e+02   2.0000000e+00
   5.6025000e+02   2.0000000e+00
   5.6050000e+02   2.0000000e+00
   5.6075000e+02   2.0000000e+00
   5.6100000e+02   2.0000000e+00
   5.6125000e+02   2.0000000e+00
   5.6150000e+02   2.0000000e+00
   5.6175000e+02   2.0000000e+00
   5.6200000e+02   2.0000000e+00
   5.6225000e+02   2.0000000e+00
   5.6250000e+02   2.0000000e+00
   5.6275000e+02   2.0000000e+00
   5.6300000e+02   2.0000000e+00
   5.6325000e+02   2.0000000e+00
   5.6350000e+02   2.0000000e+00
   5.6375000e+02   2.0000000e+00
   5.6400000e+02   2.0000000e+00
   5.6425000e+02   2.0000000e+00
   5.6450000e+02   2.0000000e+00
   5.6475000e+02   2.0000000e+00
   5.6500000e+02   2.0000000e+00
   5.6525000e+02   2.0000000e+00
   5.6550000e+02   2.0000000e+00
   5.6575000e+02   2.0000000e+00
   5.6600000e+02   2.0000000e+00
   5.6625000e+02   2.0000000e+00
   5.6650000e+02   2.0000000e+00
   5.6675000e+02   2.0000000e+00
   5.6700000e+02   2.0000000e+00
   5.6725000e+02   2.0000000e+00
   5.6750000e+02   2.0000000e+00
   5.6775000e+02   2.0000000e+00
   5.6800000e+02   2.0000000e+00
   5.6825000e+02   2.0000000e+00
   5.6850000e+02   2.0000000e+00
   5.6875000e+02   2.0000000e+00
   5.6900000e+02   2.0000000e+00
   5.6925000e+02   2.0000000e+00
   5.6950000e+02   2.0000000e+00
   5.6975000e+02   2.0000000e+00
   5.7000000e+02   2.0000000e+00
   5.7025000e+02   2.0000000e+00
   5.7050000e+02   2.0000000e+00
   5.7075000e+02   2.0000000e+00
   5.7100000e+02   2.0000000e+00
   5.7125000e+02   2.0000000e+00
   5.7150000e+02   2.0000000e+00
   5.7175000e+02   2.0000000e+00
   5.7200000e+02   2.0000000e+00
   5.7225000e+02   2.0000000e+00
   5.7250000e+02   2.0000000e+00
   5.7275000e+02   2.0000000e+00
   5.7300000e+02   2.0000000e+00
   5.7325000e+02   2.0000000e+00
   5.7350000e+02   2.0000000e+00
   5.7375000e+02   2.0000000e+00
   5.7400000e+02   2.0000000e+00
   5.7425000e+02   2.0000000e+00
   5.7450000e+02   2.0000000e+00
   5.7475000e+02   2.0000000e+00
   5.7500000e+02   2.0000000e+00
   5.7525000e+02   2.0000000e+00
   5.7550000e+02   2.0000000e+00
   5.7575000e+02   2.0000000e+00
   5.7600000e+02   2.0000000e+00
   5.7625000e+02   2.0000000e+00
   5.7650000e+02   2.0000000e+00
   5.7675000e+02   2.0000000e+00
   5.7700000e+02   2.0000000e+00
   5.7725000e+02   2.0000000e+00
   5.7750000e+02   2.0000000e+00
   5.7775000e+02   2.0000000e+00
   5.7800000e+02   2.0000000e+00
   5.7825000e+02   2.0000000e+00
   5.7850000e+02   2.0000000e+00
   5.7875000e+02   2.0000000e+00
   5.7900000e+02   2.0000000e+00
   5.7925000e+02   2.0000000e+00
   5.7950000e+02   2.0000000e+00
   5.7975000e+02   2.0000000e+00
   5.8000000e+02   2.0000000e+00
   5.8025000e+02   2.0000000e+00
   5.8050000e+02   2.0000000e+00
   5.8075000e+02   2.0000000e+00
   5.8100000e+02   2.0000000e+00
   5.8125000e+02   2.0000000e+00
   5.8150000e+02   2.0000000e+00
   5.8175000e+02   2.0000000e+00
   5.8200000e+02   2.0000000e+00
   5.8225000e+02   2.0000000e+00
   5.8250000e+02   2.0000000e+00
   5.8275000e+02   2.0000000e+00
   5.8300000e+02   2.0000000e+00
   5.8325000e+02   2.0000000e+00
   5.8350000e+02   2.0000000e+00
   5.8375000e+02   2.0000000e+00
   5.8400000e+02   2.0000000e+00
   5.8425000e+02   2.0000000e+00
   5.8450000e+02   2.0000000e+00
   5.8475000e+02   2.0000000e+00
   5.8500000e+02   2.0000000e+00
   5.8525000e+02   2.0000000e+00
   5.8550000e+02   2.0000000e+00
   5.8575000e+02   2.0000000e+00
   5.8600000e+02   2.0000000e+00
   5.8625000e+02   2.0000000e+00
   5.8650000e+02   2.0000000e+00
   5.8675000e+02   2.0000000e+00
   5.8700000e+02   2.0000000e+00
   5.8725000e+02   2.0000000e+00
   5.8750000e+02   2.0000000e+00
   5.8775000e+02   2.0000000e+00
   5.8800000e+02   2.0000000e+00
   5.8825000e+02   2.0000000e+00
   5.8850000e+02   2.0000000e+00
   5.8875000e+02   2.0000000e+00
   5.8900000e+02   2.0000000e+00
   5.8925000e+02   2.0000000e+00
   5.8950000e+02   2.0000000e+00
   5.8975000e+02   2.0000000e+00
   5.9000000e+02   2.0000000e+00
   5.9025000e+02   2.0000000e+00
   5.9050000e+02   2.0000000e+00
   5.9075000e+02   2.0000000e+00
   5.9100000e+02   2.0000000e+00
   5.9125000e+02   2.0000000e+00
   5.9150000e+02   2.0000000e+00
   5.9175000e+02   2.0000000e+00
   5.9200000e+02   2.0000000e+00
   5.9225000e+02   2.0000000e+00
   5.9250000e+02   2.0000000e+00
   5.9275000e+02   2.0000000e+00
   5.9300000e+02   2.0000000e+00
   5.9325000e+02   2.0000000e+00
   5.9350000e+02   2.0000000e+00
   5.9375000e+02   2.0000000e+00
   5.9400000e+02   2.0000000e+00
   5.9425000e+02   2.0000000e+00
   5.9450000e+02   2.0000000e+00
   5.9475000e+02   2.0000000e+00
   5.9500000e+02   2.0000000e+00
   5.9525000e+02   2.0000000e+00
   5.9550000e+02   2.0000000e+00
   5.9575000e+02   2.0000000e+00
   5.9600000e+02   2.0000000e+00
   5.9625000e+02   2.0000000e+00
   5.9650000e+02   2.0000000e+00
   5.9675000e+02   2.0000000e+00
   5.9700000e+02   2.0000000e+00
   5.9725000e+02   2.0000000e+00
   5.9750000e+02   2.0000000e+00
   5.9775000e+02   2.0000000e+00
   5.9800000e+02   2.0000000e+00
   5.9825000e+02   2.0000000e+00
   5.9850000e+02   2.0000000e+00
   5.9875000e+02   2.0000000e+00
   5.9900000e+02   2.0000000e+00
   5.9925000e+02   2.0000000e+00
   5.9950000e+02   2.0000000e+00
   5.9975000e+02   2.0000000e+00
   6.0000000e+02   2.0000000e+00
