   0.0000000e+00   9.2947368e+01
   2.5000000e-01   9.2790318e+01
   5.0000000e-01   9.2633701e+01
   7.5000000e-01   9.2477515e+01
   1.0000000e+00   9.2321760e+01
   1.2500000e+00   9.2166435e+01
   1.5000000e+00   9.2011538e+01
   1.7500000e+00   9.1857069e+01
   2.0000000e+00   9.1703025e+01
   2.2500000e+00   9.1549406e+01
   2.5000000e+00   9.1396211e+01
   2.7500000e+00   9.1243439e+01
   3.0000000e+00   9.1091087e+01
   3.2500000e+00   9.0939156e+01
   3.5000000e+00   9.0787644e+01
   3.7500000e+00   9.0636549e+01
   4.0000000e+00   9.0485872e+01
   4.2500000e+00   9.0335610e+01
   4.5000000e+00   9.0185762e+01
   4.7500000e+00   9.0036327e+01
   5.0000000e+00   8.9887305e+01
   5.2500000e+00   8.9738694e+01
   5.5000000e+00   8.9590492e+01
   5.7500000e+00   8.9442699e+01
   6.0000000e+00   8.9295314e+01
   6.2500000e+00   8.9148335e+01
   6.5000000e+00   8.9001762e+01
   6.7500000e+00   8.8855593e+01
   7.0000000e+00   8.8709826e+01
   7.2500000e+00   8.8564462e+01
   7.5000000e+00   8.8419499e+01
   7.7500000e+00   8.8274936e+01
   8.0000000e+00   8.8130771e+01
   8.2500000e+00   8.7987004e+01
   8.5000000e+00   8.7843633e+01
   8.7500000e+00   8.7700658e+01
   9.0000000e+00   8.7558077e+01
   9.2500000e+00   8.7415889e+01
   9.5000000e+00   8.7274093e+01
   9.7500000e+00   8.7132689e+01
   1.0000000e+01   8.6991674e+01
   1.0250000e+01   8.6851048e+01
   1.0500000e+01   8.6710810e+01
   1.0750000e+01   8.6570959e+01
   1.1000000e+01   8.6431494e+01
   1.1250000e+01   8.6292413e+01
   1.1500000e+01   8.6153715e+01
   1.1750000e+01   8.6015401e+01
   1.2000000e+01   8.5877467e+01
   1.2250000e+01   8.5739914e+01
   1.2500000e+01   8.5602741e+01
   1.2750000e+01   8.5465945e+01
   1.3000000e+01   8.5329527e+01
   1.3250000e+01   8.5193485e+01
   1.3500000e+01   8.5057819e+01
   1.3750000e+01   8.4922526e+01
   1.4000000e+01   8.4787607e+01
   1.4250000e+01   8.4653059e+01
   1.4500000e+01   8.4518883e+01
   1.4750000e+01   8.4385077e+01
   1.5000000e+01   8.4251639e+01
   1.5250000e+01   8.4118570e+01
   1.5500000e+01   8.3985868e+01
   1.5750000e+01   8.3853532e+01
   1.6000000e+01   8.3721560e+01
   1.6250000e+01   8.3589953e+01
   1.6500000e+01   8.3458709e+01
   1.6750000e+01   8.3327826e+01
   1.7000000e+01   8.3197304e+01
   1.7250000e+01   8.3067143e+01
   1.7500000e+01   8.2937340e+01
   1.7750000e+01   8.2807896e+01
   1.8000000e+01   8.2678808e+01
   1.8250000e+01   8.2550076e+01
   1.8500000e+01   8.2421700e+01
   1.8750000e+01   8.2293677e+01
   1.9000000e+01   8.2166008e+01
   1.9250000e+01   8.2038690e+01
   1.9500000e+01   8.1911724e+01
   1.9750000e+01   8.1785108e+01
   2.0000000e+01   8.1658841e+01
   2.0250000e+01   8.1532922e+01
   2.0500000e+01   8.1407350e+01
   2.0750000e+01   8.1282125e+01
   2.1000000e+01   8.1157245e+01
   2.1250000e+01   8.1032710e+01
   2.1500000e+01   8.0908518e+01
   2.1750000e+01   8.0784668e+01
   2.2000000e+01   8.0661160e+01
   2.2250000e+01   8.0537993e+01
   2.2500000e+01   8.0415165e+01
   2.2750000e+01   8.0292676e+01
   2.3000000e+01   8.0170525e+01
   2.3250000e+01   8.0048711e+01
   2.3500000e+01   7.9927232e+01
   2.3750000e+01   7.9806089e+01
   2.4000000e+01   7.9685280e+01
   2.4250000e+01   7.9564804e+01
   2.4500000e+01   7.9444660e+01
   2.4750000e+01   7.9324848e+01
   2.5000000e+01   7.9205366e+01
   2.5250000e+01   7.9086213e+01
   2.5500000e+01   7.8967389e+01
   2.5750000e+01   7.8848893e+01
   2.6000000e+01   7.8730723e+01
   2.6250000e+01   7.8612880e+01
   2.6500000e+01   7.8495361e+01
   2.6750000e+01   7.8378167e+01
   2.7000000e+01   7.8261295e+01
   2.7250000e+01   7.8144746e+01
   2.7500000e+01   7.8028519e+01
   2.7750000e+01   7.7912612e+01
   2.8000000e+01   7.7797025e+01
   2.8250000e+01   7.7681756e+01
   2.8500000e+01   7.7566805e+01
   2.8750000e+01   7.7452172e+01
   2.9000000e+01   7.7337854e+01
   2.9250000e+01   7.7223852e+01
   2.9500000e+01   7.7110164e+01
   2.9750000e+01   7.6996790e+01
   3.0000000e+01   7.6883728e+01
   3.0250000e+01   7.6770978e+01
   3.0500000e+01   7.6658539e+01
   3.0750000e+01   7.6546410e+01
   3.1000000e+01   7.6434591e+01
   3.1250000e+01   7.6323079e+01
   3.1500000e+01   7.6211876e+01
   3.1750000e+01   7.6100979e+01
   3.2000000e+01   7.5990387e+01
   3.2250000e+01   7.5880101e+01
   3.2500000e+01   7.5770119e+01
   3.2750000e+01   7.5660440e+01
   3.3000000e+01   7.5551064e+01
   3.3250000e+01   7.5441989e+01
   3.3500000e+01   7.5333216e+01
   3.3750000e+01   7.5224742e+01
   3.4000000e+01   7.5116567e+01
   3.4250000e+01   7.5008691e+01
   3.4500000e+01   7.4901112e+01
   3.4750000e+01   7.4793830e+01
   3.5000000e+01   7.4686843e+01
   3.5250000e+01   7.4580152e+01
   3.5500000e+01   7.4473755e+01
   3.5750000e+01   7.4367651e+01
   3.6000000e+01   7.4261840e+01
   3.6250000e+01   7.4156321e+01
   3.6500000e+01   7.4051093e+01
   3.6750000e+01   7.3946155e+01
   3.7000000e+01   7.3841506e+01
   3.7250000e+01   7.3737146e+01
   3.7500000e+01   7.3633074e+01
   3.7750000e+01   7.3529289e+01
   3.8000000e+01   7.3425790e+01
   3.8250000e+01   7.3322576e+01
   3.8500000e+01   7.3219648e+01
   3.8750000e+01   7.3117003e+01
   3.9000000e+01   7.3014641e+01
   3.9250000e+01   7.2912561e+01
   3.9500000e+01   7.2810763e+01
   3.9750000e+01   7.2709245e+01
   4.0000000e+01   7.2608008e+01
   4.0250000e+01   7.2507050e+01
   4.0500000e+01   7.2406370e+01
   4.0750000e+01   7.2305968e+01
   4.1000000e+01   7.2205843e+01
   4.1250000e+01   7.2105993e+01
   4.1500000e+01   7.2006420e+01
   4.1750000e+01   7.1907121e+01
   4.2000000e+01   7.1808095e+01
   4.2250000e+01   7.1709343e+01
   4.2500000e+01   7.1610863e+01
   4.2750000e+01   7.1512655e+01
   4.3000000e+01   7.1414717e+01
   4.3250000e+01   7.1317050e+01
   4.3500000e+01   7.1219652e+01
   4.3750000e+01   7.1122523e+01
   4.4000000e+01   7.1025661e+01
   4.4250000e+01   7.0929067e+01
   4.4500000e+01   7.0832739e+01
   4.4750000e+01   7.0736676e+01
   4.5000000e+01   7.0640879e+01
   4.5250000e+01   7.0545346e+01
   4.5500000e+01   7.0450076e+01
   4.5750000e+01   7.0355069e+01
   4.6000000e+01   7.0260324e+01
   4.6250000e+01   7.0165840e+01
   4.6500000e+01   7.0071617e+01
   4.6750000e+01   6.9977654e+01
   4.7000000e+01   6.9883949e+01
   4.7250000e+01   6.9790504e+01
   4.7500000e+01   6.9697316e+01
   4.7750000e+01   6.9604385e+01
   4.8000000e+01   6.9511710e+01
   4.8250000e+01   6.9419291e+01
   4.8500000e+01   6.9327126e+01
   4.8750000e+01   6.9235216e+01
   4.9000000e+01   6.9143559e+01
   4.9250000e+01   6.9052155e+01
   4.9500000e+01   6.8961004e+01
   4.9750000e+01   6.8870103e+01
   5.0000000e+01   6.8779453e+01
   5.0250000e+01   6.8689054e+01
   5.0500000e+01   6.8598903e+01
   5.0750000e+01   6.8509001e+01
   5.1000000e+01   6.8419347e+01
   5.1250000e+01   6.8329941e+01
   5.1500000e+01   6.8240781e+01
   5.1750000e+01   6.8151866e+01
   5.2000000e+01   6.8063197e+01
   5.2250000e+01   6.7974773e+01
   5.2500000e+01   6.7886592e+01
   5.2750000e+01   6.7798655e+01
   5.3000000e+01   6.7710960e+01
   5.3250000e+01   6.7623507e+01
   5.3500000e+01   6.7536295e+01
   5.3750000e+01   6.7449324e+01
   5.4000000e+01   6.7362592e+01
   5.4250000e+01   6.7276100e+01
   5.4500000e+01   6.7189846e+01
   5.4750000e+01   6.7103830e+01
   5.5000000e+01   6.7018051e+01
   5.5250000e+01   6.6932509e+01
   5.5500000e+01   6.6847203e+01
   5.5750000e+01   6.6762132e+01
   5.6000000e+01   6.6677296e+01
   5.6250000e+01   6.6592693e+01
   5.6500000e+01   6.6508324e+01
   5.6750000e+01   6.6424188e+01
   5.7000000e+01   6.6340283e+01
   5.7250000e+01   6.6256611e+01
   5.7500000e+01   6.6173168e+01
   5.7750000e+01   6.6089956e+01
   5.8000000e+01   6.6006974e+01
   5.8250000e+01   6.5924220e+01
   5.8500000e+01   6.5841694e+01
   5.8750000e+01   6.5759396e+01
   5.9000000e+01   6.5677325e+01
   5.9250000e+01   6.5595481e+01
   5.9500000e+01   6.5513862e+01
   5.9750000e+01   6.5432468e+01
   6.0000000e+01   6.5351298e+01
   6.0250000e+01   6.5270353e+01
   6.0500000e+01   6.5189631e+01
   6.0750000e+01   6.5109131e+01
   6.1000000e+01   6.5028853e+01
   6.1250000e+01   6.4948797e+01
   6.1500000e+01   6.4868961e+01
   6.1750000e+01   6.4789346e+01
   6.2000000e+01   6.4709950e+01
   6.2250000e+01   6.4630773e+01
   6.2500000e+01   6.4551815e+01
   6.2750000e+01   6.4473074e+01
   6.3000000e+01   6.4394551e+01
   6.3250000e+01   6.4316244e+01
   6.3500000e+01   6.4238153e+01
   6.3750000e+01   6.4160277e+01
   6.4000000e+01   6.4082616e+01
   6.4250000e+01   6.4005169e+01
   6.4500000e+01   6.3927936e+01
   6.4750000e+01   6.3850916e+01
   6.5000000e+01   6.3774108e+01
   6.5250000e+01   6.3697512e+01
   6.5500000e+01   6.3621127e+01
   6.5750000e+01   6.3544953e+01
   6.6000000e+01   6.3468989e+01
   6.6250000e+01   6.3393235e+01
   6.6500000e+01   6.3317689e+01
   6.6750000e+01   6.3242352e+01
   6.7000000e+01   6.3167223e+01
   6.7250000e+01   6.3092301e+01
   6.7500000e+01   6.3017585e+01
   6.7750000e+01   6.2943075e+01
   6.8000000e+01   6.2868771e+01
   6.8250000e+01   6.2794672e+01
   6.8500000e+01   6.2720777e+01
   6.8750000e+01   6.2647086e+01
   6.9000000e+01   6.2573598e+01
   6.9250000e+01   6.2500313e+01
   6.9500000e+01   6.2427230e+01
   6.9750000e+01   6.2354349e+01
   7.0000000e+01   6.2281668e+01
   7.0250000e+01   6.2209188e+01
   7.0500000e+01   6.2136908e+01
   7.0750000e+01   6.2064827e+01
   7.1000000e+01   6.1992945e+01
   7.1250000e+01   6.1921261e+01
   7.1500000e+01   6.1849775e+01
   7.1750000e+01   6.1778486e+01
   7.2000000e+01   6.1707394e+01
   7.2250000e+01   6.1636497e+01
   7.2500000e+01   6.1565797e+01
   7.2750000e+01   6.1495291e+01
   7.3000000e+01   6.1424979e+01
   7.3250000e+01   6.1354862e+01
   7.3500000e+01   6.1284938e+01
   7.3750000e+01   6.1215207e+01
   7.4000000e+01   6.1145668e+01
   7.4250000e+01   6.1076320e+01
   7.4500000e+01   6.1007165e+01
   7.4750000e+01   6.0938199e+01
   7.5000000e+01   6.0869424e+01
   7.5250000e+01   6.0800839e+01
   7.5500000e+01   6.0732443e+01
   7.5750000e+01   6.0664235e+01
   7.6000000e+01   6.0596216e+01
   7.6250000e+01   6.0528384e+01
   7.6500000e+01   6.0460739e+01
   7.6750000e+01   6.0393281e+01
   7.7000000e+01   6.0326008e+01
   7.7250000e+01   6.0258922e+01
   7.7500000e+01   6.0192020e+01
   7.7750000e+01   6.0125303e+01
   7.8000000e+01   6.0058770e+01
   7.8250000e+01   5.9992420e+01
   7.8500000e+01   5.9926253e+01
   7.8750000e+01   5.9860269e+01
   7.9000000e+01   5.9794467e+01
   7.9250000e+01   5.9728846e+01
   7.9500000e+01   5.9663406e+01
   7.9750000e+01   5.9598147e+01
   8.0000000e+01   5.9533067e+01
   8.0250000e+01   5.9468167e+01
   8.0500000e+01   5.9403446e+01
   8.0750000e+01   5.9338904e+01
   8.1000000e+01   5.9274540e+01
   8.1250000e+01   5.9210353e+01
   8.1500000e+01   5.9146343e+01
   8.1750000e+01   5.9082509e+01
   8.2000000e+01   5.9018852e+01
   8.2250000e+01   5.8955370e+01
   8.2500000e+01   5.8892063e+01
   8.2750000e+01   5.8828931e+01
   8.3000000e+01   5.8765973e+01
   8.3250000e+01   5.8703189e+01
   8.3500000e+01   5.8640577e+01
   8.3750000e+01   5.8578139e+01
   8.4000000e+01   5.8515872e+01
   8.4250000e+01   5.8453778e+01
   8.4500000e+01   5.8391854e+01
   8.4750000e+01   5.8330102e+01
   8.5000000e+01   5.8268519e+01
   8.5250000e+01   5.8207107e+01
   8.5500000e+01   5.8145864e+01
   8.5750000e+01   5.8084789e+01
   8.6000000e+01   5.8023884e+01
   8.6250000e+01   5.7963146e+01
   8.6500000e+01   5.7902575e+01
   8.6750000e+01   5.7842172e+01
   8.7000000e+01   5.7781935e+01
   8.7250000e+01   5.7721865e+01
   8.7500000e+01   5.7661960e+01
   8.7750000e+01   5.7602220e+01
   8.8000000e+01   5.7542645e+01
   8.8250000e+01   5.7483234e+01
   8.8500000e+01   5.7423987e+01
   8.8750000e+01   5.7364904e+01
   8.9000000e+01   5.7305983e+01
   8.9250000e+01   5.7247225e+01
   8.9500000e+01   5.7188629e+01
   8.9750000e+01   5.7130195e+01
   9.0000000e+01   5.7071922e+01
   9.0250000e+01   5.7013809e+01
   9.0500000e+01   5.6955857e+01
   9.0750000e+01   5.6898065e+01
   9.1000000e+01   5.6840432e+01
   9.1250000e+01   5.6782957e+01
   9.1500000e+01   5.6725642e+01
   9.1750000e+01   5.6668484e+01
   9.2000000e+01   5.6611484e+01
   9.2250000e+01   5.6554642e+01
   9.2500000e+01   5.6497956e+01
   9.2750000e+01   5.6441426e+01
   9.3000000e+01   5.6385052e+01
   9.3250000e+01   5.6328834e+01
   9.3500000e+01   5.6272771e+01
   9.3750000e+01   5.6216862e+01
   9.4000000e+01   5.6161108e+01
   9.4250000e+01   5.6105507e+01
   9.4500000e+01   5.6050060e+01
   9.4750000e+01   5.5994765e+01
   9.5000000e+01   5.5939623e+01
   9.5250000e+01   5.5884634e+01
   9.5500000e+01   5.5829795e+01
   9.5750000e+01   5.5775108e+01
   9.6000000e+01   5.5720572e+01
   9.6250000e+01   5.5666186e+01
   9.6500000e+01   5.5611951e+01
   9.6750000e+01   5.5557864e+01
   9.7000000e+01   5.5503927e+01
   9.7250000e+01   5.5450139e+01
   9.7500000e+01   5.5396499e+01
   9.7750000e+01   5.5343007e+01
   9.8000000e+01   5.5289663e+01
   9.8250000e+01   5.5236465e+01
   9.8500000e+01   5.5183415e+01
   9.8750000e+01   5.5130510e+01
   9.9000000e+01   5.5077752e+01
   9.9250000e+01   5.5025139e+01
   9.9500000e+01   5.4972671e+01
   9.9750000e+01   5.4920348e+01
   1.0000000e+02   5.4868169e+01
   1.0025000e+02   5.4816134e+01
   1.0050000e+02   5.4764242e+01
   1.0075000e+02   5.4712494e+01
   1.0100000e+02   5.4660888e+01
   1.0125000e+02   5.4609425e+01
   1.0150000e+02   5.4558104e+01
   1.0175000e+02   5.4506924e+01
   1.0200000e+02   5.4455885e+01
   1.0225000e+02   5.4404987e+01
   1.0250000e+02   5.4354229e+01
   1.0275000e+02   5.4303612e+01
   1.0300000e+02   5.4253134e+01
   1.0325000e+02   5.4202795e+01
   1.0350000e+02   5.4152595e+01
   1.0375000e+02   5.4102533e+01
   1.0400000e+02   5.4052610e+01
   1.0425000e+02   5.4002824e+01
   1.0450000e+02   5.3953176e+01
   1.0475000e+02   5.3903664e+01
   1.0500000e+02   5.3854289e+01
   1.0525000e+02   5.3805050e+01
   1.0550000e+02   5.3755947e+01
   1.0575000e+02   5.3706979e+01
   1.0600000e+02   5.3658147e+01
   1.0625000e+02   5.3609449e+01
   1.0650000e+02   5.3560885e+01
   1.0675000e+02   5.3512455e+01
   1.0700000e+02   5.3464159e+01
   1.0725000e+02   5.3415996e+01
   1.0750000e+02   5.3367966e+01
   1.0775000e+02   5.3320068e+01
   1.0800000e+02   5.3272303e+01
   1.0825000e+02   5.3224669e+01
   1.0850000e+02   5.3177166e+01
   1.0875000e+02   5.3129795e+01
   1.0900000e+02   5.3082554e+01
   1.0925000e+02   5.3035443e+01
   1.0950000e+02   5.2988463e+01
   1.0975000e+02   5.2941612e+01
   1.1000000e+02   5.2894890e+01
   1.1025000e+02   5.2848297e+01
   1.1050000e+02   5.2801832e+01
   1.1075000e+02   5.2755496e+01
   1.1100000e+02   5.2709287e+01
   1.1125000e+02   5.2663206e+01
   1.1150000e+02   5.2617252e+01
   1.1175000e+02   5.2571425e+01
   1.1200000e+02   5.2525724e+01
   1.1225000e+02   5.2480149e+01
   1.1250000e+02   5.2434699e+01
   1.1275000e+02   5.2389376e+01
   1.1300000e+02   5.2344177e+01
   1.1325000e+02   5.2299102e+01
   1.1350000e+02   5.2254152e+01
   1.1375000e+02   5.2209326e+01
   1.1400000e+02   5.2164624e+01
   1.1425000e+02   5.2120045e+01
   1.1450000e+02   5.2075589e+01
   1.1475000e+02   5.2031255e+01
   1.1500000e+02   5.1987044e+01
   1.1525000e+02   5.1942955e+01
   1.1550000e+02   5.1898987e+01
   1.1575000e+02   5.1855140e+01
   1.1600000e+02   5.1811415e+01
   1.1625000e+02   5.1767810e+01
   1.1650000e+02   5.1724325e+01
   1.1675000e+02   5.1680960e+01
   1.1700000e+02   5.1637715e+01
   1.1725000e+02   5.1594589e+01
   1.1750000e+02   5.1551582e+01
   1.1775000e+02   5.1508693e+01
   1.1800000e+02   5.1465923e+01
   1.1825000e+02   5.1423271e+01
   1.1850000e+02   5.1380737e+01
   1.1875000e+02   5.1338319e+01
   1.1900000e+02   5.1296019e+01
   1.1925000e+02   5.1253835e+01
   1.1950000e+02   5.1211768e+01
   1.1975000e+02   5.1169817e+01
   1.2000000e+02   5.1127981e+01
   1.2025000e+02   5.1086261e+01
   1.2050000e+02   5.1044656e+01
   1.2075000e+02   5.1003165e+01
   1.2100000e+02   5.0961789e+01
   1.2125000e+02   5.0920527e+01
   1.2150000e+02   5.0879379e+01
   1.2175000e+02   5.0838345e+01
   1.2200000e+02   5.0797423e+01
   1.2225000e+02   5.0756615e+01
   1.2250000e+02   5.0715919e+01
   1.2275000e+02   5.0675335e+01
   1.2300000e+02   5.0634863e+01
   1.2325000e+02   5.0594503e+01
   1.2350000e+02   5.0554254e+01
   1.2375000e+02   5.0514116e+01
   1.2400000e+02   5.0474088e+01
   1.2425000e+02   5.0434171e+01
   1.2450000e+02   5.0394365e+01
   1.2475000e+02   5.0354668e+01
   1.2500000e+02   5.0315080e+01
   1.2525000e+02   5.0275602e+01
   1.2550000e+02   5.0236232e+01
   1.2575000e+02   5.0196971e+01
   1.2600000e+02   5.0157818e+01
   1.2625000e+02   5.0118774e+01
   1.2650000e+02   5.0079837e+01
   1.2675000e+02   5.0041007e+01
   1.2700000e+02   5.0002285e+01
   1.2725000e+02   4.9963669e+01
   1.2750000e+02   4.9925160e+01
   1.2775000e+02   4.9886757e+01
   1.2800000e+02   4.9848459e+01
   1.2825000e+02   4.9810268e+01
   1.2850000e+02   4.9772182e+01
   1.2875000e+02   4.9734200e+01
   1.2900000e+02   4.9696324e+01
   1.2925000e+02   4.9658552e+01
   1.2950000e+02   4.9620884e+01
   1.2975000e+02   4.9583320e+01
   1.3000000e+02   4.9545860e+01
   1.3025000e+02   4.9508503e+01
   1.3050000e+02   4.9471249e+01
   1.3075000e+02   4.9434098e+01
   1.3100000e+02   4.9397049e+01
   1.3125000e+02   4.9360102e+01
   1.3150000e+02   4.9323258e+01
   1.3175000e+02   4.9286514e+01
   1.3200000e+02   4.9249873e+01
   1.3225000e+02   4.9213332e+01
   1.3250000e+02   4.9176892e+01
   1.3275000e+02   4.9140553e+01
   1.3300000e+02   4.9104313e+01
   1.3325000e+02   4.9068174e+01
   1.3350000e+02   4.9032134e+01
   1.3375000e+02   4.8996194e+01
   1.3400000e+02   4.8960353e+01
   1.3425000e+02   4.8924611e+01
   1.3450000e+02   4.8888967e+01
   1.3475000e+02   4.8853421e+01
   1.3500000e+02   4.8817974e+01
   1.3525000e+02   4.8782624e+01
   1.3550000e+02   4.8747372e+01
   1.3575000e+02   4.8712217e+01
   1.3600000e+02   4.8677159e+01
   1.3625000e+02   4.8642198e+01
   1.3650000e+02   4.8607333e+01
   1.3675000e+02   4.8572564e+01
   1.3700000e+02   4.8537892e+01
   1.3725000e+02   4.8503314e+01
   1.3750000e+02   4.8468833e+01
   1.3775000e+02   4.8434446e+01
   1.3800000e+02   4.8400154e+01
   1.3825000e+02   4.8365956e+01
   1.3850000e+02   4.8331853e+01
   1.3875000e+02   4.8297844e+01
   1.3900000e+02   4.8263929e+01
   1.3925000e+02   4.8230107e+01
   1.3950000e+02   4.8196379e+01
   1.3975000e+02   4.8162744e+01
   1.4000000e+02   4.8129201e+01
   1.4025000e+02   4.8095751e+01
   1.4050000e+02   4.8062393e+01
   1.4075000e+02   4.8029127e+01
   1.4100000e+02   4.7995953e+01
   1.4125000e+02   4.7962870e+01
   1.4150000e+02   4.7929879e+01
   1.4175000e+02   4.7896978e+01
   1.4200000e+02   4.7864169e+01
   1.4225000e+02   4.7831450e+01
   1.4250000e+02   4.7798821e+01
   1.4275000e+02   4.7766282e+01
   1.4300000e+02   4.7733832e+01
   1.4325000e+02   4.7701473e+01
   1.4350000e+02   4.7669202e+01
   1.4375000e+02   4.7637020e+01
   1.4400000e+02   4.7604928e+01
   1.4425000e+02   4.7572923e+01
   1.4450000e+02   4.7541007e+01
   1.4475000e+02   4.7509179e+01
   1.4500000e+02   4.7477439e+01
   1.4525000e+02   4.7445786e+01
   1.4550000e+02   4.7414221e+01
   1.4575000e+02   4.7382743e+01
   1.4600000e+02   4.7351351e+01
   1.4625000e+02   4.7320046e+01
   1.4650000e+02   4.7288828e+01
   1.4675000e+02   4.7257695e+01
   1.4700000e+02   4.7226648e+01
   1.4725000e+02   4.7195687e+01
   1.4750000e+02   4.7164812e+01
   1.4775000e+02   4.7134021e+01
   1.4800000e+02   4.7103316e+01
   1.4825000e+02   4.7072695e+01
   1.4850000e+02   4.7042158e+01
   1.4875000e+02   4.7011706e+01
   1.4900000e+02   4.6981338e+01
   1.4925000e+02   4.6951053e+01
   1.4950000e+02   4.6920852e+01
   1.4975000e+02   4.6890734e+01
   1.5000000e+02   4.6860700e+01
   1.5025000e+02   4.6830748e+01
   1.5050000e+02   4.6800879e+01
   1.5075000e+02   4.6771092e+01
   1.5100000e+02   4.6741387e+01
   1.5125000e+02   4.6711764e+01
   1.5150000e+02   4.6682223e+01
   1.5175000e+02   4.6652763e+01
   1.5200000e+02   4.6623385e+01
   1.5225000e+02   4.6594088e+01
   1.5250000e+02   4.6564871e+01
   1.5275000e+02   4.6535735e+01
   1.5300000e+02   4.6506680e+01
   1.5325000e+02   4.6477704e+01
   1.5350000e+02   4.6448808e+01
   1.5375000e+02   4.6419993e+01
   1.5400000e+02   4.6391256e+01
   1.5425000e+02   4.6362599e+01
   1.5450000e+02   4.6334021e+01
   1.5475000e+02   4.6305521e+01
   1.5500000e+02   4.6277101e+01
   1.5525000e+02   4.6248758e+01
   1.5550000e+02   4.6220494e+01
   1.5575000e+02   4.6192308e+01
   1.5600000e+02   4.6164199e+01
   1.5625000e+02   4.6136168e+01
   1.5650000e+02   4.6108215e+01
   1.5675000e+02   4.6080338e+01
   1.5700000e+02   4.6052538e+01
   1.5725000e+02   4.6024815e+01
   1.5750000e+02   4.5997168e+01
   1.5775000e+02   4.5969598e+01
   1.5800000e+02   4.5942104e+01
   1.5825000e+02   4.5914685e+01
   1.5850000e+02   4.5887342e+01
   1.5875000e+02   4.5860075e+01
   1.5900000e+02   4.5832883e+01
   1.5925000e+02   4.5805765e+01
   1.5950000e+02   4.5778723e+01
   1.5975000e+02   4.5751755e+01
   1.6000000e+02   4.5724861e+01
   1.6025000e+02   4.5698042e+01
   1.6050000e+02   4.5671296e+01
   1.6075000e+02   4.5644625e+01
   1.6100000e+02   4.5618027e+01
   1.6125000e+02   4.5591502e+01
   1.6150000e+02   4.5565050e+01
   1.6175000e+02   4.5538672e+01
   1.6200000e+02   4.5512366e+01
   1.6225000e+02   4.5486132e+01
   1.6250000e+02   4.5459971e+01
   1.6275000e+02   4.5433882e+01
   1.6300000e+02   4.5407865e+01
   1.6325000e+02   4.5381920e+01
   1.6350000e+02   4.5356047e+01
   1.6375000e+02   4.5330244e+01
   1.6400000e+02   4.5304513e+01
   1.6425000e+02   4.5278853e+01
   1.6450000e+02   4.5253264e+01
   1.6475000e+02   4.5227745e+01
   1.6500000e+02   4.5202296e+01
   1.6525000e+02   4.5176918e+01
   1.6550000e+02   4.5151610e+01
   1.6575000e+02   4.5126371e+01
   1.6600000e+02   4.5101203e+01
   1.6625000e+02   4.5076103e+01
   1.6650000e+02   4.5051073e+01
   1.6675000e+02   4.5026112e+01
   1.6700000e+02   4.5001219e+01
   1.6725000e+02   4.4976396e+01
   1.6750000e+02   4.4951640e+01
   1.6775000e+02   4.4926953e+01
   1.6800000e+02   4.4902334e+01
   1.6825000e+02   4.4877783e+01
   1.6850000e+02   4.4853300e+01
   1.6875000e+02   4.4828884e+01
   1.6900000e+02   4.4804536e+01
   1.6925000e+02   4.4780254e+01
   1.6950000e+02   4.4756040e+01
   1.6975000e+02   4.4731893e+01
   1.7000000e+02   4.4707812e+01
   1.7025000e+02   4.4683797e+01
   1.7050000e+02   4.4659849e+01
   1.7075000e+02   4.4635966e+01
   1.7100000e+02   4.4612150e+01
   1.7125000e+02   4.4588399e+01
   1.7150000e+02   4.4564714e+01
   1.7175000e+02   4.4541094e+01
   1.7200000e+02   4.4517539e+01
   1.7225000e+02   4.4494049e+01
   1.7250000e+02   4.4470624e+01
   1.7275000e+02   4.4447264e+01
   1.7300000e+02   4.4423968e+01
   1.7325000e+02   4.4400736e+01
   1.7350000e+02   4.4377568e+01
   1.7375000e+02   4.4354465e+01
   1.7400000e+02   4.4331425e+01
   1.7425000e+02   4.4308448e+01
   1.7450000e+02   4.4285535e+01
   1.7475000e+02   4.4262685e+01
   1.7500000e+02   4.4239898e+01
   1.7525000e+02   4.4217174e+01
   1.7550000e+02   4.4194512e+01
   1.7575000e+02   4.4171913e+01
   1.7600000e+02   4.4149377e+01
   1.7625000e+02   4.4126902e+01
   1.7650000e+02   4.4104490e+01
   1.7675000e+02   4.4082139e+01
   1.7700000e+02   4.4059850e+01
   1.7725000e+02   4.4037622e+01
   1.7750000e+02   4.4015456e+01
   1.7775000e+02   4.3993351e+01
   1.7800000e+02   4.3971307e+01
   1.7825000e+02   4.3949323e+01
   1.7850000e+02   4.3927400e+01
   1.7875000e+02   4.3905538e+01
   1.7900000e+02   4.3883736e+01
   1.7925000e+02   4.3861994e+01
   1.7950000e+02   4.3840312e+01
   1.7975000e+02   4.3818690e+01
   1.8000000e+02   4.3797127e+01
   1.8025000e+02   4.3775624e+01
   1.8050000e+02   4.3754181e+01
   1.8075000e+02   4.3732796e+01
   1.8100000e+02   4.3711470e+01
   1.8125000e+02   4.3690204e+01
   1.8150000e+02   4.3668995e+01
   1.8175000e+02   4.3647846e+01
   1.8200000e+02   4.3626754e+01
   1.8225000e+02   4.3605721e+01
   1.8250000e+02   4.3584746e+01
   1.8275000e+02   4.3563829e+01
   1.8300000e+02   4.3542969e+01
   1.8325000e+02   4.3522167e+01
   1.8350000e+02   4.3501422e+01
   1.8375000e+02   4.3480734e+01
   1.8400000e+02   4.3460104e+01
   1.8425000e+02   4.3439530e+01
   1.8450000e+02   4.3419013e+01
   1.8475000e+02   4.3398553e+01
   1.8500000e+02   4.3378149e+01
   1.8525000e+02   4.3357802e+01
   1.8550000e+02   4.3337510e+01
   1.8575000e+02   4.3317275e+01
   1.8600000e+02   4.3297095e+01
   1.8625000e+02   4.3276971e+01
   1.8650000e+02   4.3256902e+01
   1.8675000e+02   4.3236889e+01
   1.8700000e+02   4.3216931e+01
   1.8725000e+02   4.3197028e+01
   1.8750000e+02   4.3177180e+01
   1.8775000e+02   4.3157387e+01
   1.8800000e+02   4.3137648e+01
   1.8825000e+02   4.3117964e+01
   1.8850000e+02   4.3098334e+01
   1.8875000e+02   4.3078758e+01
   1.8900000e+02   4.3059236e+01
   1.8925000e+02   4.3039768e+01
   1.8950000e+02   4.3020353e+01
   1.8975000e+02   4.3000992e+01
   1.9000000e+02   4.2981685e+01
   1.9025000e+02   4.2962431e+01
   1.9050000e+02   4.2943230e+01
   1.9075000e+02   4.2924081e+01
   1.9100000e+02   4.2904986e+01
   1.9125000e+02   4.2885943e+01
   1.9150000e+02   4.2866953e+01
   1.9175000e+02   4.2848015e+01
   1.9200000e+02   4.2829130e+01
   1.9225000e+02   4.2810296e+01
   1.9250000e+02   4.2791515e+01
   1.9275000e+02   4.2772785e+01
   1.9300000e+02   4.2754107e+01
   1.9325000e+02   4.2735480e+01
   1.9350000e+02   4.2716905e+01
   1.9375000e+02   4.2698381e+01
   1.9400000e+02   4.2679908e+01
   1.9425000e+02   4.2661486e+01
   1.9450000e+02   4.2643115e+01
   1.9475000e+02   4.2624794e+01
   1.9500000e+02   4.2606524e+01
   1.9525000e+02   4.2588305e+01
   1.9550000e+02   4.2570136e+01
   1.9575000e+02   4.2552016e+01
   1.9600000e+02   4.2533947e+01
   1.9625000e+02   4.2515928e+01
   1.9650000e+02   4.2497958e+01
   1.9675000e+02   4.2480038e+01
   1.9700000e+02   4.2462167e+01
   1.9725000e+02   4.2444345e+01
   1.9750000e+02   4.2426573e+01
   1.9775000e+02   4.2408850e+01
   1.9800000e+02   4.2391175e+01
   1.9825000e+02   4.2373550e+01
   1.9850000e+02   4.2355973e+01
   1.9875000e+02   4.2338444e+01
   1.9900000e+02   4.2320964e+01
   1.9925000e+02   4.2303532e+01
   1.9950000e+02   4.2286148e+01
   1.9975000e+02   4.2268811e+01
   2.0000000e+02   4.2251523e+01
   2.0025000e+02   4.2234283e+01
   2.0050000e+02   4.2217090e+01
   2.0075000e+02   4.2199944e+01
   2.0100000e+02   4.2182846e+01
   2.0125000e+02   4.2165795e+01
   2.0150000e+02   4.2148790e+01
   2.0175000e+02   4.2131833e+01
   2.0200000e+02   4.2114923e+01
   2.0225000e+02   4.2098059e+01
   2.0250000e+02   4.2081242e+01
   2.0275000e+02   4.2064471e+01
   2.0300000e+02   4.2047746e+01
   2.0325000e+02   4.2031067e+01
   2.0350000e+02   4.2014435e+01
   2.0375000e+02   4.1997848e+01
   2.0400000e+02   4.1981307e+01
   2.0425000e+02   4.1964812e+01
   2.0450000e+02   4.1948362e+01
   2.0475000e+02   4.1931957e+01
   2.0500000e+02   4.1915598e+01
   2.0525000e+02   4.1899284e+01
   2.0550000e+02   4.1883015e+01
   2.0575000e+02   4.1866790e+01
   2.0600000e+02   4.1850611e+01
   2.0625000e+02   4.1834476e+01
   2.0650000e+02   4.1818386e+01
   2.0675000e+02   4.1802340e+01
   2.0700000e+02   4.1786338e+01
   2.0725000e+02   4.1770380e+01
   2.0750000e+02   4.1754466e+01
   2.0775000e+02   4.1738597e+01
   2.0800000e+02   4.1722771e+01
   2.0825000e+02   4.1706988e+01
   2.0850000e+02   4.1691249e+01
   2.0875000e+02   4.1675554e+01
   2.0900000e+02   4.1659902e+01
   2.0925000e+02   4.1644293e+01
   2.0950000e+02   4.1628727e+01
   2.0975000e+02   4.1613204e+01
   2.1000000e+02   4.1597724e+01
   2.1025000e+02   4.1582286e+01
   2.1050000e+02   4.1566891e+01
   2.1075000e+02   4.1551539e+01
   2.1100000e+02   4.1536229e+01
   2.1125000e+02   4.1520961e+01
   2.1150000e+02   4.1505735e+01
   2.1175000e+02   4.1490551e+01
   2.1200000e+02   4.1475409e+01
   2.1225000e+02   4.1460309e+01
   2.1250000e+02   4.1445250e+01
   2.1275000e+02   4.1430233e+01
   2.1300000e+02   4.1415258e+01
   2.1325000e+02   4.1400324e+01
   2.1350000e+02   4.1385430e+01
   2.1375000e+02   4.1370578e+01
   2.1400000e+02   4.1355767e+01
   2.1425000e+02   4.1340997e+01
   2.1450000e+02   4.1326268e+01
   2.1475000e+02   4.1311579e+01
   2.1500000e+02   4.1296930e+01
   2.1525000e+02   4.1282322e+01
   2.1550000e+02   4.1267755e+01
   2.1575000e+02   4.1253227e+01
   2.1600000e+02   4.1238740e+01
   2.1625000e+02   4.1224292e+01
   2.1650000e+02   4.1209885e+01
   2.1675000e+02   4.1195517e+01
   2.1700000e+02   4.1181188e+01
   2.1725000e+02   4.1166900e+01
   2.1750000e+02   4.1152650e+01
   2.1775000e+02   4.1138440e+01
   2.1800000e+02   4.1124269e+01
   2.1825000e+02   4.1110138e+01
   2.1850000e+02   4.1096045e+01
   2.1875000e+02   4.1081991e+01
   2.1900000e+02   4.1067976e+01
   2.1925000e+02   4.1053999e+01
   2.1950000e+02   4.1040061e+01
   2.1975000e+02   4.1026161e+01
   2.2000000e+02   4.1012300e+01
   2.2025000e+02   4.0998477e+01
   2.2050000e+02   4.0984692e+01
   2.2075000e+02   4.0970945e+01
   2.2100000e+02   4.0957236e+01
   2.2125000e+02   4.0943565e+01
   2.2150000e+02   4.0929932e+01
   2.2175000e+02   4.0916336e+01
   2.2200000e+02   4.0902778e+01
   2.2225000e+02   4.0889257e+01
   2.2250000e+02   4.0875773e+01
   2.2275000e+02   4.0862326e+01
   2.2300000e+02   4.0848917e+01
   2.2325000e+02   4.0835545e+01
   2.2350000e+02   4.0822209e+01
   2.2375000e+02   4.0808910e+01
   2.2400000e+02   4.0795648e+01
   2.2425000e+02   4.0782423e+01
   2.2450000e+02   4.0769234e+01
   2.2475000e+02   4.0756081e+01
   2.2500000e+02   4.0742965e+01
   2.2525000e+02   4.0729884e+01
   2.2550000e+02   4.0716840e+01
   2.2575000e+02   4.0703832e+01
   2.2600000e+02   4.0690860e+01
   2.2625000e+02   4.0677923e+01
   2.2650000e+02   4.0665022e+01
   2.2675000e+02   4.0652157e+01
   2.2700000e+02   4.0639327e+01
   2.2725000e+02   4.0626533e+01
   2.2750000e+02   4.0613774e+01
   2.2775000e+02   4.0601050e+01
   2.2800000e+02   4.0588361e+01
   2.2825000e+02   4.0575707e+01
   2.2850000e+02   4.0563088e+01
   2.2875000e+02   4.0550504e+01
   2.2900000e+02   4.0537954e+01
   2.2925000e+02   4.0525439e+01
   2.2950000e+02   4.0512959e+01
   2.2975000e+02   4.0500513e+01
   2.3000000e+02   4.0488102e+01
   2.3025000e+02   4.0475724e+01
   2.3050000e+02   4.0463381e+01
   2.3075000e+02   4.0451072e+01
   2.3100000e+02   4.0438797e+01
   2.3125000e+02   4.0426555e+01
   2.3150000e+02   4.0414348e+01
   2.3175000e+02   4.0402174e+01
   2.3200000e+02   4.0390033e+01
   2.3225000e+02   4.0377926e+01
   2.3250000e+02   4.0365853e+01
   2.3275000e+02   4.0353813e+01
   2.3300000e+02   4.0341805e+01
   2.3325000e+02   4.0329832e+01
   2.3350000e+02   4.0317891e+01
   2.3375000e+02   4.0305983e+01
   2.3400000e+02   4.0294108e+01
   2.3425000e+02   4.0282265e+01
   2.3450000e+02   4.0270456e+01
   2.3475000e+02   4.0258678e+01
   2.3500000e+02   4.0246934e+01
   2.3525000e+02   4.0235221e+01
   2.3550000e+02   4.0223541e+01
   2.3575000e+02   4.0211894e+01
   2.3600000e+02   4.0200278e+01
   2.3625000e+02   4.0188694e+01
   2.3650000e+02   4.0177143e+01
   2.3675000e+02   4.0165623e+01
   2.3700000e+02   4.0154135e+01
   2.3725000e+02   4.0142679e+01
   2.3750000e+02   4.0131254e+01
   2.3775000e+02   4.0119861e+01
   2.3800000e+02   4.0108499e+01
   2.3825000e+02   4.0097168e+01
   2.3850000e+02   4.0085869e+01
   2.3875000e+02   4.0074601e+01
   2.3900000e+02   4.0063364e+01
   2.3925000e+02   4.0052158e+01
   2.3950000e+02   4.0040983e+01
   2.3975000e+02   4.0029839e+01
   2.4000000e+02   4.0018725e+01
   2.4025000e+02   4.0007642e+01
   2.4050000e+02   3.9996590e+01
   2.4075000e+02   3.9985568e+01
   2.4100000e+02   3.9974576e+01
   2.4125000e+02   3.9963615e+01
   2.4150000e+02   3.9952684e+01
   2.4175000e+02   3.9941784e+01
   2.4200000e+02   3.9930913e+01
   2.4225000e+02   3.9920072e+01
   2.4250000e+02   3.9909261e+01
   2.4275000e+02   3.9898480e+01
   2.4300000e+02   3.9887729e+01
   2.4325000e+02   3.9877007e+01
   2.4350000e+02   3.9866315e+01
   2.4375000e+02   3.9855653e+01
   2.4400000e+02   3.9845019e+01
   2.4425000e+02   3.9834416e+01
   2.4450000e+02   3.9823841e+01
   2.4475000e+02   3.9813295e+01
   2.4500000e+02   3.9802779e+01
   2.4525000e+02   3.9792292e+01
   2.4550000e+02   3.9781833e+01
   2.4575000e+02   3.9771404e+01
   2.4600000e+02   3.9761003e+01
   2.4625000e+02   3.9750631e+01
   2.4650000e+02   3.9740287e+01
   2.4675000e+02   3.9729972e+01
   2.4700000e+02   3.9719685e+01
   2.4725000e+02   3.9709427e+01
   2.4750000e+02   3.9699197e+01
   2.4775000e+02   3.9688996e+01
   2.4800000e+02   3.9678822e+01
   2.4825000e+02   3.9668676e+01
   2.4850000e+02   3.9658559e+01
   2.4875000e+02   3.9648469e+01
   2.4900000e+02   3.9638407e+01
   2.4925000e+02   3.9628373e+01
   2.4950000e+02   3.9618367e+01
   2.4975000e+02   3.9608388e+01
   2.5000000e+02   3.9598437e+01
   2.5025000e+02   3.9588513e+01
   2.5050000e+02   3.9578617e+01
   2.5075000e+02   3.9568747e+01
   2.5100000e+02   3.9558906e+01
   2.5125000e+02   3.9549091e+01
   2.5150000e+02   3.9539303e+01
   2.5175000e+02   3.9529542e+01
   2.5200000e+02   3.9519808e+01
   2.5225000e+02   3.9510101e+01
   2.5250000e+02   3.9500421e+01
   2.5275000e+02   3.9490768e+01
   2.5300000e+02   3.9481141e+01
   2.5325000e+02   3.9471540e+01
   2.5350000e+02   3.9461967e+01
   2.5375000e+02   3.9452419e+01
   2.5400000e+02   3.9442898e+01
   2.5425000e+02   3.9433403e+01
   2.5450000e+02   3.9423934e+01
   2.5475000e+02   3.9414492e+01
   2.5500000e+02   3.9405075e+01
   2.5525000e+02   3.9395685e+01
   2.5550000e+02   3.9386320e+01
   2.5575000e+02   3.9376981e+01
   2.5600000e+02   3.9367668e+01
   2.5625000e+02   3.9358381e+01
   2.5650000e+02   3.9349119e+01
   2.5675000e+02   3.9339882e+01
   2.5700000e+02   3.9330672e+01
   2.5725000e+02   3.9321486e+01
   2.5750000e+02   3.9312326e+01
   2.5775000e+02   3.9303191e+01
   2.5800000e+02   3.9294082e+01
   2.5825000e+02   3.9284997e+01
   2.5850000e+02   3.9275938e+01
   2.5875000e+02   3.9266904e+01
   2.5900000e+02   3.9257894e+01
   2.5925000e+02   3.9248909e+01
   2.5950000e+02   3.9239949e+01
   2.5975000e+02   3.9231014e+01
   2.6000000e+02   3.9222104e+01
   2.6025000e+02   3.9213218e+01
   2.6050000e+02   3.9204356e+01
   2.6075000e+02   3.9195519e+01
   2.6100000e+02   3.9186707e+01
   2.6125000e+02   3.9177918e+01
   2.6150000e+02   3.9169154e+01
   2.6175000e+02   3.9160414e+01
   2.6200000e+02   3.9151698e+01
   2.6225000e+02   3.9143006e+01
   2.6250000e+02   3.9134339e+01
   2.6275000e+02   3.9125695e+01
   2.6300000e+02   3.9117075e+01
   2.6325000e+02   3.9108478e+01
   2.6350000e+02   3.9099906e+01
   2.6375000e+02   3.9091357e+01
   2.6400000e+02   3.9082831e+01
   2.6425000e+02   3.9074329e+01
   2.6450000e+02   3.9065851e+01
   2.6475000e+02   3.9057396e+01
   2.6500000e+02   3.9048964e+01
   2.6525000e+02   3.9040556e+01
   2.6550000e+02   3.9032170e+01
   2.6575000e+02   3.9023808e+01
   2.6600000e+02   3.9015469e+01
   2.6625000e+02   3.9007153e+01
   2.6650000e+02   3.8998860e+01
   2.6675000e+02   3.8990589e+01
   2.6700000e+02   3.8982342e+01
   2.6725000e+02   3.8974117e+01
   2.6750000e+02   3.8965915e+01
   2.6775000e+02   3.8957736e+01
   2.6800000e+02   3.8949579e+01
   2.6825000e+02   3.8941444e+01
   2.6850000e+02   3.8933332e+01
   2.6875000e+02   3.8925243e+01
   2.6900000e+02   3.8917175e+01
   2.6925000e+02   3.8909130e+01
   2.6950000e+02   3.8901108e+01
   2.6975000e+02   3.8893107e+01
   2.7000000e+02   3.8885128e+01
   2.7025000e+02   3.8877172e+01
   2.7050000e+02   3.8869237e+01
   2.7075000e+02   3.8861324e+01
   2.7100000e+02   3.8853433e+01
   2.7125000e+02   3.8845564e+01
   2.7150000e+02   3.8837716e+01
   2.7175000e+02   3.8829890e+01
   2.7200000e+02   3.8822086e+01
   2.7225000e+02   3.8814303e+01
   2.7250000e+02   3.8806542e+01
   2.7275000e+02   3.8798802e+01
   2.7300000e+02   3.8791083e+01
   2.7325000e+02   3.8783386e+01
   2.7350000e+02   3.8775710e+01
   2.7375000e+02   3.8768055e+01
   2.7400000e+02   3.8760421e+01
   2.7425000e+02   3.8752809e+01
   2.7450000e+02   3.8745217e+01
   2.7475000e+02   3.8737646e+01
   2.7500000e+02   3.8730096e+01
   2.7525000e+02   3.8722567e+01
   2.7550000e+02   3.8715059e+01
   2.7575000e+02   3.8707571e+01
   2.7600000e+02   3.8700104e+01
   2.7625000e+02   3.8692658e+01
   2.7650000e+02   3.8685232e+01
   2.7675000e+02   3.8677826e+01
   2.7700000e+02   3.8670441e+01
   2.7725000e+02   3.8663077e+01
   2.7750000e+02   3.8655732e+01
   2.7775000e+02   3.8648408e+01
   2.7800000e+02   3.8641105e+01
   2.7825000e+02   3.8633821e+01
   2.7850000e+02   3.8626557e+01
   2.7875000e+02   3.8619314e+01
   2.7900000e+02   3.8612090e+01
   2.7925000e+02   3.8604887e+01
   2.7950000e+02   3.8597703e+01
   2.7975000e+02   3.8590539e+01
   2.8000000e+02   3.8583394e+01
   2.8025000e+02   3.8576270e+01
   2.8050000e+02   3.8569165e+01
   2.8075000e+02   3.8562080e+01
   2.8100000e+02   3.8555014e+01
   2.8125000e+02   3.8547968e+01
   2.8150000e+02   3.8540941e+01
   2.8175000e+02   3.8533933e+01
   2.8200000e+02   3.8526945e+01
   2.8225000e+02   3.8519976e+01
   2.8250000e+02   3.8513027e+01
   2.8275000e+02   3.8506096e+01
   2.8300000e+02   3.8499185e+01
   2.8325000e+02   3.8492293e+01
   2.8350000e+02   3.8485419e+01
   2.8375000e+02   3.8478565e+01
   2.8400000e+02   3.8471730e+01
   2.8425000e+02   3.8464913e+01
   2.8450000e+02   3.8458115e+01
   2.8475000e+02   3.8451336e+01
   2.8500000e+02   3.8444576e+01
   2.8525000e+02   3.8437834e+01
   2.8550000e+02   3.8431111e+01
   2.8575000e+02   3.8424407e+01
   2.8600000e+02   3.8417721e+01
   2.8625000e+02   3.8411053e+01
   2.8650000e+02   3.8404404e+01
   2.8675000e+02   3.8397773e+01
   2.8700000e+02   3.8391160e+01
   2.8725000e+02   3.8384566e+01
   2.8750000e+02   3.8377990e+01
   2.8775000e+02   3.8371431e+01
   2.8800000e+02   3.8364891e+01
   2.8825000e+02   3.8358370e+01
   2.8850000e+02   3.8351866e+01
   2.8875000e+02   3.8345380e+01
   2.8900000e+02   3.8338911e+01
   2.8925000e+02   3.8332461e+01
   2.8950000e+02   3.8326029e+01
   2.8975000e+02   3.8319614e+01
   2.9000000e+02   3.8313217e+01
   2.9025000e+02   3.8306837e+01
   2.9050000e+02   3.8300476e+01
   2.9075000e+02   3.8294131e+01
   2.9100000e+02   3.8287804e+01
   2.9125000e+02   3.8281495e+01
   2.9150000e+02   3.8275203e+01
   2.9175000e+02   3.8268929e+01
   2.9200000e+02   3.8262671e+01
   2.9225000e+02   3.8256431e+01
   2.9250000e+02   3.8250208e+01
   2.9275000e+02   3.8244003e+01
   2.9300000e+02   3.8237814e+01
   2.9325000e+02   3.8231643e+01
   2.9350000e+02   3.8225488e+01
   2.9375000e+02   3.8219351e+01
   2.9400000e+02   3.8213230e+01
   2.9425000e+02   3.8207126e+01
   2.9450000e+02   3.8201040e+01
   2.9475000e+02   3.8194970e+01
   2.9500000e+02   3.8188916e+01
   2.9525000e+02   3.8182880e+01
   2.9550000e+02   3.8176860e+01
   2.9575000e+02   3.8170856e+01
   2.9600000e+02   3.8164869e+01
   2.9625000e+02   3.8158899e+01
   2.9650000e+02   3.8152945e+01
   2.9675000e+02   3.8147008e+01
   2.9700000e+02   3.8141087e+01
   2.9725000e+02   3.8135182e+01
   2.9750000e+02   3.8129294e+01
   2.9775000e+02   3.8123421e+01
   2.9800000e+02   3.8117565e+01
   2.9825000e+02   3.8111726e+01
   2.9850000e+02   3.8105902e+01
   2.9875000e+02   3.8100094e+01
   2.9900000e+02   3.8094302e+01
   2.9925000e+02   3.8088527e+01
   2.9950000e+02   3.8082767e+01
   2.9975000e+02   3.8077023e+01
   3.0000000e+02   3.8071295e+01
   3.0025000e+02   3.8065583e+01
   3.0050000e+02   3.8059886e+01
   3.0075000e+02   3.8054205e+01
   3.0100000e+02   3.8048540e+01
   3.0125000e+02   3.8042891e+01
   3.0150000e+02   3.8037257e+01
   3.0175000e+02   3.8031638e+01
   3.0200000e+02   3.8026036e+01
   3.0225000e+02   3.8020448e+01
   3.0250000e+02   3.8014876e+01
   3.0275000e+02   3.8009319e+01
   3.0300000e+02   3.8003778e+01
   3.0325000e+02   3.7998252e+01
   3.0350000e+02   3.7992741e+01
   3.0375000e+02   3.7987246e+01
   3.0400000e+02   3.7981765e+01
   3.0425000e+02   3.7976300e+01
   3.0450000e+02   3.7970850e+01
   3.0475000e+02   3.7965414e+01
   3.0500000e+02   3.7959994e+01
   3.0525000e+02   3.7954589e+01
   3.0550000e+02   3.7949198e+01
   3.0575000e+02   3.7943823e+01
   3.0600000e+02   3.7938462e+01
   3.0625000e+02   3.7933116e+01
   3.0650000e+02   3.7927785e+01
   3.0675000e+02   3.7922469e+01
   3.0700000e+02   3.7917167e+01
   3.0725000e+02   3.7911879e+01
   3.0750000e+02   3.7906607e+01
   3.0775000e+02   3.7901349e+01
   3.0800000e+02   3.7896105e+01
   3.0825000e+02   3.7890876e+01
   3.0850000e+02   3.7885661e+01
   3.0875000e+02   3.7880461e+01
   3.0900000e+02   3.7875275e+01
   3.0925000e+02   3.7870103e+01
   3.0950000e+02   3.7864946e+01
   3.0975000e+02   3.7859803e+01
   3.1000000e+02   3.7854674e+01
   3.1025000e+02   3.7849559e+01
   3.1050000e+02   3.7844458e+01
   3.1075000e+02   3.7839372e+01
   3.1100000e+02   3.7834299e+01
   3.1125000e+02   3.7829240e+01
   3.1150000e+02   3.7824196e+01
   3.1175000e+02   3.7819165e+01
   3.1200000e+02   3.7814148e+01
   3.1225000e+02   3.7809145e+01
   3.1250000e+02   3.7804155e+01
   3.1275000e+02   3.7799180e+01
   3.1300000e+02   3.7794218e+01
   3.1325000e+02   3.7789270e+01
   3.1350000e+02   3.7784336e+01
   3.1375000e+02   3.7779415e+01
   3.1400000e+02   3.7774507e+01
   3.1425000e+02   3.7769614e+01
   3.1450000e+02   3.7764733e+01
   3.1475000e+02   3.7759866e+01
   3.1500000e+02   3.7755013e+01
   3.1525000e+02   3.7750173e+01
   3.1550000e+02   3.7745346e+01
   3.1575000e+02   3.7740533e+01
   3.1600000e+02   3.7735733e+01
   3.1625000e+02   3.7730946e+01
   3.1650000e+02   3.7726173e+01
   3.1675000e+02   3.7721412e+01
   3.1700000e+02   3.7716665e+01
   3.1725000e+02   3.7711930e+01
   3.1750000e+02   3.7707209e+01
   3.1775000e+02   3.7702501e+01
   3.1800000e+02   3.7697806e+01
   3.1825000e+02   3.7693124e+01
   3.1850000e+02   3.7688454e+01
   3.1875000e+02   3.7683798e+01
   3.1900000e+02   3.7679154e+01
   3.1925000e+02   3.7674523e+01
   3.1950000e+02   3.7669905e+01
   3.1975000e+02   3.7665300e+01
   3.2000000e+02   3.7660708e+01
   3.2025000e+02   3.7656128e+01
   3.2050000e+02   3.7651560e+01
   3.2075000e+02   3.7647006e+01
   3.2100000e+02   3.7642463e+01
   3.2125000e+02   3.7637934e+01
   3.2150000e+02   3.7633417e+01
   3.2175000e+02   3.7628912e+01
   3.2200000e+02   3.7624420e+01
   3.2225000e+02   3.7619940e+01
   3.2250000e+02   3.7615472e+01
   3.2275000e+02   3.7611017e+01
   3.2300000e+02   3.7606574e+01
   3.2325000e+02   3.7602144e+01
   3.2350000e+02   3.7597725e+01
   3.2375000e+02   3.7593319e+01
   3.2400000e+02   3.7588925e+01
   3.2425000e+02   3.7584543e+01
   3.2450000e+02   3.7580173e+01
   3.2475000e+02   3.7575815e+01
   3.2500000e+02   3.7571470e+01
   3.2525000e+02   3.7567136e+01
   3.2550000e+02   3.7562814e+01
   3.2575000e+02   3.7558504e+01
   3.2600000e+02   3.7554206e+01
   3.2625000e+02   3.7549920e+01
   3.2650000e+02   3.7545645e+01
   3.2675000e+02   3.7541383e+01
   3.2700000e+02   3.7537132e+01
   3.2725000e+02   3.7532893e+01
   3.2750000e+02   3.7528665e+01
   3.2775000e+02   3.7524449e+01
   3.2800000e+02   3.7520245e+01
   3.2825000e+02   3.7516053e+01
   3.2850000e+02   3.7511872e+01
   3.2875000e+02   3.7507702e+01
   3.2900000e+02   3.7503544e+01
   3.2925000e+02   3.7499398e+01
   3.2950000e+02   3.7495263e+01
   3.2975000e+02   3.7491139e+01
   3.3000000e+02   3.7487027e+01
   3.3025000e+02   3.7482926e+01
   3.3050000e+02   3.7478836e+01
   3.3075000e+02   3.7474758e+01
   3.3100000e+02   3.7470691e+01
   3.3125000e+02   3.7466635e+01
   3.3150000e+02   3.7462590e+01
   3.3175000e+02   3.7458556e+01
   3.3200000e+02   3.7454534e+01
   3.3225000e+02   3.7450523e+01
   3.3250000e+02   3.7446522e+01
   3.3275000e+02   3.7442533e+01
   3.3300000e+02   3.7438555e+01
   3.3325000e+02   3.7434588e+01
   3.3350000e+02   3.7430631e+01
   3.3375000e+02   3.7426686e+01
   3.3400000e+02   3.7422751e+01
   3.3425000e+02   3.7418828e+01
   3.3450000e+02   3.7414915e+01
   3.3475000e+02   3.7411013e+01
   3.3500000e+02   3.7407121e+01
   3.3525000e+02   3.7403241e+01
   3.3550000e+02   3.7399371e+01
   3.3575000e+02   3.7395512e+01
   3.3600000e+02   3.7391663e+01
   3.3625000e+02   3.7387825e+01
   3.3650000e+02   3.7383998e+01
   3.3675000e+02   3.7380181e+01
   3.3700000e+02   3.7376375e+01
   3.3725000e+02   3.7372579e+01
   3.3750000e+02   3.7368794e+01
   3.3775000e+02   3.7365019e+01
   3.3800000e+02   3.7361254e+01
   3.3825000e+02   3.7357500e+01
   3.3850000e+02   3.7353756e+01
   3.3875000e+02   3.7350023e+01
   3.3900000e+02   3.7346300e+01
   3.3925000e+02   3.7342587e+01
   3.3950000e+02   3.7338884e+01
   3.3975000e+02   3.7335192e+01
   3.4000000e+02   3.7331510e+01
   3.4025000e+02   3.7327838e+01
   3.4050000e+02   3.7324176e+01
   3.4075000e+02   3.7320524e+01
   3.4100000e+02   3.7316882e+01
   3.4125000e+02   3.7313251e+01
   3.4150000e+02   3.7309629e+01
   3.4175000e+02   3.7306017e+01
   3.4200000e+02   3.7302415e+01
   3.4225000e+02   3.7298824e+01
   3.4250000e+02   3.7295242e+01
   3.4275000e+02   3.7291670e+01
   3.4300000e+02   3.7288107e+01
   3.4325000e+02   3.7284555e+01
   3.4350000e+02   3.7281012e+01
   3.4375000e+02   3.7277480e+01
   3.4400000e+02   3.7273957e+01
   3.4425000e+02   3.7270443e+01
   3.4450000e+02   3.7266940e+01
   3.4475000e+02   3.7263446e+01
   3.4500000e+02   3.7259961e+01
   3.4525000e+02   3.7256487e+01
   3.4550000e+02   3.7253021e+01
   3.4575000e+02   3.7249566e+01
   3.4600000e+02   3.7246120e+01
   3.4625000e+02   3.7242683e+01
   3.4650000e+02   3.7239256e+01
   3.4675000e+02   3.7235838e+01
   3.4700000e+02   3.7232430e+01
   3.4725000e+02   3.7229031e+01
   3.4750000e+02   3.7225642e+01
   3.4775000e+02   3.7222262e+01
   3.4800000e+02   3.7218891e+01
   3.4825000e+02   3.7215530e+01
   3.4850000e+02   3.7212177e+01
   3.4875000e+02   3.7208834e+01
   3.4900000e+02   3.7205501e+01
   3.4925000e+02   3.7202176e+01
   3.4950000e+02   3.7198861e+01
   3.4975000e+02   3.7195554e+01
   3.5000000e+02   3.7192257e+01
   3.5025000e+02   3.7188969e+01
   3.5050000e+02   3.7185690e+01
   3.5075000e+02   3.7182420e+01
   3.5100000e+02   3.7179160e+01
   3.5125000e+02   3.7175908e+01
   3.5150000e+02   3.7172665e+01
   3.5175000e+02   3.7169431e+01
   3.5200000e+02   3.7166206e+01
   3.5225000e+02   3.7162989e+01
   3.5250000e+02   3.7159782e+01
   3.5275000e+02   3.7156584e+01
   3.5300000e+02   3.7153394e+01
   3.5325000e+02   3.7150213e+01
   3.5350000e+02   3.7147041e+01
   3.5375000e+02   3.7143878e+01
   3.5400000e+02   3.7140723e+01
   3.5425000e+02   3.7137577e+01
   3.5450000e+02   3.7134440e+01
   3.5475000e+02   3.7131311e+01
   3.5500000e+02   3.7128191e+01
   3.5525000e+02   3.7125080e+01
   3.5550000e+02   3.7121977e+01
   3.5575000e+02   3.7118883e+01
   3.5600000e+02   3.7115797e+01
   3.5625000e+02   3.7112720e+01
   3.5650000e+02   3.7109652e+01
   3.5675000e+02   3.7106591e+01
   3.5700000e+02   3.7103540e+01
   3.5725000e+02   3.7100496e+01
   3.5750000e+02   3.7097461e+01
   3.5775000e+02   3.7094435e+01
   3.5800000e+02   3.7091416e+01
   3.5825000e+02   3.7088406e+01
   3.5850000e+02   3.7085405e+01
   3.5875000e+02   3.7082412e+01
   3.5900000e+02   3.7079426e+01
   3.5925000e+02   3.7076450e+01
   3.5950000e+02   3.7073481e+01
   3.5975000e+02   3.7070520e+01
   3.6000000e+02   3.7067568e+01
   3.6025000e+02   3.7064624e+01
   3.6050000e+02   3.7061688e+01
   3.6075000e+02   3.7058760e+01
   3.6100000e+02   3.7055840e+01
   3.6125000e+02   3.7052928e+01
   3.6150000e+02   3.7050025e+01
   3.6175000e+02   3.7047129e+01
   3.6200000e+02   3.7044241e+01
   3.6225000e+02   3.7041361e+01
   3.6250000e+02   3.7038489e+01
   3.6275000e+02   3.7035625e+01
   3.6300000e+02   3.7032769e+01
   3.6325000e+02   3.7029921e+01
   3.6350000e+02   3.7027081e+01
   3.6375000e+02   3.7024248e+01
   3.6400000e+02   3.7021424e+01
   3.6425000e+02   3.7018607e+01
   3.6450000e+02   3.7015797e+01
   3.6475000e+02   3.7012996e+01
   3.6500000e+02   3.7010202e+01
   3.6525000e+02   3.7007416e+01
   3.6550000e+02   3.7004638e+01
   3.6575000e+02   3.7001868e+01
   3.6600000e+02   3.6999105e+01
   3.6625000e+02   3.6996349e+01
   3.6650000e+02   3.6993602e+01
   3.6675000e+02   3.6990861e+01
   3.6700000e+02   3.6988129e+01
   3.6725000e+02   3.6985404e+01
   3.6750000e+02   3.6982686e+01
   3.6775000e+02   3.6979976e+01
   3.6800000e+02   3.6977273e+01
   3.6825000e+02   3.6974578e+01
   3.6850000e+02   3.6971891e+01
   3.6875000e+02   3.6969210e+01
   3.6900000e+02   3.6966537e+01
   3.6925000e+02   3.6963872e+01
   3.6950000e+02   3.6961214e+01
   3.6975000e+02   3.6958563e+01
   3.7000000e+02   3.6955919e+01
   3.7025000e+02   3.6953283e+01
   3.7050000e+02   3.6950654e+01
   3.7075000e+02   3.6948032e+01
   3.7100000e+02   3.6945418e+01
   3.7125000e+02   3.6942811e+01
   3.7150000e+02   3.6940210e+01
   3.7175000e+02   3.6937617e+01
   3.7200000e+02   3.6935032e+01
   3.7225000e+02   3.6932453e+01
   3.7250000e+02   3.6929882e+01
   3.7275000e+02   3.6927317e+01
   3.7300000e+02   3.6924760e+01
   3.7325000e+02   3.6922209e+01
   3.7350000e+02   3.6919666e+01
   3.7375000e+02   3.6917130e+01
   3.7400000e+02   3.6914601e+01
   3.7425000e+02   3.6912078e+01
   3.7450000e+02   3.6909563e+01
   3.7475000e+02   3.6907054e+01
   3.7500000e+02   3.6904553e+01
   3.7525000e+02   3.6902058e+01
   3.7550000e+02   3.6899571e+01
   3.7575000e+02   3.6897090e+01
   3.7600000e+02   3.6894616e+01
   3.7625000e+02   3.6892149e+01
   3.7650000e+02   3.6889688e+01
   3.7675000e+02   3.6887235e+01
   3.7700000e+02   3.6884788e+01
   3.7725000e+02   3.6882348e+01
   3.7750000e+02   3.6879914e+01
   3.7775000e+02   3.6877488e+01
   3.7800000e+02   3.6875068e+01
   3.7825000e+02   3.6872655e+01
   3.7850000e+02   3.6870248e+01
   3.7875000e+02   3.6867848e+01
   3.7900000e+02   3.6865455e+01
   3.7925000e+02   3.6863068e+01
   3.7950000e+02   3.6860688e+01
   3.7975000e+02   3.6858314e+01
   3.8000000e+02   3.6855947e+01
   3.8025000e+02   3.6853586e+01
   3.8050000e+02   3.6851232e+01
   3.8075000e+02   3.6848885e+01
   3.8100000e+02   3.6846544e+01
   3.8125000e+02   3.6844209e+01
   3.8150000e+02   3.6841881e+01
   3.8175000e+02   3.6839559e+01
   3.8200000e+02   3.6837244e+01
   3.8225000e+02   3.6834935e+01
   3.8250000e+02   3.6832632e+01
   3.8275000e+02   3.6830336e+01
   3.8300000e+02   3.6828046e+01
   3.8325000e+02   3.6825762e+01
   3.8350000e+02   3.6823485e+01
   3.8375000e+02   3.6821214e+01
   3.8400000e+02   3.6818949e+01
   3.8425000e+02   3.6816691e+01
   3.8450000e+02   3.6814439e+01
   3.8475000e+02   3.6812193e+01
   3.8500000e+02   3.6809953e+01
   3.8525000e+02   3.6807719e+01
   3.8550000e+02   3.6805491e+01
   3.8575000e+02   3.6803270e+01
   3.8600000e+02   3.6801055e+01
   3.8625000e+02   3.6798846e+01
   3.8650000e+02   3.6796642e+01
   3.8675000e+02   3.6794446e+01
   3.8700000e+02   3.6792255e+01
   3.8725000e+02   3.6790070e+01
   3.8750000e+02   3.6787891e+01
   3.8775000e+02   3.6785718e+01
   3.8800000e+02   3.6783551e+01
   3.8825000e+02   3.6781390e+01
   3.8850000e+02   3.6779235e+01
   3.8875000e+02   3.6777086e+01
   3.8900000e+02   3.6774943e+01
   3.8925000e+02   3.6772806e+01
   3.8950000e+02   3.6770675e+01
   3.8975000e+02   3.6768549e+01
   3.9000000e+02   3.6766430e+01
   3.9025000e+02   3.6764316e+01
   3.9050000e+02   3.6762208e+01
   3.9075000e+02   3.6760106e+01
   3.9100000e+02   3.6758010e+01
   3.9125000e+02   3.6755920e+01
   3.9150000e+02   3.6753835e+01
   3.9175000e+02   3.6751756e+01
   3.9200000e+02   3.6749683e+01
   3.9225000e+02   3.6747615e+01
   3.9250000e+02   3.6745554e+01
   3.9275000e+02   3.6743497e+01
   3.9300000e+02   3.6741447e+01
   3.9325000e+02   3.6739402e+01
   3.9350000e+02   3.6737363e+01
   3.9375000e+02   3.6735330e+01
   3.9400000e+02   3.6733302e+01
   3.9425000e+02   3.6731279e+01
   3.9450000e+02   3.6729263e+01
   3.9475000e+02   3.6727251e+01
   3.9500000e+02   3.6725246e+01
   3.9525000e+02   3.6723246e+01
   3.9550000e+02   3.6721251e+01
   3.9575000e+02   3.6719262e+01
   3.9600000e+02   3.6717278e+01
   3.9625000e+02   3.6715300e+01
   3.9650000e+02   3.6713328e+01
   3.9675000e+02   3.6711360e+01
   3.9700000e+02   3.6709399e+01
   3.9725000e+02   3.6707442e+01
   3.9750000e+02   3.6705491e+01
   3.9775000e+02   3.6703546e+01
   3.9800000e+02   3.6701605e+01
   3.9825000e+02   3.6699670e+01
   3.9850000e+02   3.6697741e+01
   3.9875000e+02   3.6695817e+01
   3.9900000e+02   3.6693898e+01
   3.9925000e+02   3.6691984e+01
   3.9950000e+02   3.6690076e+01
   3.9975000e+02   3.6688173e+01
   4.0000000e+02   3.6686275e+01
   4.0025000e+02   3.6684382e+01
   4.0050000e+02   3.6682495e+01
   4.0075000e+02   3.6680613e+01
   4.0100000e+02   3.6678736e+01
   4.0125000e+02   3.6676864e+01
   4.0150000e+02   3.6674997e+01
   4.0175000e+02   3.6673136e+01
   4.0200000e+02   3.6671279e+01
   4.0225000e+02   3.6669428e+01
   4.0250000e+02   3.6667582e+01
   4.0275000e+02   3.6665741e+01
   4.0300000e+02   3.6663905e+01
   4.0325000e+02   3.6662074e+01
   4.0350000e+02   3.6660248e+01
   4.0375000e+02   3.6658427e+01
   4.0400000e+02   3.6656611e+01
   4.0425000e+02   3.6654800e+01
   4.0450000e+02   3.6652995e+01
   4.0475000e+02   3.6651194e+01
   4.0500000e+02   3.6649398e+01
   4.0525000e+02   3.6647607e+01
   4.0550000e+02   3.6645821e+01
   4.0575000e+02   3.6644040e+01
   4.0600000e+02   3.6642264e+01
   4.0625000e+02   3.6640492e+01
   4.0650000e+02   3.6638726e+01
   4.0675000e+02   3.6636965e+01
   4.0700000e+02   3.6635208e+01
   4.0725000e+02   3.6633456e+01
   4.0750000e+02   3.6631709e+01
   4.0775000e+02   3.6629967e+01
   4.0800000e+02   3.6628230e+01
   4.0825000e+02   3.6626497e+01
   4.0850000e+02   3.6624769e+01
   4.0875000e+02   3.6623046e+01
   4.0900000e+02   3.6621328e+01
   4.0925000e+02   3.6619615e+01
   4.0950000e+02   3.6617906e+01
   4.0975000e+02   3.6616202e+01
   4.1000000e+02   3.6614502e+01
   4.1025000e+02   3.6612808e+01
   4.1050000e+02   3.6611118e+01
   4.1075000e+02   3.6609432e+01
   4.1100000e+02   3.6607752e+01
   4.1125000e+02   3.6606076e+01
   4.1150000e+02   3.6604404e+01
   4.1175000e+02   3.6602737e+01
   4.1200000e+02   3.6601075e+01
   4.1225000e+02   3.6599417e+01
   4.1250000e+02   3.6597764e+01
   4.1275000e+02   3.6596116e+01
   4.1300000e+02   3.6594472e+01
   4.1325000e+02   3.6592832e+01
   4.1350000e+02   3.6591198e+01
   4.1375000e+02   3.6589567e+01
   4.1400000e+02   3.6587941e+01
   4.1425000e+02   3.6586320e+01
   4.1450000e+02   3.6584703e+01
   4.1475000e+02   3.6583090e+01
   4.1500000e+02   3.6581482e+01
   4.1525000e+02   3.6579879e+01
   4.1550000e+02   3.6578279e+01
   4.1575000e+02   3.6576685e+01
   4.1600000e+02   3.6575094e+01
   4.1625000e+02   3.6573508e+01
   4.1650000e+02   3.6571927e+01
   4.1675000e+02   3.6570349e+01
   4.1700000e+02   3.6568776e+01
   4.1725000e+02   3.6567208e+01
   4.1750000e+02   3.6565644e+01
   4.1775000e+02   3.6564084e+01
   4.1800000e+02   3.6562528e+01
   4.1825000e+02   3.6560977e+01
   4.1850000e+02   3.6559430e+01
   4.1875000e+02   3.6557887e+01
   4.1900000e+02   3.6556348e+01
   4.1925000e+02   3.6554814e+01
   4.1950000e+02   3.6553284e+01
   4.1975000e+02   3.6551758e+01
   4.2000000e+02   3.6550236e+01
   4.2025000e+02   3.6548719e+01
   4.2050000e+02   3.6547206e+01
   4.2075000e+02   3.6545697e+01
   4.2100000e+02   3.6544192e+01
   4.2125000e+02   3.6542691e+01
   4.2150000e+02   3.6541194e+01
   4.2175000e+02   3.6539702e+01
   4.2200000e+02   3.6538213e+01
   4.2225000e+02   3.6536729e+01
   4.2250000e+02   3.6535249e+01
   4.2275000e+02   3.6533773e+01
   4.2300000e+02   3.6532301e+01
   4.2325000e+02   3.6530833e+01
   4.2350000e+02   3.6529369e+01
   4.2375000e+02   3.6527909e+01
   4.2400000e+02   3.6526453e+01
   4.2425000e+02   3.6525001e+01
   4.2450000e+02   3.6523553e+01
   4.2475000e+02   3.6522109e+01
   4.2500000e+02   3.6520669e+01
   4.2525000e+02   3.6519234e+01
   4.2550000e+02   3.6517802e+01
   4.2575000e+02   3.6516374e+01
   4.2600000e+02   3.6514949e+01
   4.2625000e+02   3.6513529e+01
   4.2650000e+02   3.6512113e+01
   4.2675000e+02   3.6510701e+01
   4.2700000e+02   3.6509292e+01
   4.2725000e+02   3.6507888e+01
   4.2750000e+02   3.6506487e+01
   4.2775000e+02   3.6505090e+01
   4.2800000e+02   3.6503697e+01
   4.2825000e+02   3.6502308e+01
   4.2850000e+02   3.6500923e+01
   4.2875000e+02   3.6499542e+01
   4.2900000e+02   3.6498164e+01
   4.2925000e+02   3.6496790e+01
   4.2950000e+02   3.6495420e+01
   4.2975000e+02   3.6494054e+01
   4.3000000e+02   3.6492691e+01
   4.3025000e+02   3.6491333e+01
   4.3050000e+02   3.6489978e+01
   4.3075000e+02   3.6488626e+01
   4.3100000e+02   3.6487279e+01
   4.3125000e+02   3.6485935e+01
   4.3150000e+02   3.6484595e+01
   4.3175000e+02   3.6483258e+01
   4.3200000e+02   3.6481926e+01
   4.3225000e+02   3.6480597e+01
   4.3250000e+02   3.6479271e+01
   4.3275000e+02   3.6477949e+01
   4.3300000e+02   3.6476631e+01
   4.3325000e+02   3.6475317e+01
   4.3350000e+02   3.6474006e+01
   4.3375000e+02   3.6472699e+01
   4.3400000e+02   3.6471395e+01
   4.3425000e+02   3.6470095e+01
   4.3450000e+02   3.6468799e+01
   4.3475000e+02   3.6467506e+01
   4.3500000e+02   3.6466217e+01
   4.3525000e+02   3.6464931e+01
   4.3550000e+02   3.6463649e+01
   4.3575000e+02   3.6462370e+01
   4.3600000e+02   3.6461095e+01
   4.3625000e+02   3.6459823e+01
   4.3650000e+02   3.6458555e+01
   4.3675000e+02   3.6457290e+01
   4.3700000e+02   3.6456029e+01
   4.3725000e+02   3.6454772e+01
   4.3750000e+02   3.6453518e+01
   4.3775000e+02   3.6452267e+01
   4.3800000e+02   3.6451020e+01
   4.3825000e+02   3.6449776e+01
   4.3850000e+02   3.6448535e+01
   4.3875000e+02   3.6447298e+01
   4.3900000e+02   3.6446065e+01
   4.3925000e+02   3.6444835e+01
   4.3950000e+02   3.6443608e+01
   4.3975000e+02   3.6442384e+01
   4.4000000e+02   3.6441164e+01
   4.4025000e+02   3.6439948e+01
   4.4050000e+02   3.6438734e+01
   4.4075000e+02   3.6437525e+01
   4.4100000e+02   3.6436318e+01
   4.4125000e+02   3.6435115e+01
   4.4150000e+02   3.6433915e+01
   4.4175000e+02   3.6432718e+01
   4.4200000e+02   3.6431525e+01
   4.4225000e+02   3.6430335e+01
   4.4250000e+02   3.6429148e+01
   4.4275000e+02   3.6427964e+01
   4.4300000e+02   3.6426784e+01
   4.4325000e+02   3.6425607e+01
   4.4350000e+02   3.6424433e+01
   4.4375000e+02   3.6423263e+01
   4.4400000e+02   3.6422096e+01
   4.4425000e+02   3.6420931e+01
   4.4450000e+02   3.6419771e+01
   4.4475000e+02   3.6418613e+01
   4.4500000e+02   3.6417458e+01
   4.4525000e+02   3.6416307e+01
   4.4550000e+02   3.6415159e+01
   4.4575000e+02   3.6414014e+01
   4.4600000e+02   3.6412872e+01
   4.4625000e+02   3.6411734e+01
   4.4650000e+02   3.6410598e+01
   4.4675000e+02   3.6409466e+01
   4.4700000e+02   3.6408337e+01
   4.4725000e+02   3.6407211e+01
   4.4750000e+02   3.6406088e+01
   4.4775000e+02   3.6404968e+01
   4.4800000e+02   3.6403851e+01
   4.4825000e+02   3.6402737e+01
   4.4850000e+02   3.6401626e+01
   4.4875000e+02   3.6400519e+01
   4.4900000e+02   3.6399414e+01
   4.4925000e+02   3.6398313e+01
   4.4950000e+02   3.6397214e+01
   4.4975000e+02   3.6396119e+01
   4.5000000e+02   3.6395026e+01
   4.5025000e+02   3.6393937e+01
   4.5050000e+02   3.6392851e+01
   4.5075000e+02   3.6391767e+01
   4.5100000e+02   3.6390687e+01
   4.5125000e+02   3.6389609e+01
   4.5150000e+02   3.6388535e+01
   4.5175000e+02   3.6387463e+01
   4.5200000e+02   3.6386395e+01
   4.5225000e+02   3.6385329e+01
   4.5250000e+02   3.6384266e+01
   4.5275000e+02   3.6383207e+01
   4.5300000e+02   3.6382150e+01
   4.5325000e+02   3.6381096e+01
   4.5350000e+02   3.6380045e+01
   4.5375000e+02   3.6378997e+01
   4.5400000e+02   3.6377952e+01
   4.5425000e+02   3.6376909e+01
   4.5450000e+02   3.6375870e+01
   4.5475000e+02   3.6374833e+01
   4.5500000e+02   3.6373800e+01
   4.5525000e+02   3.6372769e+01
   4.5550000e+02   3.6371741e+01
   4.5575000e+02   3.6370716e+01
   4.5600000e+02   3.6369693e+01
   4.5625000e+02   3.6368674e+01
   4.5650000e+02   3.6367657e+01
   4.5675000e+02   3.6366643e+01
   4.5700000e+02   3.6365632e+01
   4.5725000e+02   3.6364624e+01
   4.5750000e+02   3.6363618e+01
   4.5775000e+02   3.6362615e+01
   4.5800000e+02   3.6361615e+01
   4.5825000e+02   3.6360618e+01
   4.5850000e+02   3.6359623e+01
   4.5875000e+02   3.6358632e+01
   4.5900000e+02   3.6357643e+01
   4.5925000e+02   3.6356656e+01
   4.5950000e+02   3.6355673e+01
   4.5975000e+02   3.6354692e+01
   4.6000000e+02   3.6353714e+01
   4.6025000e+02   3.6352738e+01
   4.6050000e+02   3.6351765e+01
   4.6075000e+02   3.6350795e+01
   4.6100000e+02   3.6349828e+01
   4.6125000e+02   3.6348863e+01
   4.6150000e+02   3.6347901e+01
   4.6175000e+02   3.6346941e+01
   4.6200000e+02   3.6345985e+01
   4.6225000e+02   3.6345030e+01
   4.6250000e+02   3.6344079e+01
   4.6275000e+02   3.6343130e+01
   4.6300000e+02   3.6342184e+01
   4.6325000e+02   3.6341240e+01
   4.6350000e+02   3.6340299e+01
   4.6375000e+02   3.6339361e+01
   4.6400000e+02   3.6338425e+01
   4.6425000e+02   3.6337491e+01
   4.6450000e+02   3.6336561e+01
   4.6475000e+02   3.6335632e+01
   4.6500000e+02   3.6334707e+01
   4.6525000e+02   3.6333784e+01
   4.6550000e+02   3.6332863e+01
   4.6575000e+02   3.6331945e+01
   4.6600000e+02   3.6331030e+01
   4.6625000e+02   3.6330117e+01
   4.6650000e+02   3.6329206e+01
   4.6675000e+02   3.6328299e+01
   4.6700000e+02   3.6327393e+01
   4.6725000e+02   3.6326490e+01
   4.6750000e+02   3.6325590e+01
   4.6775000e+02   3.6324692e+01
   4.6800000e+02   3.6323797e+01
   4.6825000e+02   3.6322904e+01
   4.6850000e+02   3.6322013e+01
   4.6875000e+02   3.6321125e+01
   4.6900000e+02   3.6320239e+01
   4.6925000e+02   3.6319356e+01
   4.6950000e+02   3.6318476e+01
   4.6975000e+02   3.6317597e+01
   4.7000000e+02   3.6316721e+01
   4.7025000e+02   3.6315848e+01
   4.7050000e+02   3.6314977e+01
   4.7075000e+02   3.6314108e+01
   4.7100000e+02   3.6313242e+01
   4.7125000e+02   3.6312378e+01
   4.7150000e+02   3.6311517e+01
   4.7175000e+02   3.6310657e+01
   4.7200000e+02   3.6309801e+01
   4.7225000e+02   3.6308946e+01
   4.7250000e+02   3.6308094e+01
   4.7275000e+02   3.6307245e+01
   4.7300000e+02   3.6306397e+01
   4.7325000e+02   3.6305552e+01
   4.7350000e+02   3.6304710e+01
   4.7375000e+02   3.6303869e+01
   4.7400000e+02   3.6303031e+01
   4.7425000e+02   3.6302196e+01
   4.7450000e+02   3.6301362e+01
   4.7475000e+02   3.6300531e+01
   4.7500000e+02   3.6299702e+01
   4.7525000e+02   3.6298876e+01
   4.7550000e+02   3.6298052e+01
   4.7575000e+02   3.6297230e+01
   4.7600000e+02   3.6296410e+01
   4.7625000e+02   3.6295592e+01
   4.7650000e+02   3.6294777e+01
   4.7675000e+02   3.6293964e+01
   4.7700000e+02   3.6293154e+01
   4.7725000e+02   3.6292345e+01
   4.7750000e+02   3.6291539e+01
   4.7775000e+02   3.6290735e+01
   4.7800000e+02   3.6289933e+01
   4.7825000e+02   3.6289134e+01
   4.7850000e+02   3.6288336e+01
   4.7875000e+02   3.6287541e+01
   4.7900000e+02   3.6286748e+01
   4.7925000e+02   3.6285957e+01
   4.7950000e+02   3.6285169e+01
   4.7975000e+02   3.6284382e+01
   4.8000000e+02   3.6283598e+01
   4.8025000e+02   3.6282816e+01
   4.8050000e+02   3.6282036e+01
   4.8075000e+02   3.6281258e+01
   4.8100000e+02   3.6280482e+01
   4.8125000e+02   3.6279709e+01
   4.8150000e+02   3.6278937e+01
   4.8175000e+02   3.6278168e+01
   4.8200000e+02   3.6277401e+01
   4.8225000e+02   3.6276636e+01
   4.8250000e+02   3.6275873e+01
   4.8275000e+02   3.6275112e+01
   4.8300000e+02   3.6274354e+01
   4.8325000e+02   3.6273597e+01
   4.8350000e+02   3.6272842e+01
   4.8375000e+02   3.6272090e+01
   4.8400000e+02   3.6271340e+01
   4.8425000e+02   3.6270591e+01
   4.8450000e+02   3.6269845e+01
   4.8475000e+02   3.6269101e+01
   4.8500000e+02   3.6268359e+01
   4.8525000e+02   3.6267619e+01
   4.8550000e+02   3.6266881e+01
   4.8575000e+02   3.6266145e+01
   4.8600000e+02   3.6265411e+01
   4.8625000e+02   3.6264679e+01
   4.8650000e+02   3.6263949e+01
   4.8675000e+02   3.6263221e+01
   4.8700000e+02   3.6262495e+01
   4.8725000e+02   3.6261771e+01
   4.8750000e+02   3.6261049e+01
   4.8775000e+02   3.6260329e+01
   4.8800000e+02   3.6259611e+01
   4.8825000e+02   3.6258895e+01
   4.8850000e+02   3.6258181e+01
   4.8875000e+02   3.6257469e+01
   4.8900000e+02   3.6256759e+01
   4.8925000e+02   3.6256051e+01
   4.8950000e+02   3.6255345e+01
   4.8975000e+02   3.6254641e+01
   4.9000000e+02   3.6253938e+01
   4.9025000e+02   3.6253238e+01
   4.9050000e+02   3.6252540e+01
   4.9075000e+02   3.6251843e+01
   4.9100000e+02   3.6251149e+01
   4.9125000e+02   3.6250456e+01
   4.9150000e+02   3.6249765e+01
   4.9175000e+02   3.6249077e+01
   4.9200000e+02   3.6248390e+01
   4.9225000e+02   3.6247705e+01
   4.9250000e+02   3.6247022e+01
   4.9275000e+02   3.6246340e+01
   4.9300000e+02   3.6245661e+01
   4.9325000e+02   3.6244984e+01
   4.9350000e+02   3.6244308e+01
   4.9375000e+02   3.6243634e+01
   4.9400000e+02   3.6242962e+01
   4.9425000e+02   3.6242292e+01
   4.9450000e+02   3.6241624e+01
   4.9475000e+02   3.6240958e+01
   4.9500000e+02   3.6240293e+01
   4.9525000e+02   3.6239630e+01
   4.9550000e+02   3.6238970e+01
   4.9575000e+02   3.6238311e+01
   4.9600000e+02   3.6237653e+01
   4.9625000e+02   3.6236998e+01
   4.9650000e+02   3.6236344e+01
   4.9675000e+02   3.6235693e+01
   4.9700000e+02   3.6235043e+01
   4.9725000e+02   3.6234394e+01
   4.9750000e+02   3.6233748e+01
   4.9775000e+02   3.6233103e+01
   4.9800000e+02   3.6232460e+01
   4.9825000e+02   3.6231819e+01
   4.9850000e+02   3.6231180e+01
   4.9875000e+02   3.6230542e+01
   4.9900000e+02   3.6229907e+01
   4.9925000e+02   3.6229273e+01
   4.9950000e+02   3.6228640e+01
   4.9975000e+02   3.6228010e+01
   5.0000000e+02   3.6227381e+01
   5.0025000e+02   3.6226754e+01
   5.0050000e+02   3.6226129e+01
   5.0075000e+02   3.6225505e+01
   5.0100000e+02   3.6224883e+01
   5.0125000e+02   3.6224263e+01
   5.0150000e+02   3.6223644e+01
   5.0175000e+02   3.6223028e+01
   5.0200000e+02   3.6222413e+01
   5.0225000e+02   3.6221799e+01
   5.0250000e+02   3.6221187e+01
   5.0275000e+02   3.6220577e+01
   5.0300000e+02   3.6219969e+01
   5.0325000e+02   3.6219363e+01
   5.0350000e+02   3.6218758e+01
   5.0375000e+02   3.6218154e+01
   5.0400000e+02   3.6217553e+01
   5.0425000e+02   3.6216953e+01
   5.0450000e+02   3.6216354e+01
   5.0475000e+02   3.6215758e+01
   5.0500000e+02   3.6215163e+01
   5.0525000e+02   3.6214569e+01
   5.0550000e+02   3.6213978e+01
   5.0575000e+02   3.6213387e+01
   5.0600000e+02   3.6212799e+01
   5.0625000e+02   3.6212212e+01
   5.0650000e+02   3.6211627e+01
   5.0675000e+02   3.6211043e+01
   5.0700000e+02   3.6210461e+01
   5.0725000e+02   3.6209881e+01
   5.0750000e+02   3.6209302e+01
   5.0775000e+02   3.6208725e+01
   5.0800000e+02   3.6208149e+01
   5.0825000e+02   3.6207575e+01
   5.0850000e+02   3.6207003e+01
   5.0875000e+02   3.6206432e+01
   5.0900000e+02   3.6205862e+01
   5.0925000e+02   3.6205295e+01
   5.0950000e+02   3.6204729e+01
   5.0975000e+02   3.6204164e+01
   5.1000000e+02   3.6203601e+01
   5.1025000e+02   3.6203039e+01
   5.1050000e+02   3.6202479e+01
   5.1075000e+02   3.6201921e+01
   5.1100000e+02   3.6201364e+01
   5.1125000e+02   3.6200809e+01
   5.1150000e+02   3.6200255e+01
   5.1175000e+02   3.6199703e+01
   5.1200000e+02   3.6199152e+01
   5.1225000e+02   3.6198603e+01
   5.1250000e+02   3.6198055e+01
   5.1275000e+02   3.6197509e+01
   5.1300000e+02   3.6196964e+01
   5.1325000e+02   3.6196421e+01
   5.1350000e+02   3.6195879e+01
   5.1375000e+02   3.6195339e+01
   5.1400000e+02   3.6194800e+01
   5.1425000e+02   3.6194263e+01
   5.1450000e+02   3.6193727e+01
   5.1475000e+02   3.6193193e+01
   5.1500000e+02   3.6192660e+01
   5.1525000e+02   3.6192129e+01
   5.1550000e+02   3.6191599e+01
   5.1575000e+02   3.6191071e+01
   5.1600000e+02   3.6190544e+01
   5.1625000e+02   3.6190018e+01
   5.1650000e+02   3.6189494e+01
   5.1675000e+02   3.6188972e+01
   5.1700000e+02   3.6188451e+01
   5.1725000e+02   3.6187931e+01
   5.1750000e+02   3.6187413e+01
   5.1775000e+02   3.6186896e+01
   5.1800000e+02   3.6186380e+01
   5.1825000e+02   3.6185866e+01
   5.1850000e+02   3.6185354e+01
   5.1875000e+02   3.6184843e+01
   5.1900000e+02   3.6184333e+01
   5.1925000e+02   3.6183825e+01
   5.1950000e+02   3.6183318e+01
   5.1975000e+02   3.6182812e+01
   5.2000000e+02   3.6182308e+01
   5.2025000e+02   3.6181805e+01
   5.2050000e+02   3.6181304e+01
   5.2075000e+02   3.6180804e+01
   5.2100000e+02   3.6180305e+01
   5.2125000e+02   3.6179808e+01
   5.2150000e+02   3.6179312e+01
   5.2175000e+02   3.6178817e+01
   5.2200000e+02   3.6178324e+01
   5.2225000e+02   3.6177832e+01
   5.2250000e+02   3.6177342e+01
   5.2275000e+02   3.6176853e+01
   5.2300000e+02   3.6176365e+01
   5.2325000e+02   3.6175879e+01
   5.2350000e+02   3.6175394e+01
   5.2375000e+02   3.6174910e+01
   5.2400000e+02   3.6174428e+01
   5.2425000e+02   3.6173947e+01
   5.2450000e+02   3.6173467e+01
   5.2475000e+02   3.6172989e+01
   5.2500000e+02   3.6172512e+01
   5.2525000e+02   3.6172036e+01
   5.2550000e+02   3.6171561e+01
   5.2575000e+02   3.6171088e+01
   5.2600000e+02   3.6170616e+01
   5.2625000e+02   3.6170146e+01
   5.2650000e+02   3.6169677e+01
   5.2675000e+02   3.6169209e+01
   5.2700000e+02   3.6168742e+01
   5.2725000e+02   3.6168277e+01
   5.2750000e+02   3.6167813e+01
   5.2775000e+02   3.6167350e+01
   5.2800000e+02   3.6166888e+01
   5.2825000e+02   3.6166428e+01
   5.2850000e+02   3.6165969e+01
   5.2875000e+02   3.6165511e+01
   5.2900000e+02   3.6165055e+01
   5.2925000e+02   3.6164600e+01
   5.2950000e+02   3.6164146e+01
   5.2975000e+02   3.6163693e+01
   5.3000000e+02   3.6163242e+01
   5.3025000e+02   3.6162791e+01
   5.3050000e+02   3.6162343e+01
   5.3075000e+02   3.6161895e+01
   5.3100000e+02   3.6161448e+01
   5.3125000e+02   3.6161003e+01
   5.3150000e+02   3.6160559e+01
   5.3175000e+02   3.6160116e+01
   5.3200000e+02   3.6159675e+01
   5.3225000e+02   3.6159234e+01
   5.3250000e+02   3.6158795e+01
   5.3275000e+02   3.6158357e+01
   5.3300000e+02   3.6157921e+01
   5.3325000e+02   3.6157485e+01
   5.3350000e+02   3.6157051e+01
   5.3375000e+02   3.6156618e+01
   5.3400000e+02   3.6156186e+01
   5.3425000e+02   3.6155755e+01
   5.3450000e+02   3.6155325e+01
   5.3475000e+02   3.6154897e+01
   5.3500000e+02   3.6154470e+01
   5.3525000e+02   3.6154044e+01
   5.3550000e+02   3.6153619e+01
   5.3575000e+02   3.6153195e+01
   5.3600000e+02   3.6152773e+01
   5.3625000e+02   3.6152352e+01
   5.3650000e+02   3.6151931e+01
   5.3675000e+02   3.6151512e+01
   5.3700000e+02   3.6151095e+01
   5.3725000e+02   3.6150678e+01
   5.3750000e+02   3.6150262e+01
   5.3775000e+02   3.6149848e+01
   5.3800000e+02   3.6149435e+01
   5.3825000e+02   3.6149023e+01
   5.3850000e+02   3.6148612e+01
   5.3875000e+02   3.6148202e+01
   5.3900000e+02   3.6147793e+01
   5.3925000e+02   3.6147385e+01
   5.3950000e+02   3.6146979e+01
   5.3975000e+02   3.6146574e+01
   5.4000000e+02   3.6146169e+01
   5.4025000e+02   3.6145766e+01
   5.4050000e+02   3.6145364e+01
   5.4075000e+02   3.6144963e+01
   5.4100000e+02   3.6144564e+01
   5.4125000e+02   3.6144165e+01
   5.4150000e+02   3.6143767e+01
   5.4175000e+02   3.6143371e+01
   5.4200000e+02   3.6142976e+01
   5.4225000e+02   3.6142581e+01
   5.4250000e+02   3.6142188e+01
   5.4275000e+02   3.6141796e+01
   5.4300000e+02   3.6141405e+01
   5.4325000e+02   3.6141015e+01
   5.4350000e+02   3.6140626e+01
   5.4375000e+02   3.6140238e+01
   5.4400000e+02   3.6139851e+01
   5.4425000e+02   3.6139466e+01
   5.4450000e+02   3.6139081e+01
   5.4475000e+02   3.6138698e+01
   5.4500000e+02   3.6138315e+01
   5.4525000e+02   3.6137934e+01
   5.4550000e+02   3.6137553e+01
   5.4575000e+02   3.6137174e+01
   5.4600000e+02   3.6136796e+01
   5.4625000e+02   3.6136418e+01
   5.4650000e+02   3.6136042e+01
   5.4675000e+02   3.6135667e+01
   5.4700000e+02   3.6135293e+01
   5.4725000e+02   3.6134920e+01
   5.4750000e+02   3.6134548e+01
   5.4775000e+02   3.6134176e+01
   5.4800000e+02   3.6133806e+01
   5.4825000e+02   3.6133437e+01
   5.4850000e+02   3.6133069e+01
   5.4875000e+02   3.6132702e+01
   5.4900000e+02   3.6132336e+01
   5.4925000e+02   3.6131972e+01
   5.4950000e+02   3.6131608e+01
   5.4975000e+02   3.6131245e+01
   5.5000000e+02   3.6130883e+01
   5.5025000e+02   3.6130522e+01
   5.5050000e+02   3.6130162e+01
   5.5075000e+02   3.6129803e+01
   5.5100000e+02   3.6129445e+01
   5.5125000e+02   3.6129088e+01
   5.5150000e+02   3.6128732e+01
   5.5175000e+02   3.6128377e+01
   5.5200000e+02   3.6128023e+01
   5.5225000e+02   3.6127670e+01
   5.5250000e+02   3.6127318e+01
   5.5275000e+02   3.6126967e+01
   5.5300000e+02   3.6126616e+01
   5.5325000e+02   3.6126267e+01
   5.5350000e+02   3.6125919e+01
   5.5375000e+02   3.6125572e+01
   5.5400000e+02   3.6125225e+01
   5.5425000e+02   3.6124880e+01
   5.5450000e+02   3.6124536e+01
   5.5475000e+02   3.6124192e+01
   5.5500000e+02   3.6123850e+01
   5.5525000e+02   3.6123508e+01
   5.5550000e+02   3.6123168e+01
   5.5575000e+02   3.6122828e+01
   5.5600000e+02   3.6122489e+01
   5.5625000e+02   3.6122151e+01
   5.5650000e+02   3.6121814e+01
   5.5675000e+02   3.6121479e+01
   5.5700000e+02   3.6121143e+01
   5.5725000e+02   3.6120809e+01
   5.5750000e+02   3.6120476e+01
   5.5775000e+02   3.6120144e+01
   5.5800000e+02   3.6119813e+01
   5.5825000e+02   3.6119482e+01
   5.5850000e+02   3.6119153e+01
   5.5875000e+02   3.6118824e+01
   5.5900000e+02   3.6118496e+01
   5.5925000e+02   3.6118170e+01
   5.5950000e+02   3.6117844e+01
   5.5975000e+02   3.6117519e+01
   5.6000000e+02   3.6117195e+01
   5.6025000e+02   3.6116871e+01
   5.6050000e+02   3.6116549e+01
   5.6075000e+02   3.6116228e+01
   5.6100000e+02   3.6115907e+01
   5.6125000e+02   3.6115588e+01
   5.6150000e+02   3.6115269e+01
   5.6175000e+02   3.6114951e+01
   5.6200000e+02   3.6114634e+01
   5.6225000e+02   3.6114318e+01
   5.6250000e+02   3.6114002e+01
   5.6275000e+02   3.6113688e+01
   5.6300000e+02   3.6113375e+01
   5.6325000e+02   3.6113062e+01
   5.6350000e+02   3.6112750e+01
   5.6375000e+02   3.6112439e+01
   5.6400000e+02   3.6112129e+01
   5.6425000e+02   3.6111820e+01
   5.6450000e+02   3.6111511e+01
   5.6475000e+02   3.6111204e+01
   5.6500000e+02   3.6110897e+01
   5.6525000e+02   3.6110591e+01
   5.6550000e+02   3.6110286e+01
   5.6575000e+02   3.6109982e+01
   5.6600000e+02   3.6109679e+01
   5.6625000e+02   3.6109376e+01
   5.6650000e+02   3.6109075e+01
   5.6675000e+02   3.6108774e+01
   5.6700000e+02   3.6108474e+01
   5.6725000e+02   3.6108175e+01
   5.6750000e+02   3.6107877e+01
   5.6775000e+02   3.6107579e+01
   5.6800000e+02   3.6107282e+01
   5.6825000e+02   3.6106986e+01
   5.6850000e+02   3.6106691e+01
   5.6875000e+02   3.6106397e+01
   5.6900000e+02   3.6106104e+01
   5.6925000e+02   3.6105811e+01
   5.6950000e+02   3.6105519e+01
   5.6975000e+02   3.6105228e+01
   5.7000000e+02   3.6104938e+01
   5.7025000e+02   3.6104649e+01
   5.7050000e+02   3.6104360e+01
   5.7075000e+02   3.6104072e+01
   5.7100000e+02   3.6103785e+01
   5.7125000e+02   3.6103499e+01
   5.7150000e+02   3.6103214e+01
   5.7175000e+02   3.6102929e+01
   5.7200000e+02   3.6102645e+01
   5.7225000e+02   3.6102362e+01
   5.7250000e+02   3.6102080e+01
   5.7275000e+02   3.6101798e+01
   5.7300000e+02   3.6101518e+01
   5.7325000e+02   3.6101238e+01
   5.7350000e+02   3.6100958e+01
   5.7375000e+02   3.6100680e+01
   5.7400000e+02   3.6100402e+01
   5.7425000e+02   3.6100125e+01
   5.7450000e+02   3.6099849e+01
   5.7475000e+02   3.6099574e+01
   5.7500000e+02   3.6099299e+01
   5.7525000e+02   3.6099025e+01
   5.7550000e+02   3.6098752e+01
   5.7575000e+02   3.6098480e+01
   5.7600000e+02   3.6098208e+01
   5.7625000e+02   3.6097938e+01
   5.7650000e+02   3.6097667e+01
   5.7675000e+02   3.6097398e+01
   5.7700000e+02   3.6097130e+01
   5.7725000e+02   3.6096862e+01
   5.7750000e+02   3.6096595e+01
   5.7775000e+02   3.6096328e+01
   5.7800000e+02   3.6096063e+01
   5.7825000e+02   3.6095798e+01
   5.7850000e+02   3.6095533e+01
   5.7875000e+02   3.6095270e+01
   5.7900000e+02   3.6095007e+01
   5.7925000e+02   3.6094745e+01
   5.7950000e+02   3.6094484e+01
   5.7975000e+02   3.6094223e+01
   5.8000000e+02   3.6093963e+01
   5.8025000e+02   3.6093704e+01
   5.8050000e+02   3.6093446e+01
   5.8075000e+02   3.6093188e+01
   5.8100000e+02   3.6092931e+01
   5.8125000e+02   3.6092675e+01
   5.8150000e+02   3.6092419e+01
   5.8175000e+02   3.6092164e+01
   5.8200000e+02   3.6091910e+01
   5.8225000e+02   3.6091657e+01
   5.8250000e+02   3.6091404e+01
   5.8275000e+02   3.6091152e+01
   5.8300000e+02   3.6090901e+01
   5.8325000e+02   3.6090650e+01
   5.8350000e+02   3.6090400e+01
   5.8375000e+02   3.6090151e+01
   5.8400000e+02   3.6089902e+01
   5.8425000e+02   3.6089654e+01
   5.8450000e+02   3.6089407e+01
   5.8475000e+02   3.6089160e+01
   5.8500000e+02   3.6088914e+01
   5.8525000e+02   3.6088669e+01
   5.8550000e+02   3.6088425e+01
   5.8575000e+02   3.6088181e+01
   5.8600000e+02   3.6087938e+01
   5.8625000e+02   3.6087695e+01
   5.8650000e+02   3.6087453e+01
   5.8675000e+02   3.6087212e+01
   5.8700000e+02   3.6086971e+01
   5.8725000e+02   3.6086732e+01
   5.8750000e+02   3.6086492e+01
   5.8775000e+02   3.6086254e+01
   5.8800000e+02   3.6086016e+01
   5.8825000e+02   3.6085779e+01
   5.8850000e+02   3.6085542e+01
   5.8875000e+02   3.6085306e+01
   5.8900000e+02   3.6085071e+01
   5.8925000e+02   3.6084836e+01
   5.8950000e+02   3.6084603e+01
   5.8975000e+02   3.6084369e+01
   5.9000000e+02   3.6084137e+01
   5.9025000e+02   3.6083905e+01
   5.9050000e+02   3.6083673e+01
   5.9075000e+02   3.6083442e+01
   5.9100000e+02   3.6083212e+01
   5.9125000e+02   3.6082983e+01
   5.9150000e+02   3.6082754e+01
   5.9175000e+02   3.6082526e+01
   5.9200000e+02   3.6082298e+01
   5.9225000e+02   3.6082071e+01
   5.9250000e+02   3.6081845e+01
   5.9275000e+02   3.6081619e+01
   5.9300000e+02   3.6081394e+01
   5.9325000e+02   3.6081170e+01
   5.9350000e+02   3.6080946e+01
   5.9375000e+02   3.6080722e+01
   5.9400000e+02   3.6080500e+01
   5.9425000e+02   3.6080278e+01
   5.9450000e+02   3.6080056e+01
   5.9475000e+02   3.6079836e+01
   5.9500000e+02   3.6079615e+01
   5.9525000e+02   3.6079396e+01
   5.9550000e+02   3.6079177e+01
   5.9575000e+02   3.6078959e+01
   5.9600000e+02   3.6078741e+01
   5.9625000e+02   3.6078524e+01
   5.9650000e+02   3.6078307e+01
   5.9675000e+02   3.6078091e+01
   5.9700000e+02   3.6077876e+01
   5.9725000e+02   3.6077661e+01
   5.9750000e+02   3.6077447e+01
   5.9775000e+02   3.6077233e+01
   5.9800000e+02   3.6077020e+01
   5.9825000e+02   3.6076808e+01
   5.9850000e+02   3.6076596e+01
   5.9875000e+02   3.6076385e+01
   5.9900000e+02   3.6076174e+01
   5.9925000e+02   3.6075964e+01
   5.9950000e+02   3.6075755e+01
   5.9975000e+02   3.6075546e+01
   6.0000000e+02   3.6075337e+01
