   0.0000000e+00   7.5263158e+01
   2.5000000e-01   7.5031553e+01
   5.0000000e-01   7.4800955e+01
   7.5000000e-01   7.4571360e+01
   1.0000000e+00   7.4342763e+01
   1.2500000e+00   7.4115160e+01
   1.5000000e+00   7.3888546e+01
   1.7500000e+00   7.3662919e+01
   2.0000000e+00   7.3438272e+01
   2.2500000e+00   7.3214602e+01
   2.5000000e+00   7.2991905e+01
   2.7500000e+00   7.2770176e+01
   3.0000000e+00   7.2549411e+01
   3.2500000e+00   7.2329606e+01
   3.5000000e+00   7.2110757e+01
   3.7500000e+00   7.1892860e+01
   4.0000000e+00   7.1675910e+01
   4.2500000e+00   7.1459903e+01
   4.5000000e+00   7.1244836e+01
   4.7500000e+00   7.1030704e+01
   5.0000000e+00   7.0817503e+01
   5.2500000e+00   7.0605229e+01
   5.5000000e+00   7.0393878e+01
   5.7500000e+00   7.0183446e+01
   6.0000000e+00   6.9973929e+01
   6.2500000e+00   6.9765323e+01
   6.5000000e+00   6.9557624e+01
   6.7500000e+00   6.9350829e+01
   7.0000000e+00   6.9144932e+01
   7.2500000e+00   6.8939931e+01
   7.5000000e+00   6.8735821e+01
   7.7500000e+00   6.8532599e+01
   8.0000000e+00   6.8330261e+01
   8.2500000e+00   6.8128802e+01
   8.5000000e+00   6.7928220e+01
   8.7500000e+00   6.7728509e+01
   9.0000000e+00   6.7529667e+01
   9.2500000e+00   6.7331690e+01
   9.5000000e+00   6.7134573e+01
   9.7500000e+00   6.6938314e+01
   1.0000000e+01   6.6742908e+01
   1.0250000e+01   6.6548351e+01
   1.0500000e+01   6.6354641e+01
   1.0750000e+01   6.6161773e+01
   1.1000000e+01   6.5969744e+01
   1.1250000e+01   6.5778549e+01
   1.1500000e+01   6.5588186e+01
   1.1750000e+01   6.5398651e+01
   1.2000000e+01   6.5209940e+01
   1.2250000e+01   6.5022049e+01
   1.2500000e+01   6.4834976e+01
   1.2750000e+01   6.4648716e+01
   1.3000000e+01   6.4463266e+01
   1.3250000e+01   6.4278622e+01
   1.3500000e+01   6.4094781e+01
   1.3750000e+01   6.3911740e+01
   1.4000000e+01   6.3729494e+01
   1.4250000e+01   6.3548041e+01
   1.4500000e+01   6.3367377e+01
   1.4750000e+01   6.3187499e+01
   1.5000000e+01   6.3008402e+01
   1.5250000e+01   6.2830085e+01
   1.5500000e+01   6.2652543e+01
   1.5750000e+01   6.2475773e+01
   1.6000000e+01   6.2299771e+01
   1.6250000e+01   6.2124535e+01
   1.6500000e+01   6.1950061e+01
   1.6750000e+01   6.1776345e+01
   1.7000000e+01   6.1603385e+01
   1.7250000e+01   6.1431177e+01
   1.7500000e+01   6.1259718e+01
   1.7750000e+01   6.1089004e+01
   1.8000000e+01   6.0919033e+01
   1.8250000e+01   6.0749800e+01
   1.8500000e+01   6.0581304e+01
   1.8750000e+01   6.0413540e+01
   1.9000000e+01   6.0246506e+01
   1.9250000e+01   6.0080198e+01
   1.9500000e+01   5.9914613e+01
   1.9750000e+01   5.9749749e+01
   2.0000000e+01   5.9585601e+01
   2.0250000e+01   5.9422167e+01
   2.0500000e+01   5.9259443e+01
   2.0750000e+01   5.9097427e+01
   2.1000000e+01   5.8936116e+01
   2.1250000e+01   5.8775506e+01
   2.1500000e+01   5.8615594e+01
   2.1750000e+01   5.8456378e+01
   2.2000000e+01   5.8297854e+01
   2.2250000e+01   5.8140020e+01
   2.2500000e+01   5.7982872e+01
   2.2750000e+01   5.7826407e+01
   2.3000000e+01   5.7670622e+01
   2.3250000e+01   5.7515515e+01
   2.3500000e+01   5.7361082e+01
   2.3750000e+01   5.7207321e+01
   2.4000000e+01   5.7054228e+01
   2.4250000e+01   5.6901802e+01
   2.4500000e+01   5.6750037e+01
   2.4750000e+01   5.6598933e+01
   2.5000000e+01   5.6448486e+01
   2.5250000e+01   5.6298693e+01
   2.5500000e+01   5.6149552e+01
   2.5750000e+01   5.6001059e+01
   2.6000000e+01   5.5853211e+01
   2.6250000e+01   5.5706007e+01
   2.6500000e+01   5.5559442e+01
   2.6750000e+01   5.5413515e+01
   2.7000000e+01   5.5268223e+01
   2.7250000e+01   5.5123562e+01
   2.7500000e+01   5.4979530e+01
   2.7750000e+01   5.4836125e+01
   2.8000000e+01   5.4693343e+01
   2.8250000e+01   5.4551182e+01
   2.8500000e+01   5.4409639e+01
   2.8750000e+01   5.4268712e+01
   2.9000000e+01   5.4128397e+01
   2.9250000e+01   5.3988693e+01
   2.9500000e+01   5.3849596e+01
   2.9750000e+01   5.3711104e+01
   3.0000000e+01   5.3573214e+01
   3.0250000e+01   5.3435923e+01
   3.0500000e+01   5.3299230e+01
   3.0750000e+01   5.3163131e+01
   3.1000000e+01   5.3027624e+01
   3.1250000e+01   5.2892706e+01
   3.1500000e+01   5.2758375e+01
   3.1750000e+01   5.2624627e+01
   3.2000000e+01   5.2491462e+01
   3.2250000e+01   5.2358875e+01
   3.2500000e+01   5.2226865e+01
   3.2750000e+01   5.2095429e+01
   3.3000000e+01   5.1964565e+01
   3.3250000e+01   5.1834269e+01
   3.3500000e+01   5.1704541e+01
   3.3750000e+01   5.1575376e+01
   3.4000000e+01   5.1446773e+01
   3.4250000e+01   5.1318729e+01
   3.4500000e+01   5.1191242e+01
   3.4750000e+01   5.1064309e+01
   3.5000000e+01   5.0937928e+01
   3.5250000e+01   5.0812097e+01
   3.5500000e+01   5.0686813e+01
   3.5750000e+01   5.0562073e+01
   3.6000000e+01   5.0437876e+01
   3.6250000e+01   5.0314220e+01
   3.6500000e+01   5.0191100e+01
   3.6750000e+01   5.0068517e+01
   3.7000000e+01   4.9946466e+01
   3.7250000e+01   4.9824946e+01
   3.7500000e+01   4.9703954e+01
   3.7750000e+01   4.9583488e+01
   3.8000000e+01   4.9463547e+01
   3.8250000e+01   4.9344126e+01
   3.8500000e+01   4.9225226e+01
   3.8750000e+01   4.9106842e+01
   3.9000000e+01   4.8988973e+01
   3.9250000e+01   4.8871616e+01
   3.9500000e+01   4.8754770e+01
   3.9750000e+01   4.8638431e+01
   4.0000000e+01   4.8522599e+01
   4.0250000e+01   4.8407270e+01
   4.0500000e+01   4.8292443e+01
   4.0750000e+01   4.8178115e+01
   4.1000000e+01   4.8064285e+01
   4.1250000e+01   4.7950949e+01
   4.1500000e+01   4.7838106e+01
   4.1750000e+01   4.7725754e+01
   4.2000000e+01   4.7613890e+01
   4.2250000e+01   4.7502513e+01
   4.2500000e+01   4.7391620e+01
   4.2750000e+01   4.7281209e+01
   4.3000000e+01   4.7171278e+01
   4.3250000e+01   4.7061825e+01
   4.3500000e+01   4.6952849e+01
   4.3750000e+01   4.6844346e+01
   4.4000000e+01   4.6736315e+01
   4.4250000e+01   4.6628753e+01
   4.4500000e+01   4.6521660e+01
   4.4750000e+01   4.6415032e+01
   4.5000000e+01   4.6308867e+01
   4.5250000e+01   4.6203165e+01
   4.5500000e+01   4.6097922e+01
   4.5750000e+01   4.5993136e+01
   4.6000000e+01   4.5888807e+01
   4.6250000e+01   4.5784931e+01
   4.6500000e+01   4.5681506e+01
   4.6750000e+01   4.5578531e+01
   4.7000000e+01   4.5476005e+01
   4.7250000e+01   4.5373923e+01
   4.7500000e+01   4.5272286e+01
   4.7750000e+01   4.5171091e+01
   4.8000000e+01   4.5070336e+01
   4.8250000e+01   4.4970019e+01
   4.8500000e+01   4.4870138e+01
   4.8750000e+01   4.4770691e+01
   4.9000000e+01   4.4671677e+01
   4.9250000e+01   4.4573093e+01
   4.9500000e+01   4.4474938e+01
   4.9750000e+01   4.4377210e+01
   5.0000000e+01   4.4279907e+01
   5.0250000e+01   4.4183027e+01
   5.0500000e+01   4.4086568e+01
   5.0750000e+01   4.3990529e+01
   5.1000000e+01   4.3894907e+01
   5.1250000e+01   4.3799701e+01
   5.1500000e+01   4.3704909e+01
   5.1750000e+01   4.3610529e+01
   5.2000000e+01   4.3516560e+01
   5.2250000e+01   4.3422999e+01
   5.2500000e+01   4.3329845e+01
   5.2750000e+01   4.3237096e+01
   5.3000000e+01   4.3144750e+01
   5.3250000e+01   4.3052806e+01
   5.3500000e+01   4.2961262e+01
   5.3750000e+01   4.2870116e+01
   5.4000000e+01   4.2779366e+01
   5.4250000e+01   4.2689011e+01
   5.4500000e+01   4.2599048e+01
   5.4750000e+01   4.2509477e+01
   5.5000000e+01   4.2420295e+01
   5.5250000e+01   4.2331501e+01
   5.5500000e+01   4.2243094e+01
   5.5750000e+01   4.2155070e+01
   5.6000000e+01   4.2067430e+01
   5.6250000e+01   4.1980170e+01
   5.6500000e+01   4.1893290e+01
   5.6750000e+01   4.1806788e+01
   5.7000000e+01   4.1720661e+01
   5.7250000e+01   4.1634910e+01
   5.7500000e+01   4.1549531e+01
   5.7750000e+01   4.1464523e+01
   5.8000000e+01   4.1379885e+01
   5.8250000e+01   4.1295616e+01
   5.8500000e+01   4.1211712e+01
   5.8750000e+01   4.1128174e+01
   5.9000000e+01   4.1044998e+01
   5.9250000e+01   4.0962184e+01
   5.9500000e+01   4.0879731e+01
   5.9750000e+01   4.0797636e+01
   6.0000000e+01   4.0715898e+01
   6.0250000e+01   4.0634515e+01
   6.0500000e+01   4.0553486e+01
   6.0750000e+01   4.0472810e+01
   6.1000000e+01   4.0392484e+01
   6.1250000e+01   4.0312508e+01
   6.1500000e+01   4.0232879e+01
   6.1750000e+01   4.0153597e+01
   6.2000000e+01   4.0074659e+01
   6.2250000e+01   3.9996065e+01
   6.2500000e+01   3.9917812e+01
   6.2750000e+01   3.9839900e+01
   6.3000000e+01   3.9762327e+01
   6.3250000e+01   3.9685090e+01
   6.3500000e+01   3.9608190e+01
   6.3750000e+01   3.9531624e+01
   6.4000000e+01   3.9455391e+01
   6.4250000e+01   3.9379489e+01
   6.4500000e+01   3.9303918e+01
   6.4750000e+01   3.9228675e+01
   6.5000000e+01   3.9153759e+01
   6.5250000e+01   3.9079169e+01
   6.5500000e+01   3.9004904e+01
   6.5750000e+01   3.8930961e+01
   6.6000000e+01   3.8857340e+01
   6.6250000e+01   3.8784039e+01
   6.6500000e+01   3.8711056e+01
   6.6750000e+01   3.8638391e+01
   6.7000000e+01   3.8566042e+01
   6.7250000e+01   3.8494008e+01
   6.7500000e+01   3.8422287e+01
   6.7750000e+01   3.8350878e+01
   6.8000000e+01   3.8279779e+01
   6.8250000e+01   3.8208989e+01
   6.8500000e+01   3.8138507e+01
   6.8750000e+01   3.8068332e+01
   6.9000000e+01   3.7998462e+01
   6.9250000e+01   3.7928895e+01
   6.9500000e+01   3.7859631e+01
   6.9750000e+01   3.7790669e+01
   7.0000000e+01   3.7722006e+01
   7.0250000e+01   3.7653642e+01
   7.0500000e+01   3.7585575e+01
   7.0750000e+01   3.7517804e+01
   7.1000000e+01   3.7450327e+01
   7.1250000e+01   3.7383144e+01
   7.1500000e+01   3.7316254e+01
   7.1750000e+01   3.7249654e+01
   7.2000000e+01   3.7183343e+01
   7.2250000e+01   3.7117321e+01
   7.2500000e+01   3.7051587e+01
   7.2750000e+01   3.6986137e+01
   7.3000000e+01   3.6920973e+01
   7.3250000e+01   3.6856092e+01
   7.3500000e+01   3.6791493e+01
   7.3750000e+01   3.6727175e+01
   7.4000000e+01   3.6663136e+01
   7.4250000e+01   3.6599376e+01
   7.4500000e+01   3.6535894e+01
   7.4750000e+01   3.6472687e+01
   7.5000000e+01   3.6409755e+01
   7.5250000e+01   3.6347097e+01
   7.5500000e+01   3.6284711e+01
   7.5750000e+01   3.6222597e+01
   7.6000000e+01   3.6160752e+01
   7.6250000e+01   3.6099177e+01
   7.6500000e+01   3.6037869e+01
   7.6750000e+01   3.5976828e+01
   7.7000000e+01   3.5916053e+01
   7.7250000e+01   3.5855541e+01
   7.7500000e+01   3.5795293e+01
   7.7750000e+01   3.5735307e+01
   7.8000000e+01   3.5675581e+01
   7.8250000e+01   3.5616115e+01
   7.8500000e+01   3.5556908e+01
   7.8750000e+01   3.5497958e+01
   7.9000000e+01   3.5439265e+01
   7.9250000e+01   3.5380827e+01
   7.9500000e+01   3.5322643e+01
   7.9750000e+01   3.5264712e+01
   8.0000000e+01   3.5207033e+01
   8.0250000e+01   3.5149604e+01
   8.0500000e+01   3.5092426e+01
   8.0750000e+01   3.5035496e+01
   8.1000000e+01   3.4978813e+01
   8.1250000e+01   3.4922377e+01
   8.1500000e+01   3.4866187e+01
   8.1750000e+01   3.4810240e+01
   8.2000000e+01   3.4754537e+01
   8.2250000e+01   3.4699077e+01
   8.2500000e+01   3.4643857e+01
   8.2750000e+01   3.4588877e+01
   8.3000000e+01   3.4534137e+01
   8.3250000e+01   3.4479635e+01
   8.3500000e+01   3.4425369e+01
   8.3750000e+01   3.4371340e+01
   8.4000000e+01   3.4317545e+01
   8.4250000e+01   3.4263985e+01
   8.4500000e+01   3.4210657e+01
   8.4750000e+01   3.4157561e+01
   8.5000000e+01   3.4104696e+01
   8.5250000e+01   3.4052061e+01
   8.5500000e+01   3.3999655e+01
   8.5750000e+01   3.3947477e+01
   8.6000000e+01   3.3895525e+01
   8.6250000e+01   3.3843800e+01
   8.6500000e+01   3.3792299e+01
   8.6750000e+01   3.3741023e+01
   8.7000000e+01   3.3689969e+01
   8.7250000e+01   3.3639137e+01
   8.7500000e+01   3.3588526e+01
   8.7750000e+01   3.3538136e+01
   8.8000000e+01   3.3487964e+01
   8.8250000e+01   3.3438011e+01
   8.8500000e+01   3.3388275e+01
   8.8750000e+01   3.3338755e+01
   8.9000000e+01   3.3289451e+01
   8.9250000e+01   3.3240361e+01
   8.9500000e+01   3.3191484e+01
   8.9750000e+01   3.3142820e+01
   9.0000000e+01   3.3094367e+01
   9.0250000e+01   3.3046126e+01
   9.0500000e+01   3.2998093e+01
   9.0750000e+01   3.2950270e+01
   9.1000000e+01   3.2902655e+01
   9.1250000e+01   3.2855247e+01
   9.1500000e+01   3.2808045e+01
   9.1750000e+01   3.2761048e+01
   9.2000000e+01   3.2714256e+01
   9.2250000e+01   3.2667667e+01
   9.2500000e+01   3.2621280e+01
   9.2750000e+01   3.2575095e+01
   9.3000000e+01   3.2529112e+01
   9.3250000e+01   3.2483328e+01
   9.3500000e+01   3.2437743e+01
   9.3750000e+01   3.2392356e+01
   9.4000000e+01   3.2347167e+01
   9.4250000e+01   3.2302174e+01
   9.4500000e+01   3.2257377e+01
   9.4750000e+01   3.2212775e+01
   9.5000000e+01   3.2168366e+01
   9.5250000e+01   3.2124151e+01
   9.5500000e+01   3.2080128e+01
   9.5750000e+01   3.2036297e+01
   9.6000000e+01   3.1992656e+01
   9.6250000e+01   3.1949204e+01
   9.6500000e+01   3.1905942e+01
   9.6750000e+01   3.1862868e+01
   9.7000000e+01   3.1819981e+01
   9.7250000e+01   3.1777281e+01
   9.7500000e+01   3.1734766e+01
   9.7750000e+01   3.1692436e+01
   9.8000000e+01   3.1650290e+01
   9.8250000e+01   3.1608328e+01
   9.8500000e+01   3.1566548e+01
   9.8750000e+01   3.1524949e+01
   9.9000000e+01   3.1483532e+01
   9.9250000e+01   3.1442294e+01
   9.9500000e+01   3.1401236e+01
   9.9750000e+01   3.1360357e+01
   1.0000000e+02   3.1319655e+01
   1.0025000e+02   3.1279130e+01
   1.0050000e+02   3.1238782e+01
   1.0075000e+02   3.1198608e+01
   1.0100000e+02   3.1158610e+01
   1.0125000e+02   3.1118785e+01
   1.0150000e+02   3.1079134e+01
   1.0175000e+02   3.1039655e+01
   1.0200000e+02   3.1000348e+01
   1.0225000e+02   3.0961211e+01
   1.0250000e+02   3.0922245e+01
   1.0275000e+02   3.0883448e+01
   1.0300000e+02   3.0844820e+01
   1.0325000e+02   3.0806360e+01
   1.0350000e+02   3.0768068e+01
   1.0375000e+02   3.0729941e+01
   1.0400000e+02   3.0691981e+01
   1.0425000e+02   3.0654185e+01
   1.0450000e+02   3.0616554e+01
   1.0475000e+02   3.0579087e+01
   1.0500000e+02   3.0541782e+01
   1.0525000e+02   3.0504640e+01
   1.0550000e+02   3.0467659e+01
   1.0575000e+02   3.0430839e+01
   1.0600000e+02   3.0394179e+01
   1.0625000e+02   3.0357678e+01
   1.0650000e+02   3.0321336e+01
   1.0675000e+02   3.0285152e+01
   1.0700000e+02   3.0249126e+01
   1.0725000e+02   3.0213256e+01
   1.0750000e+02   3.0177542e+01
   1.0775000e+02   3.0141984e+01
   1.0800000e+02   3.0106580e+01
   1.0825000e+02   3.0071330e+01
   1.0850000e+02   3.0036233e+01
   1.0875000e+02   3.0001289e+01
   1.0900000e+02   2.9966497e+01
   1.0925000e+02   2.9931856e+01
   1.0950000e+02   2.9897366e+01
   1.0975000e+02   2.9863026e+01
   1.1000000e+02   2.9828835e+01
   1.1025000e+02   2.9794792e+01
   1.1050000e+02   2.9760898e+01
   1.1075000e+02   2.9727151e+01
   1.1100000e+02   2.9693551e+01
   1.1125000e+02   2.9660097e+01
   1.1150000e+02   2.9626789e+01
   1.1175000e+02   2.9593625e+01
   1.1200000e+02   2.9560606e+01
   1.1225000e+02   2.9527730e+01
   1.1250000e+02   2.9494997e+01
   1.1275000e+02   2.9462406e+01
   1.1300000e+02   2.9429957e+01
   1.1325000e+02   2.9397649e+01
   1.1350000e+02   2.9365482e+01
   1.1375000e+02   2.9333455e+01
   1.1400000e+02   2.9301566e+01
   1.1425000e+02   2.9269817e+01
   1.1450000e+02   2.9238205e+01
   1.1475000e+02   2.9206731e+01
   1.1500000e+02   2.9175394e+01
   1.1525000e+02   2.9144193e+01
   1.1550000e+02   2.9113128e+01
   1.1575000e+02   2.9082198e+01
   1.1600000e+02   2.9051402e+01
   1.1625000e+02   2.9020741e+01
   1.1650000e+02   2.8990212e+01
   1.1675000e+02   2.8959817e+01
   1.1700000e+02   2.8929553e+01
   1.1725000e+02   2.8899421e+01
   1.1750000e+02   2.8869420e+01
   1.1775000e+02   2.8839550e+01
   1.1800000e+02   2.8809809e+01
   1.1825000e+02   2.8780198e+01
   1.1850000e+02   2.8750716e+01
   1.1875000e+02   2.8721362e+01
   1.1900000e+02   2.8692135e+01
   1.1925000e+02   2.8663035e+01
   1.1950000e+02   2.8634062e+01
   1.1975000e+02   2.8605215e+01
   1.2000000e+02   2.8576494e+01
   1.2025000e+02   2.8547897e+01
   1.2050000e+02   2.8519425e+01
   1.2075000e+02   2.8491076e+01
   1.2100000e+02   2.8462851e+01
   1.2125000e+02   2.8434749e+01
   1.2150000e+02   2.8406768e+01
   1.2175000e+02   2.8378910e+01
   1.2200000e+02   2.8351172e+01
   1.2225000e+02   2.8323555e+01
   1.2250000e+02   2.8296058e+01
   1.2275000e+02   2.8268681e+01
   1.2300000e+02   2.8241423e+01
   1.2325000e+02   2.8214283e+01
   1.2350000e+02   2.8187261e+01
   1.2375000e+02   2.8160357e+01
   1.2400000e+02   2.8133570e+01
   1.2425000e+02   2.8106899e+01
   1.2450000e+02   2.8080345e+01
   1.2475000e+02   2.8053905e+01
   1.2500000e+02   2.8027581e+01
   1.2525000e+02   2.8001371e+01
   1.2550000e+02   2.7975275e+01
   1.2575000e+02   2.7949293e+01
   1.2600000e+02   2.7923424e+01
   1.2625000e+02   2.7897667e+01
   1.2650000e+02   2.7872022e+01
   1.2675000e+02   2.7846488e+01
   1.2700000e+02   2.7821066e+01
   1.2725000e+02   2.7795754e+01
   1.2750000e+02   2.7770552e+01
   1.2775000e+02   2.7745460e+01
   1.2800000e+02   2.7720477e+01
   1.2825000e+02   2.7695603e+01
   1.2850000e+02   2.7670836e+01
   1.2875000e+02   2.7646178e+01
   1.2900000e+02   2.7621626e+01
   1.2925000e+02   2.7597182e+01
   1.2950000e+02   2.7572843e+01
   1.2975000e+02   2.7548611e+01
   1.3000000e+02   2.7524484e+01
   1.3025000e+02   2.7500462e+01
   1.3050000e+02   2.7476544e+01
   1.3075000e+02   2.7452730e+01
   1.3100000e+02   2.7429020e+01
   1.3125000e+02   2.7405413e+01
   1.3150000e+02   2.7381908e+01
   1.3175000e+02   2.7358506e+01
   1.3200000e+02   2.7335206e+01
   1.3225000e+02   2.7312007e+01
   1.3250000e+02   2.7288908e+01
   1.3275000e+02   2.7265910e+01
   1.3300000e+02   2.7243013e+01
   1.3325000e+02   2.7220214e+01
   1.3350000e+02   2.7197515e+01
   1.3375000e+02   2.7174915e+01
   1.3400000e+02   2.7152413e+01
   1.3425000e+02   2.7130008e+01
   1.3450000e+02   2.7107701e+01
   1.3475000e+02   2.7085491e+01
   1.3500000e+02   2.7063378e+01
   1.3525000e+02   2.7041361e+01
   1.3550000e+02   2.7019439e+01
   1.3575000e+02   2.6997613e+01
   1.3600000e+02   2.6975882e+01
   1.3625000e+02   2.6954245e+01
   1.3650000e+02   2.6932703e+01
   1.3675000e+02   2.6911254e+01
   1.3700000e+02   2.6889898e+01
   1.3725000e+02   2.6868635e+01
   1.3750000e+02   2.6847465e+01
   1.3775000e+02   2.6826387e+01
   1.3800000e+02   2.6805400e+01
   1.3825000e+02   2.6784505e+01
   1.3850000e+02   2.6763700e+01
   1.3875000e+02   2.6742986e+01
   1.3900000e+02   2.6722362e+01
   1.3925000e+02   2.6701828e+01
   1.3950000e+02   2.6681383e+01
   1.3975000e+02   2.6661026e+01
   1.4000000e+02   2.6640759e+01
   1.4025000e+02   2.6620579e+01
   1.4050000e+02   2.6600488e+01
   1.4075000e+02   2.6580483e+01
   1.4100000e+02   2.6560566e+01
   1.4125000e+02   2.6540735e+01
   1.4150000e+02   2.6520991e+01
   1.4175000e+02   2.6501332e+01
   1.4200000e+02   2.6481759e+01
   1.4225000e+02   2.6462270e+01
   1.4250000e+02   2.6442867e+01
   1.4275000e+02   2.6423548e+01
   1.4300000e+02   2.6404313e+01
   1.4325000e+02   2.6385162e+01
   1.4350000e+02   2.6366094e+01
   1.4375000e+02   2.6347109e+01
   1.4400000e+02   2.6328206e+01
   1.4425000e+02   2.6309386e+01
   1.4450000e+02   2.6290647e+01
   1.4475000e+02   2.6271990e+01
   1.4500000e+02   2.6253414e+01
   1.4525000e+02   2.6234919e+01
   1.4550000e+02   2.6216504e+01
   1.4575000e+02   2.6198169e+01
   1.4600000e+02   2.6179914e+01
   1.4625000e+02   2.6161739e+01
   1.4650000e+02   2.6143642e+01
   1.4675000e+02   2.6125624e+01
   1.4700000e+02   2.6107685e+01
   1.4725000e+02   2.6089823e+01
   1.4750000e+02   2.6072039e+01
   1.4775000e+02   2.6054333e+01
   1.4800000e+02   2.6036703e+01
   1.4825000e+02   2.6019150e+01
   1.4850000e+02   2.6001674e+01
   1.4875000e+02   2.5984273e+01
   1.4900000e+02   2.5966949e+01
   1.4925000e+02   2.5949699e+01
   1.4950000e+02   2.5932524e+01
   1.4975000e+02   2.5915425e+01
   1.5000000e+02   2.5898399e+01
   1.5025000e+02   2.5881448e+01
   1.5050000e+02   2.5864570e+01
   1.5075000e+02   2.5847765e+01
   1.5100000e+02   2.5831034e+01
   1.5125000e+02   2.5814376e+01
   1.5150000e+02   2.5797789e+01
   1.5175000e+02   2.5781275e+01
   1.5200000e+02   2.5764833e+01
   1.5225000e+02   2.5748463e+01
   1.5250000e+02   2.5732163e+01
   1.5275000e+02   2.5715934e+01
   1.5300000e+02   2.5699776e+01
   1.5325000e+02   2.5683689e+01
   1.5350000e+02   2.5667671e+01
   1.5375000e+02   2.5651723e+01
   1.5400000e+02   2.5635844e+01
   1.5425000e+02   2.5620034e+01
   1.5450000e+02   2.5604293e+01
   1.5475000e+02   2.5588620e+01
   1.5500000e+02   2.5573016e+01
   1.5525000e+02   2.5557479e+01
   1.5550000e+02   2.5542010e+01
   1.5575000e+02   2.5526608e+01
   1.5600000e+02   2.5511274e+01
   1.5625000e+02   2.5496005e+01
   1.5650000e+02   2.5480804e+01
   1.5675000e+02   2.5465668e+01
   1.5700000e+02   2.5450598e+01
   1.5725000e+02   2.5435594e+01
   1.5750000e+02   2.5420655e+01
   1.5775000e+02   2.5405781e+01
   1.5800000e+02   2.5390971e+01
   1.5825000e+02   2.5376226e+01
   1.5850000e+02   2.5361545e+01
   1.5875000e+02   2.5346928e+01
   1.5900000e+02   2.5332375e+01
   1.5925000e+02   2.5317885e+01
   1.5950000e+02   2.5303457e+01
   1.5975000e+02   2.5289093e+01
   1.6000000e+02   2.5274791e+01
   1.6025000e+02   2.5260551e+01
   1.6050000e+02   2.5246373e+01
   1.6075000e+02   2.5232257e+01
   1.6100000e+02   2.5218202e+01
   1.6125000e+02   2.5204208e+01
   1.6150000e+02   2.5190275e+01
   1.6175000e+02   2.5176403e+01
   1.6200000e+02   2.5162591e+01
   1.6225000e+02   2.5148839e+01
   1.6250000e+02   2.5135147e+01
   1.6275000e+02   2.5121514e+01
   1.6300000e+02   2.5107941e+01
   1.6325000e+02   2.5094427e+01
   1.6350000e+02   2.5080971e+01
   1.6375000e+02   2.5067574e+01
   1.6400000e+02   2.5054235e+01
   1.6425000e+02   2.5040955e+01
   1.6450000e+02   2.5027732e+01
   1.6475000e+02   2.5014566e+01
   1.6500000e+02   2.5001458e+01
   1.6525000e+02   2.4988406e+01
   1.6550000e+02   2.4975412e+01
   1.6575000e+02   2.4962474e+01
   1.6600000e+02   2.4949592e+01
   1.6625000e+02   2.4936766e+01
   1.6650000e+02   2.4923996e+01
   1.6675000e+02   2.4911282e+01
   1.6700000e+02   2.4898623e+01
   1.6725000e+02   2.4886019e+01
   1.6750000e+02   2.4873469e+01
   1.6775000e+02   2.4860975e+01
   1.6800000e+02   2.4848534e+01
   1.6825000e+02   2.4836148e+01
   1.6850000e+02   2.4823815e+01
   1.6875000e+02   2.4811536e+01
   1.6900000e+02   2.4799311e+01
   1.6925000e+02   2.4787139e+01
   1.6950000e+02   2.4775019e+01
   1.6975000e+02   2.4762953e+01
   1.7000000e+02   2.4750938e+01
   1.7025000e+02   2.4738977e+01
   1.7050000e+02   2.4727067e+01
   1.7075000e+02   2.4715208e+01
   1.7100000e+02   2.4703402e+01
   1.7125000e+02   2.4691647e+01
   1.7150000e+02   2.4679942e+01
   1.7175000e+02   2.4668289e+01
   1.7200000e+02   2.4656687e+01
   1.7225000e+02   2.4645135e+01
   1.7250000e+02   2.4633633e+01
   1.7275000e+02   2.4622181e+01
   1.7300000e+02   2.4610779e+01
   1.7325000e+02   2.4599426e+01
   1.7350000e+02   2.4588123e+01
   1.7375000e+02   2.4576869e+01
   1.7400000e+02   2.4565664e+01
   1.7425000e+02   2.4554508e+01
   1.7450000e+02   2.4543400e+01
   1.7475000e+02   2.4532340e+01
   1.7500000e+02   2.4521329e+01
   1.7525000e+02   2.4510365e+01
   1.7550000e+02   2.4499450e+01
   1.7575000e+02   2.4488581e+01
   1.7600000e+02   2.4477760e+01
   1.7625000e+02   2.4466986e+01
   1.7650000e+02   2.4456259e+01
   1.7675000e+02   2.4445578e+01
   1.7700000e+02   2.4434944e+01
   1.7725000e+02   2.4424356e+01
   1.7750000e+02   2.4413814e+01
   1.7775000e+02   2.4403318e+01
   1.7800000e+02   2.4392868e+01
   1.7825000e+02   2.4382463e+01
   1.7850000e+02   2.4372103e+01
   1.7875000e+02   2.4361789e+01
   1.7900000e+02   2.4351519e+01
   1.7925000e+02   2.4341294e+01
   1.7950000e+02   2.4331113e+01
   1.7975000e+02   2.4320976e+01
   1.8000000e+02   2.4310884e+01
   1.8025000e+02   2.4300836e+01
   1.8050000e+02   2.4290831e+01
   1.8075000e+02   2.4280870e+01
   1.8100000e+02   2.4270952e+01
   1.8125000e+02   2.4261077e+01
   1.8150000e+02   2.4251245e+01
   1.8175000e+02   2.4241456e+01
   1.8200000e+02   2.4231709e+01
   1.8225000e+02   2.4222005e+01
   1.8250000e+02   2.4212343e+01
   1.8275000e+02   2.4202723e+01
   1.8300000e+02   2.4193145e+01
   1.8325000e+02   2.4183609e+01
   1.8350000e+02   2.4174114e+01
   1.8375000e+02   2.4164660e+01
   1.8400000e+02   2.4155247e+01
   1.8425000e+02   2.4145875e+01
   1.8450000e+02   2.4136545e+01
   1.8475000e+02   2.4127254e+01
   1.8500000e+02   2.4118004e+01
   1.8525000e+02   2.4108794e+01
   1.8550000e+02   2.4099625e+01
   1.8575000e+02   2.4090495e+01
   1.8600000e+02   2.4081405e+01
   1.8625000e+02   2.4072354e+01
   1.8650000e+02   2.4063343e+01
   1.8675000e+02   2.4054371e+01
   1.8700000e+02   2.4045438e+01
   1.8725000e+02   2.4036544e+01
   1.8750000e+02   2.4027688e+01
   1.8775000e+02   2.4018871e+01
   1.8800000e+02   2.4010092e+01
   1.8825000e+02   2.4001352e+01
   1.8850000e+02   2.3992649e+01
   1.8875000e+02   2.3983985e+01
   1.8900000e+02   2.3975358e+01
   1.8925000e+02   2.3966768e+01
   1.8950000e+02   2.3958216e+01
   1.8975000e+02   2.3949701e+01
   1.9000000e+02   2.3941223e+01
   1.9025000e+02   2.3932782e+01
   1.9050000e+02   2.3924378e+01
   1.9075000e+02   2.3916010e+01
   1.9100000e+02   2.3907679e+01
   1.9125000e+02   2.3899383e+01
   1.9150000e+02   2.3891124e+01
   1.9175000e+02   2.3882901e+01
   1.9200000e+02   2.3874714e+01
   1.9225000e+02   2.3866562e+01
   1.9250000e+02   2.3858445e+01
   1.9275000e+02   2.3850364e+01
   1.9300000e+02   2.3842318e+01
   1.9325000e+02   2.3834307e+01
   1.9350000e+02   2.3826331e+01
   1.9375000e+02   2.3818390e+01
   1.9400000e+02   2.3810483e+01
   1.9425000e+02   2.3802610e+01
   1.9450000e+02   2.3794772e+01
   1.9475000e+02   2.3786968e+01
   1.9500000e+02   2.3779197e+01
   1.9525000e+02   2.3771461e+01
   1.9550000e+02   2.3763758e+01
   1.9575000e+02   2.3756089e+01
   1.9600000e+02   2.3748452e+01
   1.9625000e+02   2.3740850e+01
   1.9650000e+02   2.3733280e+01
   1.9675000e+02   2.3725743e+01
   1.9700000e+02   2.3718239e+01
   1.9725000e+02   2.3710768e+01
   1.9750000e+02   2.3703329e+01
   1.9775000e+02   2.3695922e+01
   1.9800000e+02   2.3688548e+01
   1.9825000e+02   2.3681205e+01
   1.9850000e+02   2.3673895e+01
   1.9875000e+02   2.3666616e+01
   1.9900000e+02   2.3659369e+01
   1.9925000e+02   2.3652154e+01
   1.9950000e+02   2.3644970e+01
   1.9975000e+02   2.3637817e+01
   2.0000000e+02   2.3630695e+01
   2.0025000e+02   2.3623604e+01
   2.0050000e+02   2.3616544e+01
   2.0075000e+02   2.3609515e+01
   2.0100000e+02   2.3602516e+01
   2.0125000e+02   2.3595548e+01
   2.0150000e+02   2.3588610e+01
   2.0175000e+02   2.3581702e+01
   2.0200000e+02   2.3574825e+01
   2.0225000e+02   2.3567977e+01
   2.0250000e+02   2.3561159e+01
   2.0275000e+02   2.3554370e+01
   2.0300000e+02   2.3547611e+01
   2.0325000e+02   2.3540882e+01
   2.0350000e+02   2.3534182e+01
   2.0375000e+02   2.3527511e+01
   2.0400000e+02   2.3520869e+01
   2.0425000e+02   2.3514255e+01
   2.0450000e+02   2.3507671e+01
   2.0475000e+02   2.3501115e+01
   2.0500000e+02   2.3494588e+01
   2.0525000e+02   2.3488089e+01
   2.0550000e+02   2.3481618e+01
   2.0575000e+02   2.3475176e+01
   2.0600000e+02   2.3468761e+01
   2.0625000e+02   2.3462374e+01
   2.0650000e+02   2.3456015e+01
   2.0675000e+02   2.3449684e+01
   2.0700000e+02   2.3443381e+01
   2.0725000e+02   2.3437104e+01
   2.0750000e+02   2.3430855e+01
   2.0775000e+02   2.3424634e+01
   2.0800000e+02   2.3418439e+01
   2.0825000e+02   2.3412271e+01
   2.0850000e+02   2.3406130e+01
   2.0875000e+02   2.3400016e+01
   2.0900000e+02   2.3393928e+01
   2.0925000e+02   2.3387867e+01
   2.0950000e+02   2.3381832e+01
   2.0975000e+02   2.3375823e+01
   2.1000000e+02   2.3369841e+01
   2.1025000e+02   2.3363884e+01
   2.1050000e+02   2.3357954e+01
   2.1075000e+02   2.3352049e+01
   2.1100000e+02   2.3346170e+01
   2.1125000e+02   2.3340316e+01
   2.1150000e+02   2.3334488e+01
   2.1175000e+02   2.3328685e+01
   2.1200000e+02   2.3322908e+01
   2.1225000e+02   2.3317155e+01
   2.1250000e+02   2.3311428e+01
   2.1275000e+02   2.3305725e+01
   2.1300000e+02   2.3300048e+01
   2.1325000e+02   2.3294395e+01
   2.1350000e+02   2.3288766e+01
   2.1375000e+02   2.3283162e+01
   2.1400000e+02   2.3277583e+01
   2.1425000e+02   2.3272027e+01
   2.1450000e+02   2.3266496e+01
   2.1475000e+02   2.3260989e+01
   2.1500000e+02   2.3255506e+01
   2.1525000e+02   2.3250046e+01
   2.1550000e+02   2.3244611e+01
   2.1575000e+02   2.3239199e+01
   2.1600000e+02   2.3233810e+01
   2.1625000e+02   2.3228445e+01
   2.1650000e+02   2.3223104e+01
   2.1675000e+02   2.3217785e+01
   2.1700000e+02   2.3212490e+01
   2.1725000e+02   2.3207218e+01
   2.1750000e+02   2.3201968e+01
   2.1775000e+02   2.3196742e+01
   2.1800000e+02   2.3191538e+01
   2.1825000e+02   2.3186357e+01
   2.1850000e+02   2.3181198e+01
   2.1875000e+02   2.3176062e+01
   2.1900000e+02   2.3170948e+01
   2.1925000e+02   2.3165856e+01
   2.1950000e+02   2.3160787e+01
   2.1975000e+02   2.3155739e+01
   2.2000000e+02   2.3150714e+01
   2.2025000e+02   2.3145710e+01
   2.2050000e+02   2.3140728e+01
   2.2075000e+02   2.3135768e+01
   2.2100000e+02   2.3130829e+01
   2.2125000e+02   2.3125912e+01
   2.2150000e+02   2.3121016e+01
   2.2175000e+02   2.3116142e+01
   2.2200000e+02   2.3111288e+01
   2.2225000e+02   2.3106456e+01
   2.2250000e+02   2.3101645e+01
   2.2275000e+02   2.3096855e+01
   2.2300000e+02   2.3092085e+01
   2.2325000e+02   2.3087336e+01
   2.2350000e+02   2.3082608e+01
   2.2375000e+02   2.3077901e+01
   2.2400000e+02   2.3073214e+01
   2.2425000e+02   2.3068547e+01
   2.2450000e+02   2.3063901e+01
   2.2475000e+02   2.3059275e+01
   2.2500000e+02   2.3054669e+01
   2.2525000e+02   2.3050082e+01
   2.2550000e+02   2.3045516e+01
   2.2575000e+02   2.3040970e+01
   2.2600000e+02   2.3036444e+01
   2.2625000e+02   2.3031937e+01
   2.2650000e+02   2.3027450e+01
   2.2675000e+02   2.3022982e+01
   2.2700000e+02   2.3018534e+01
   2.2725000e+02   2.3014105e+01
   2.2750000e+02   2.3009695e+01
   2.2775000e+02   2.3005305e+01
   2.2800000e+02   2.3000933e+01
   2.2825000e+02   2.2996581e+01
   2.2850000e+02   2.2992248e+01
   2.2875000e+02   2.2987933e+01
   2.2900000e+02   2.2983637e+01
   2.2925000e+02   2.2979360e+01
   2.2950000e+02   2.2975101e+01
   2.2975000e+02   2.2970861e+01
   2.3000000e+02   2.2966640e+01
   2.3025000e+02   2.2962436e+01
   2.3050000e+02   2.2958251e+01
   2.3075000e+02   2.2954085e+01
   2.3100000e+02   2.2949936e+01
   2.3125000e+02   2.2945805e+01
   2.3150000e+02   2.2941693e+01
   2.3175000e+02   2.2937598e+01
   2.3200000e+02   2.2933521e+01
   2.3225000e+02   2.2929462e+01
   2.3250000e+02   2.2925420e+01
   2.3275000e+02   2.2921396e+01
   2.3300000e+02   2.2917390e+01
   2.3325000e+02   2.2913401e+01
   2.3350000e+02   2.2909429e+01
   2.3375000e+02   2.2905474e+01
   2.3400000e+02   2.2901537e+01
   2.3425000e+02   2.2897617e+01
   2.3450000e+02   2.2893714e+01
   2.3475000e+02   2.2889828e+01
   2.3500000e+02   2.2885958e+01
   2.3525000e+02   2.2882106e+01
   2.3550000e+02   2.2878270e+01
   2.3575000e+02   2.2874451e+01
   2.3600000e+02   2.2870649e+01
   2.3625000e+02   2.2866863e+01
   2.3650000e+02   2.2863094e+01
   2.3675000e+02   2.2859341e+01
   2.3700000e+02   2.2855604e+01
   2.3725000e+02   2.2851883e+01
   2.3750000e+02   2.2848179e+01
   2.3775000e+02   2.2844491e+01
   2.3800000e+02   2.2840819e+01
   2.3825000e+02   2.2837163e+01
   2.3850000e+02   2.2833523e+01
   2.3875000e+02   2.2829898e+01
   2.3900000e+02   2.2826289e+01
   2.3925000e+02   2.2822696e+01
   2.3950000e+02   2.2819119e+01
   2.3975000e+02   2.2815557e+01
   2.4000000e+02   2.2812011e+01
   2.4025000e+02   2.2808480e+01
   2.4050000e+02   2.2804965e+01
   2.4075000e+02   2.2801464e+01
   2.4100000e+02   2.2797979e+01
   2.4125000e+02   2.2794509e+01
   2.4150000e+02   2.2791055e+01
   2.4175000e+02   2.2787615e+01
   2.4200000e+02   2.2784190e+01
   2.4225000e+02   2.2780780e+01
   2.4250000e+02   2.2777385e+01
   2.4275000e+02   2.2774005e+01
   2.4300000e+02   2.2770639e+01
   2.4325000e+02   2.2767288e+01
   2.4350000e+02   2.2763952e+01
   2.4375000e+02   2.2760630e+01
   2.4400000e+02   2.2757322e+01
   2.4425000e+02   2.2754029e+01
   2.4450000e+02   2.2750751e+01
   2.4475000e+02   2.2747486e+01
   2.4500000e+02   2.2744236e+01
   2.4525000e+02   2.2741000e+01
   2.4550000e+02   2.2737778e+01
   2.4575000e+02   2.2734569e+01
   2.4600000e+02   2.2731375e+01
   2.4625000e+02   2.2728195e+01
   2.4650000e+02   2.2725029e+01
   2.4675000e+02   2.2721876e+01
   2.4700000e+02   2.2718737e+01
   2.4725000e+02   2.2715612e+01
   2.4750000e+02   2.2712500e+01
   2.4775000e+02   2.2709402e+01
   2.4800000e+02   2.2706317e+01
   2.4825000e+02   2.2703246e+01
   2.4850000e+02   2.2700188e+01
   2.4875000e+02   2.2697143e+01
   2.4900000e+02   2.2694112e+01
   2.4925000e+02   2.2691094e+01
   2.4950000e+02   2.2688089e+01
   2.4975000e+02   2.2685097e+01
   2.5000000e+02   2.2682118e+01
   2.5025000e+02   2.2679151e+01
   2.5050000e+02   2.2676198e+01
   2.5075000e+02   2.2673258e+01
   2.5100000e+02   2.2670330e+01
   2.5125000e+02   2.2667416e+01
   2.5150000e+02   2.2664514e+01
   2.5175000e+02   2.2661624e+01
   2.5200000e+02   2.2658747e+01
   2.5225000e+02   2.2655883e+01
   2.5250000e+02   2.2653031e+01
   2.5275000e+02   2.2650191e+01
   2.5300000e+02   2.2647364e+01
   2.5325000e+02   2.2644549e+01
   2.5350000e+02   2.2641746e+01
   2.5375000e+02   2.2638956e+01
   2.5400000e+02   2.2636177e+01
   2.5425000e+02   2.2633411e+01
   2.5450000e+02   2.2630657e+01
   2.5475000e+02   2.2627914e+01
   2.5500000e+02   2.2625184e+01
   2.5525000e+02   2.2622466e+01
   2.5550000e+02   2.2619759e+01
   2.5575000e+02   2.2617064e+01
   2.5600000e+02   2.2614381e+01
   2.5625000e+02   2.2611709e+01
   2.5650000e+02   2.2609049e+01
   2.5675000e+02   2.2606401e+01
   2.5700000e+02   2.2603764e+01
   2.5725000e+02   2.2601139e+01
   2.5750000e+02   2.2598525e+01
   2.5775000e+02   2.2595922e+01
   2.5800000e+02   2.2593331e+01
   2.5825000e+02   2.2590751e+01
   2.5850000e+02   2.2588182e+01
   2.5875000e+02   2.2585625e+01
   2.5900000e+02   2.2583078e+01
   2.5925000e+02   2.2580543e+01
   2.5950000e+02   2.2578018e+01
   2.5975000e+02   2.2575505e+01
   2.6000000e+02   2.2573002e+01
   2.6025000e+02   2.2570511e+01
   2.6050000e+02   2.2568030e+01
   2.6075000e+02   2.2565560e+01
   2.6100000e+02   2.2563101e+01
   2.6125000e+02   2.2560652e+01
   2.6150000e+02   2.2558214e+01
   2.6175000e+02   2.2555787e+01
   2.6200000e+02   2.2553370e+01
   2.6225000e+02   2.2550964e+01
   2.6250000e+02   2.2548568e+01
   2.6275000e+02   2.2546183e+01
   2.6300000e+02   2.2543808e+01
   2.6325000e+02   2.2541443e+01
   2.6350000e+02   2.2539089e+01
   2.6375000e+02   2.2536745e+01
   2.6400000e+02   2.2534411e+01
   2.6425000e+02   2.2532087e+01
   2.6450000e+02   2.2529774e+01
   2.6475000e+02   2.2527470e+01
   2.6500000e+02   2.2525176e+01
   2.6525000e+02   2.2522893e+01
   2.6550000e+02   2.2520619e+01
   2.6575000e+02   2.2518355e+01
   2.6600000e+02   2.2516101e+01
   2.6625000e+02   2.2513857e+01
   2.6650000e+02   2.2511623e+01
   2.6675000e+02   2.2509398e+01
   2.6700000e+02   2.2507183e+01
   2.6725000e+02   2.2504978e+01
   2.6750000e+02   2.2502782e+01
   2.6775000e+02   2.2500595e+01
   2.6800000e+02   2.2498419e+01
   2.6825000e+02   2.2496251e+01
   2.6850000e+02   2.2494094e+01
   2.6875000e+02   2.2491945e+01
   2.6900000e+02   2.2489806e+01
   2.6925000e+02   2.2487676e+01
   2.6950000e+02   2.2485556e+01
   2.6975000e+02   2.2483444e+01
   2.7000000e+02   2.2481342e+01
   2.7025000e+02   2.2479249e+01
   2.7050000e+02   2.2477165e+01
   2.7075000e+02   2.2475090e+01
   2.7100000e+02   2.2473024e+01
   2.7125000e+02   2.2470968e+01
   2.7150000e+02   2.2468920e+01
   2.7175000e+02   2.2466881e+01
   2.7200000e+02   2.2464850e+01
   2.7225000e+02   2.2462829e+01
   2.7250000e+02   2.2460817e+01
   2.7275000e+02   2.2458813e+01
   2.7300000e+02   2.2456818e+01
   2.7325000e+02   2.2454831e+01
   2.7350000e+02   2.2452854e+01
   2.7375000e+02   2.2450884e+01
   2.7400000e+02   2.2448924e+01
   2.7425000e+02   2.2446972e+01
   2.7450000e+02   2.2445028e+01
   2.7475000e+02   2.2443093e+01
   2.7500000e+02   2.2441166e+01
   2.7525000e+02   2.2439248e+01
   2.7550000e+02   2.2437338e+01
   2.7575000e+02   2.2435436e+01
   2.7600000e+02   2.2433543e+01
   2.7625000e+02   2.2431658e+01
   2.7650000e+02   2.2429781e+01
   2.7675000e+02   2.2427912e+01
   2.7700000e+02   2.2426051e+01
   2.7725000e+02   2.2424199e+01
   2.7750000e+02   2.2422354e+01
   2.7775000e+02   2.2420518e+01
   2.7800000e+02   2.2418689e+01
   2.7825000e+02   2.2416868e+01
   2.7850000e+02   2.2415056e+01
   2.7875000e+02   2.2413251e+01
   2.7900000e+02   2.2411454e+01
   2.7925000e+02   2.2409665e+01
   2.7950000e+02   2.2407884e+01
   2.7975000e+02   2.2406110e+01
   2.8000000e+02   2.2404344e+01
   2.8025000e+02   2.2402586e+01
   2.8050000e+02   2.2400835e+01
   2.8075000e+02   2.2399092e+01
   2.8100000e+02   2.2397357e+01
   2.8125000e+02   2.2395629e+01
   2.8150000e+02   2.2393909e+01
   2.8175000e+02   2.2392196e+01
   2.8200000e+02   2.2390491e+01
   2.8225000e+02   2.2388793e+01
   2.8250000e+02   2.2387102e+01
   2.8275000e+02   2.2385419e+01
   2.8300000e+02   2.2383743e+01
   2.8325000e+02   2.2382074e+01
   2.8350000e+02   2.2380413e+01
   2.8375000e+02   2.2378759e+01
   2.8400000e+02   2.2377112e+01
   2.8425000e+02   2.2375472e+01
   2.8450000e+02   2.2373839e+01
   2.8475000e+02   2.2372214e+01
   2.8500000e+02   2.2370595e+01
   2.8525000e+02   2.2368984e+01
   2.8550000e+02   2.2367379e+01
   2.8575000e+02   2.2365782e+01
   2.8600000e+02   2.2364191e+01
   2.8625000e+02   2.2362608e+01
   2.8650000e+02   2.2361031e+01
   2.8675000e+02   2.2359461e+01
   2.8700000e+02   2.2357898e+01
   2.8725000e+02   2.2356342e+01
   2.8750000e+02   2.2354792e+01
   2.8775000e+02   2.2353249e+01
   2.8800000e+02   2.2351713e+01
   2.8825000e+02   2.2350184e+01
   2.8850000e+02   2.2348661e+01
   2.8875000e+02   2.2347145e+01
   2.8900000e+02   2.2345636e+01
   2.8925000e+02   2.2344133e+01
   2.8950000e+02   2.2342636e+01
   2.8975000e+02   2.2341147e+01
   2.9000000e+02   2.2339663e+01
   2.9025000e+02   2.2338186e+01
   2.9050000e+02   2.2336716e+01
   2.9075000e+02   2.2335251e+01
   2.9100000e+02   2.2333794e+01
   2.9125000e+02   2.2332342e+01
   2.9150000e+02   2.2330897e+01
   2.9175000e+02   2.2329458e+01
   2.9200000e+02   2.2328026e+01
   2.9225000e+02   2.2326599e+01
   2.9250000e+02   2.2325179e+01
   2.9275000e+02   2.2323765e+01
   2.9300000e+02   2.2322357e+01
   2.9325000e+02   2.2320956e+01
   2.9350000e+02   2.2319560e+01
   2.9375000e+02   2.2318170e+01
   2.9400000e+02   2.2316787e+01
   2.9425000e+02   2.2315409e+01
   2.9450000e+02   2.2314038e+01
   2.9475000e+02   2.2312672e+01
   2.9500000e+02   2.2311313e+01
   2.9525000e+02   2.2309959e+01
   2.9550000e+02   2.2308611e+01
   2.9575000e+02   2.2307269e+01
   2.9600000e+02   2.2305933e+01
   2.9625000e+02   2.2304603e+01
   2.9650000e+02   2.2303279e+01
   2.9675000e+02   2.2301960e+01
   2.9700000e+02   2.2300647e+01
   2.9725000e+02   2.2299339e+01
   2.9750000e+02   2.2298038e+01
   2.9775000e+02   2.2296742e+01
   2.9800000e+02   2.2295452e+01
   2.9825000e+02   2.2294167e+01
   2.9850000e+02   2.2292888e+01
   2.9875000e+02   2.2291614e+01
   2.9900000e+02   2.2290346e+01
   2.9925000e+02   2.2289084e+01
   2.9950000e+02   2.2287827e+01
   2.9975000e+02   2.2286575e+01
   3.0000000e+02   2.2285329e+01
   3.0025000e+02   2.2284088e+01
   3.0050000e+02   2.2282853e+01
   3.0075000e+02   2.2281623e+01
   3.0100000e+02   2.2280398e+01
   3.0125000e+02   2.2279179e+01
   3.0150000e+02   2.2277965e+01
   3.0175000e+02   2.2276756e+01
   3.0200000e+02   2.2275553e+01
   3.0225000e+02   2.2274355e+01
   3.0250000e+02   2.2273162e+01
   3.0275000e+02   2.2271974e+01
   3.0300000e+02   2.2270791e+01
   3.0325000e+02   2.2269614e+01
   3.0350000e+02   2.2268442e+01
   3.0375000e+02   2.2267274e+01
   3.0400000e+02   2.2266112e+01
   3.0425000e+02   2.2264955e+01
   3.0450000e+02   2.2263803e+01
   3.0475000e+02   2.2262656e+01
   3.0500000e+02   2.2261514e+01
   3.0525000e+02   2.2260376e+01
   3.0550000e+02   2.2259244e+01
   3.0575000e+02   2.2258117e+01
   3.0600000e+02   2.2256995e+01
   3.0625000e+02   2.2255877e+01
   3.0650000e+02   2.2254765e+01
   3.0675000e+02   2.2253657e+01
   3.0700000e+02   2.2252554e+01
   3.0725000e+02   2.2251456e+01
   3.0750000e+02   2.2250362e+01
   3.0775000e+02   2.2249273e+01
   3.0800000e+02   2.2248190e+01
   3.0825000e+02   2.2247110e+01
   3.0850000e+02   2.2246036e+01
   3.0875000e+02   2.2244966e+01
   3.0900000e+02   2.2243901e+01
   3.0925000e+02   2.2242840e+01
   3.0950000e+02   2.2241784e+01
   3.0975000e+02   2.2240733e+01
   3.1000000e+02   2.2239686e+01
   3.1025000e+02   2.2238644e+01
   3.1050000e+02   2.2237606e+01
   3.1075000e+02   2.2236573e+01
   3.1100000e+02   2.2235544e+01
   3.1125000e+02   2.2234520e+01
   3.1150000e+02   2.2233500e+01
   3.1175000e+02   2.2232485e+01
   3.1200000e+02   2.2231474e+01
   3.1225000e+02   2.2230468e+01
   3.1250000e+02   2.2229465e+01
   3.1275000e+02   2.2228468e+01
   3.1300000e+02   2.2227474e+01
   3.1325000e+02   2.2226485e+01
   3.1350000e+02   2.2225500e+01
   3.1375000e+02   2.2224520e+01
   3.1400000e+02   2.2223543e+01
   3.1425000e+02   2.2222571e+01
   3.1450000e+02   2.2221604e+01
   3.1475000e+02   2.2220640e+01
   3.1500000e+02   2.2219681e+01
   3.1525000e+02   2.2218725e+01
   3.1550000e+02   2.2217774e+01
   3.1575000e+02   2.2216827e+01
   3.1600000e+02   2.2215884e+01
   3.1625000e+02   2.2214946e+01
   3.1650000e+02   2.2214011e+01
   3.1675000e+02   2.2213080e+01
   3.1700000e+02   2.2212154e+01
   3.1725000e+02   2.2211231e+01
   3.1750000e+02   2.2210313e+01
   3.1775000e+02   2.2209398e+01
   3.1800000e+02   2.2208488e+01
   3.1825000e+02   2.2207581e+01
   3.1850000e+02   2.2206679e+01
   3.1875000e+02   2.2205780e+01
   3.1900000e+02   2.2204885e+01
   3.1925000e+02   2.2203994e+01
   3.1950000e+02   2.2203107e+01
   3.1975000e+02   2.2202224e+01
   3.2000000e+02   2.2201345e+01
   3.2025000e+02   2.2200469e+01
   3.2050000e+02   2.2199598e+01
   3.2075000e+02   2.2198730e+01
   3.2100000e+02   2.2197865e+01
   3.2125000e+02   2.2197005e+01
   3.2150000e+02   2.2196148e+01
   3.2175000e+02   2.2195296e+01
   3.2200000e+02   2.2194446e+01
   3.2225000e+02   2.2193601e+01
   3.2250000e+02   2.2192759e+01
   3.2275000e+02   2.2191921e+01
   3.2300000e+02   2.2191086e+01
   3.2325000e+02   2.2190255e+01
   3.2350000e+02   2.2189428e+01
   3.2375000e+02   2.2188604e+01
   3.2400000e+02   2.2187784e+01
   3.2425000e+02   2.2186968e+01
   3.2450000e+02   2.2186155e+01
   3.2475000e+02   2.2185345e+01
   3.2500000e+02   2.2184539e+01
   3.2525000e+02   2.2183737e+01
   3.2550000e+02   2.2182938e+01
   3.2575000e+02   2.2182142e+01
   3.2600000e+02   2.2181350e+01
   3.2625000e+02   2.2180562e+01
   3.2650000e+02   2.2179777e+01
   3.2675000e+02   2.2178995e+01
   3.2700000e+02   2.2178217e+01
   3.2725000e+02   2.2177442e+01
   3.2750000e+02   2.2176670e+01
   3.2775000e+02   2.2175902e+01
   3.2800000e+02   2.2175137e+01
   3.2825000e+02   2.2174376e+01
   3.2850000e+02   2.2173617e+01
   3.2875000e+02   2.2172862e+01
   3.2900000e+02   2.2172111e+01
   3.2925000e+02   2.2171362e+01
   3.2950000e+02   2.2170617e+01
   3.2975000e+02   2.2169875e+01
   3.3000000e+02   2.2169137e+01
   3.3025000e+02   2.2168401e+01
   3.3050000e+02   2.2167669e+01
   3.3075000e+02   2.2166940e+01
   3.3100000e+02   2.2166214e+01
   3.3125000e+02   2.2165491e+01
   3.3150000e+02   2.2164772e+01
   3.3175000e+02   2.2164055e+01
   3.3200000e+02   2.2163342e+01
   3.3225000e+02   2.2162631e+01
   3.3250000e+02   2.2161924e+01
   3.3275000e+02   2.2161220e+01
   3.3300000e+02   2.2160519e+01
   3.3325000e+02   2.2159821e+01
   3.3350000e+02   2.2159126e+01
   3.3375000e+02   2.2158434e+01
   3.3400000e+02   2.2157745e+01
   3.3425000e+02   2.2157059e+01
   3.3450000e+02   2.2156376e+01
   3.3475000e+02   2.2155696e+01
   3.3500000e+02   2.2155019e+01
   3.3525000e+02   2.2154345e+01
   3.3550000e+02   2.2153674e+01
   3.3575000e+02   2.2153006e+01
   3.3600000e+02   2.2152341e+01
   3.3625000e+02   2.2151678e+01
   3.3650000e+02   2.2151019e+01
   3.3675000e+02   2.2150362e+01
   3.3700000e+02   2.2149708e+01
   3.3725000e+02   2.2149057e+01
   3.3750000e+02   2.2148409e+01
   3.3775000e+02   2.2147764e+01
   3.3800000e+02   2.2147121e+01
   3.3825000e+02   2.2146482e+01
   3.3850000e+02   2.2145845e+01
   3.3875000e+02   2.2145210e+01
   3.3900000e+02   2.2144579e+01
   3.3925000e+02   2.2143950e+01
   3.3950000e+02   2.2143324e+01
   3.3975000e+02   2.2142701e+01
   3.4000000e+02   2.2142081e+01
   3.4025000e+02   2.2141463e+01
   3.4050000e+02   2.2140848e+01
   3.4075000e+02   2.2140235e+01
   3.4100000e+02   2.2139625e+01
   3.4125000e+02   2.2139018e+01
   3.4150000e+02   2.2138414e+01
   3.4175000e+02   2.2137812e+01
   3.4200000e+02   2.2137213e+01
   3.4225000e+02   2.2136616e+01
   3.4250000e+02   2.2136022e+01
   3.4275000e+02   2.2135431e+01
   3.4300000e+02   2.2134842e+01
   3.4325000e+02   2.2134255e+01
   3.4350000e+02   2.2133672e+01
   3.4375000e+02   2.2133090e+01
   3.4400000e+02   2.2132512e+01
   3.4425000e+02   2.2131935e+01
   3.4450000e+02   2.2131362e+01
   3.4475000e+02   2.2130790e+01
   3.4500000e+02   2.2130222e+01
   3.4525000e+02   2.2129655e+01
   3.4550000e+02   2.2129092e+01
   3.4575000e+02   2.2128530e+01
   3.4600000e+02   2.2127971e+01
   3.4625000e+02   2.2127415e+01
   3.4650000e+02   2.2126861e+01
   3.4675000e+02   2.2126309e+01
   3.4700000e+02   2.2125760e+01
   3.4725000e+02   2.2125213e+01
   3.4750000e+02   2.2124669e+01
   3.4775000e+02   2.2124127e+01
   3.4800000e+02   2.2123587e+01
   3.4825000e+02   2.2123050e+01
   3.4850000e+02   2.2122515e+01
   3.4875000e+02   2.2121982e+01
   3.4900000e+02   2.2121451e+01
   3.4925000e+02   2.2120923e+01
   3.4950000e+02   2.2120397e+01
   3.4975000e+02   2.2119874e+01
   3.5000000e+02   2.2119353e+01
   3.5025000e+02   2.2118834e+01
   3.5050000e+02   2.2118317e+01
   3.5075000e+02   2.2117802e+01
   3.5100000e+02   2.2117290e+01
   3.5125000e+02   2.2116780e+01
   3.5150000e+02   2.2116272e+01
   3.5175000e+02   2.2115767e+01
   3.5200000e+02   2.2115263e+01
   3.5225000e+02   2.2114762e+01
   3.5250000e+02   2.2114263e+01
   3.5275000e+02   2.2113766e+01
   3.5300000e+02   2.2113272e+01
   3.5325000e+02   2.2112779e+01
   3.5350000e+02   2.2112289e+01
   3.5375000e+02   2.2111800e+01
   3.5400000e+02   2.2111314e+01
   3.5425000e+02   2.2110830e+01
   3.5450000e+02   2.2110348e+01
   3.5475000e+02   2.2109869e+01
   3.5500000e+02   2.2109391e+01
   3.5525000e+02   2.2108915e+01
   3.5550000e+02   2.2108442e+01
   3.5575000e+02   2.2107970e+01
   3.5600000e+02   2.2107501e+01
   3.5625000e+02   2.2107033e+01
   3.5650000e+02   2.2106568e+01
   3.5675000e+02   2.2106104e+01
   3.5700000e+02   2.2105643e+01
   3.5725000e+02   2.2105184e+01
   3.5750000e+02   2.2104726e+01
   3.5775000e+02   2.2104271e+01
   3.5800000e+02   2.2103817e+01
   3.5825000e+02   2.2103366e+01
   3.5850000e+02   2.2102916e+01
   3.5875000e+02   2.2102469e+01
   3.5900000e+02   2.2102023e+01
   3.5925000e+02   2.2101580e+01
   3.5950000e+02   2.2101138e+01
   3.5975000e+02   2.2100698e+01
   3.6000000e+02   2.2100260e+01
   3.6025000e+02   2.2099824e+01
   3.6050000e+02   2.2099390e+01
   3.6075000e+02   2.2098958e+01
   3.6100000e+02   2.2098528e+01
   3.6125000e+02   2.2098099e+01
   3.6150000e+02   2.2097673e+01
   3.6175000e+02   2.2097248e+01
   3.6200000e+02   2.2096825e+01
   3.6225000e+02   2.2096404e+01
   3.6250000e+02   2.2095985e+01
   3.6275000e+02   2.2095568e+01
   3.6300000e+02   2.2095152e+01
   3.6325000e+02   2.2094738e+01
   3.6350000e+02   2.2094326e+01
   3.6375000e+02   2.2093916e+01
   3.6400000e+02   2.2093508e+01
   3.6425000e+02   2.2093101e+01
   3.6450000e+02   2.2092696e+01
   3.6475000e+02   2.2092293e+01
   3.6500000e+02   2.2091892e+01
   3.6525000e+02   2.2091493e+01
   3.6550000e+02   2.2091095e+01
   3.6575000e+02   2.2090699e+01
   3.6600000e+02   2.2090304e+01
   3.6625000e+02   2.2089911e+01
   3.6650000e+02   2.2089521e+01
   3.6675000e+02   2.2089131e+01
   3.6700000e+02   2.2088744e+01
   3.6725000e+02   2.2088358e+01
   3.6750000e+02   2.2087974e+01
   3.6775000e+02   2.2087591e+01
   3.6800000e+02   2.2087210e+01
   3.6825000e+02   2.2086831e+01
   3.6850000e+02   2.2086453e+01
   3.6875000e+02   2.2086077e+01
   3.6900000e+02   2.2085703e+01
   3.6925000e+02   2.2085331e+01
   3.6950000e+02   2.2084959e+01
   3.6975000e+02   2.2084590e+01
   3.7000000e+02   2.2084222e+01
   3.7025000e+02   2.2083856e+01
   3.7050000e+02   2.2083491e+01
   3.7075000e+02   2.2083128e+01
   3.7100000e+02   2.2082767e+01
   3.7125000e+02   2.2082407e+01
   3.7150000e+02   2.2082049e+01
   3.7175000e+02   2.2081692e+01
   3.7200000e+02   2.2081337e+01
   3.7225000e+02   2.2080983e+01
   3.7250000e+02   2.2080631e+01
   3.7275000e+02   2.2080280e+01
   3.7300000e+02   2.2079931e+01
   3.7325000e+02   2.2079584e+01
   3.7350000e+02   2.2079238e+01
   3.7375000e+02   2.2078893e+01
   3.7400000e+02   2.2078550e+01
   3.7425000e+02   2.2078208e+01
   3.7450000e+02   2.2077868e+01
   3.7475000e+02   2.2077530e+01
   3.7500000e+02   2.2077193e+01
   3.7525000e+02   2.2076857e+01
   3.7550000e+02   2.2076523e+01
   3.7575000e+02   2.2076190e+01
   3.7600000e+02   2.2075859e+01
   3.7625000e+02   2.2075529e+01
   3.7650000e+02   2.2075200e+01
   3.7675000e+02   2.2074873e+01
   3.7700000e+02   2.2074548e+01
   3.7725000e+02   2.2074224e+01
   3.7750000e+02   2.2073901e+01
   3.7775000e+02   2.2073580e+01
   3.7800000e+02   2.2073260e+01
   3.7825000e+02   2.2072941e+01
   3.7850000e+02   2.2072624e+01
   3.7875000e+02   2.2072308e+01
   3.7900000e+02   2.2071994e+01
   3.7925000e+02   2.2071681e+01
   3.7950000e+02   2.2071369e+01
   3.7975000e+02   2.2071059e+01
   3.8000000e+02   2.2070750e+01
   3.8025000e+02   2.2070442e+01
   3.8050000e+02   2.2070136e+01
   3.8075000e+02   2.2069831e+01
   3.8100000e+02   2.2069527e+01
   3.8125000e+02   2.2069225e+01
   3.8150000e+02   2.2068924e+01
   3.8175000e+02   2.2068624e+01
   3.8200000e+02   2.2068326e+01
   3.8225000e+02   2.2068029e+01
   3.8250000e+02   2.2067733e+01
   3.8275000e+02   2.2067438e+01
   3.8300000e+02   2.2067145e+01
   3.8325000e+02   2.2066853e+01
   3.8350000e+02   2.2066562e+01
   3.8375000e+02   2.2066273e+01
   3.8400000e+02   2.2065985e+01
   3.8425000e+02   2.2065698e+01
   3.8450000e+02   2.2065412e+01
   3.8475000e+02   2.2065128e+01
   3.8500000e+02   2.2064844e+01
   3.8525000e+02   2.2064562e+01
   3.8550000e+02   2.2064282e+01
   3.8575000e+02   2.2064002e+01
   3.8600000e+02   2.2063724e+01
   3.8625000e+02   2.2063447e+01
   3.8650000e+02   2.2063171e+01
   3.8675000e+02   2.2062896e+01
   3.8700000e+02   2.2062623e+01
   3.8725000e+02   2.2062350e+01
   3.8750000e+02   2.2062079e+01
   3.8775000e+02   2.2061809e+01
   3.8800000e+02   2.2061541e+01
   3.8825000e+02   2.2061273e+01
   3.8850000e+02   2.2061007e+01
   3.8875000e+02   2.2060741e+01
   3.8900000e+02   2.2060477e+01
   3.8925000e+02   2.2060214e+01
   3.8950000e+02   2.2059952e+01
   3.8975000e+02   2.2059692e+01
   3.9000000e+02   2.2059432e+01
   3.9025000e+02   2.2059174e+01
   3.9050000e+02   2.2058916e+01
   3.9075000e+02   2.2058660e+01
   3.9100000e+02   2.2058405e+01
   3.9125000e+02   2.2058151e+01
   3.9150000e+02   2.2057898e+01
   3.9175000e+02   2.2057647e+01
   3.9200000e+02   2.2057396e+01
   3.9225000e+02   2.2057146e+01
   3.9250000e+02   2.2056898e+01
   3.9275000e+02   2.2056650e+01
   3.9300000e+02   2.2056404e+01
   3.9325000e+02   2.2056159e+01
   3.9350000e+02   2.2055915e+01
   3.9375000e+02   2.2055671e+01
   3.9400000e+02   2.2055429e+01
   3.9425000e+02   2.2055188e+01
   3.9450000e+02   2.2054948e+01
   3.9475000e+02   2.2054709e+01
   3.9500000e+02   2.2054472e+01
   3.9525000e+02   2.2054235e+01
   3.9550000e+02   2.2053999e+01
   3.9575000e+02   2.2053764e+01
   3.9600000e+02   2.2053530e+01
   3.9625000e+02   2.2053298e+01
   3.9650000e+02   2.2053066e+01
   3.9675000e+02   2.2052835e+01
   3.9700000e+02   2.2052605e+01
   3.9725000e+02   2.2052377e+01
   3.9750000e+02   2.2052149e+01
   3.9775000e+02   2.2051922e+01
   3.9800000e+02   2.2051696e+01
   3.9825000e+02   2.2051471e+01
   3.9850000e+02   2.2051248e+01
   3.9875000e+02   2.2051025e+01
   3.9900000e+02   2.2050803e+01
   3.9925000e+02   2.2050582e+01
   3.9950000e+02   2.2050362e+01
   3.9975000e+02   2.2050143e+01
   4.0000000e+02   2.2049925e+01
   4.0025000e+02   2.2049708e+01
   4.0050000e+02   2.2049492e+01
   4.0075000e+02   2.2049277e+01
   4.0100000e+02   2.2049062e+01
   4.0125000e+02   2.2048849e+01
   4.0150000e+02   2.2048637e+01
   4.0175000e+02   2.2048425e+01
   4.0200000e+02   2.2048215e+01
   4.0225000e+02   2.2048005e+01
   4.0250000e+02   2.2047796e+01
   4.0275000e+02   2.2047588e+01
   4.0300000e+02   2.2047381e+01
   4.0325000e+02   2.2047175e+01
   4.0350000e+02   2.2046970e+01
   4.0375000e+02   2.2046766e+01
   4.0400000e+02   2.2046563e+01
   4.0425000e+02   2.2046360e+01
   4.0450000e+02   2.2046159e+01
   4.0475000e+02   2.2045958e+01
   4.0500000e+02   2.2045758e+01
   4.0525000e+02   2.2045559e+01
   4.0550000e+02   2.2045361e+01
   4.0575000e+02   2.2045164e+01
   4.0600000e+02   2.2044967e+01
   4.0625000e+02   2.2044772e+01
   4.0650000e+02   2.2044577e+01
   4.0675000e+02   2.2044383e+01
   4.0700000e+02   2.2044190e+01
   4.0725000e+02   2.2043998e+01
   4.0750000e+02   2.2043807e+01
   4.0775000e+02   2.2043616e+01
   4.0800000e+02   2.2043427e+01
   4.0825000e+02   2.2043238e+01
   4.0850000e+02   2.2043050e+01
   4.0875000e+02   2.2042863e+01
   4.0900000e+02   2.2042676e+01
   4.0925000e+02   2.2042491e+01
   4.0950000e+02   2.2042306e+01
   4.0975000e+02   2.2042122e+01
   4.1000000e+02   2.2041939e+01
   4.1025000e+02   2.2041756e+01
   4.1050000e+02   2.2041575e+01
   4.1075000e+02   2.2041394e+01
   4.1100000e+02   2.2041214e+01
   4.1125000e+02   2.2041035e+01
   4.1150000e+02   2.2040856e+01
   4.1175000e+02   2.2040679e+01
   4.1200000e+02   2.2040502e+01
   4.1225000e+02   2.2040326e+01
   4.1250000e+02   2.2040150e+01
   4.1275000e+02   2.2039976e+01
   4.1300000e+02   2.2039802e+01
   4.1325000e+02   2.2039629e+01
   4.1350000e+02   2.2039457e+01
   4.1375000e+02   2.2039285e+01
   4.1400000e+02   2.2039114e+01
   4.1425000e+02   2.2038944e+01
   4.1450000e+02   2.2038775e+01
   4.1475000e+02   2.2038606e+01
   4.1500000e+02   2.2038438e+01
   4.1525000e+02   2.2038271e+01
   4.1550000e+02   2.2038105e+01
   4.1575000e+02   2.2037939e+01
   4.1600000e+02   2.2037774e+01
   4.1625000e+02   2.2037610e+01
   4.1650000e+02   2.2037446e+01
   4.1675000e+02   2.2037283e+01
   4.1700000e+02   2.2037121e+01
   4.1725000e+02   2.2036960e+01
   4.1750000e+02   2.2036799e+01
   4.1775000e+02   2.2036639e+01
   4.1800000e+02   2.2036480e+01
   4.1825000e+02   2.2036321e+01
   4.1850000e+02   2.2036163e+01
   4.1875000e+02   2.2036006e+01
   4.1900000e+02   2.2035850e+01
   4.1925000e+02   2.2035694e+01
   4.1950000e+02   2.2035538e+01
   4.1975000e+02   2.2035384e+01
   4.2000000e+02   2.2035230e+01
   4.2025000e+02   2.2035077e+01
   4.2050000e+02   2.2034924e+01
   4.2075000e+02   2.2034772e+01
   4.2100000e+02   2.2034621e+01
   4.2125000e+02   2.2034471e+01
   4.2150000e+02   2.2034321e+01
   4.2175000e+02   2.2034172e+01
   4.2200000e+02   2.2034023e+01
   4.2225000e+02   2.2033875e+01
   4.2250000e+02   2.2033728e+01
   4.2275000e+02   2.2033581e+01
   4.2300000e+02   2.2033435e+01
   4.2325000e+02   2.2033290e+01
   4.2350000e+02   2.2033145e+01
   4.2375000e+02   2.2033001e+01
   4.2400000e+02   2.2032857e+01
   4.2425000e+02   2.2032714e+01
   4.2450000e+02   2.2032572e+01
   4.2475000e+02   2.2032431e+01
   4.2500000e+02   2.2032290e+01
   4.2525000e+02   2.2032149e+01
   4.2550000e+02   2.2032009e+01
   4.2575000e+02   2.2031870e+01
   4.2600000e+02   2.2031732e+01
   4.2625000e+02   2.2031594e+01
   4.2650000e+02   2.2031456e+01
   4.2675000e+02   2.2031319e+01
   4.2700000e+02   2.2031183e+01
   4.2725000e+02   2.2031048e+01
   4.2750000e+02   2.2030913e+01
   4.2775000e+02   2.2030778e+01
   4.2800000e+02   2.2030644e+01
   4.2825000e+02   2.2030511e+01
   4.2850000e+02   2.2030378e+01
   4.2875000e+02   2.2030246e+01
   4.2900000e+02   2.2030115e+01
   4.2925000e+02   2.2029984e+01
   4.2950000e+02   2.2029854e+01
   4.2975000e+02   2.2029724e+01
   4.3000000e+02   2.2029594e+01
   4.3025000e+02   2.2029466e+01
   4.3050000e+02   2.2029338e+01
   4.3075000e+02   2.2029210e+01
   4.3100000e+02   2.2029083e+01
   4.3125000e+02   2.2028957e+01
   4.3150000e+02   2.2028831e+01
   4.3175000e+02   2.2028705e+01
   4.3200000e+02   2.2028581e+01
   4.3225000e+02   2.2028456e+01
   4.3250000e+02   2.2028332e+01
   4.3275000e+02   2.2028209e+01
   4.3300000e+02   2.2028087e+01
   4.3325000e+02   2.2027965e+01
   4.3350000e+02   2.2027843e+01
   4.3375000e+02   2.2027722e+01
   4.3400000e+02   2.2027601e+01
   4.3425000e+02   2.2027481e+01
   4.3450000e+02   2.2027362e+01
   4.3475000e+02   2.2027243e+01
   4.3500000e+02   2.2027124e+01
   4.3525000e+02   2.2027006e+01
   4.3550000e+02   2.2026889e+01
   4.3575000e+02   2.2026772e+01
   4.3600000e+02   2.2026656e+01
   4.3625000e+02   2.2026540e+01
   4.3650000e+02   2.2026424e+01
   4.3675000e+02   2.2026309e+01
   4.3700000e+02   2.2026195e+01
   4.3725000e+02   2.2026081e+01
   4.3750000e+02   2.2025968e+01
   4.3775000e+02   2.2025855e+01
   4.3800000e+02   2.2025742e+01
   4.3825000e+02   2.2025630e+01
   4.3850000e+02   2.2025519e+01
   4.3875000e+02   2.2025408e+01
   4.3900000e+02   2.2025298e+01
   4.3925000e+02   2.2025188e+01
   4.3950000e+02   2.2025078e+01
   4.3975000e+02   2.2024969e+01
   4.4000000e+02   2.2024860e+01
   4.4025000e+02   2.2024752e+01
   4.4050000e+02   2.2024645e+01
   4.4075000e+02   2.2024537e+01
   4.4100000e+02   2.2024431e+01
   4.4125000e+02   2.2024325e+01
   4.4150000e+02   2.2024219e+01
   4.4175000e+02   2.2024113e+01
   4.4200000e+02   2.2024009e+01
   4.4225000e+02   2.2023904e+01
   4.4250000e+02   2.2023800e+01
   4.4275000e+02   2.2023697e+01
   4.4300000e+02   2.2023594e+01
   4.4325000e+02   2.2023491e+01
   4.4350000e+02   2.2023389e+01
   4.4375000e+02   2.2023287e+01
   4.4400000e+02   2.2023186e+01
   4.4425000e+02   2.2023085e+01
   4.4450000e+02   2.2022985e+01
   4.4475000e+02   2.2022885e+01
   4.4500000e+02   2.2022785e+01
   4.4525000e+02   2.2022686e+01
   4.4550000e+02   2.2022588e+01
   4.4575000e+02   2.2022489e+01
   4.4600000e+02   2.2022392e+01
   4.4625000e+02   2.2022294e+01
   4.4650000e+02   2.2022197e+01
   4.4675000e+02   2.2022101e+01
   4.4700000e+02   2.2022005e+01
   4.4725000e+02   2.2021909e+01
   4.4750000e+02   2.2021814e+01
   4.4775000e+02   2.2021719e+01
   4.4800000e+02   2.2021624e+01
   4.4825000e+02   2.2021530e+01
   4.4850000e+02   2.2021437e+01
   4.4875000e+02   2.2021344e+01
   4.4900000e+02   2.2021251e+01
   4.4925000e+02   2.2021158e+01
   4.4950000e+02   2.2021066e+01
   4.4975000e+02   2.2020975e+01
   4.5000000e+02   2.2020884e+01
   4.5025000e+02   2.2020793e+01
   4.5050000e+02   2.2020702e+01
   4.5075000e+02   2.2020612e+01
   4.5100000e+02   2.2020523e+01
   4.5125000e+02   2.2020433e+01
   4.5150000e+02   2.2020345e+01
   4.5175000e+02   2.2020256e+01
   4.5200000e+02   2.2020168e+01
   4.5225000e+02   2.2020080e+01
   4.5250000e+02   2.2019993e+01
   4.5275000e+02   2.2019906e+01
   4.5300000e+02   2.2019820e+01
   4.5325000e+02   2.2019733e+01
   4.5350000e+02   2.2019648e+01
   4.5375000e+02   2.2019562e+01
   4.5400000e+02   2.2019477e+01
   4.5425000e+02   2.2019392e+01
   4.5450000e+02   2.2019308e+01
   4.5475000e+02   2.2019224e+01
   4.5500000e+02   2.2019141e+01
   4.5525000e+02   2.2019057e+01
   4.5550000e+02   2.2018974e+01
   4.5575000e+02   2.2018892e+01
   4.5600000e+02   2.2018810e+01
   4.5625000e+02   2.2018728e+01
   4.5650000e+02   2.2018647e+01
   4.5675000e+02   2.2018565e+01
   4.5700000e+02   2.2018485e+01
   4.5725000e+02   2.2018404e+01
   4.5750000e+02   2.2018324e+01
   4.5775000e+02   2.2018245e+01
   4.5800000e+02   2.2018165e+01
   4.5825000e+02   2.2018086e+01
   4.5850000e+02   2.2018008e+01
   4.5875000e+02   2.2017929e+01
   4.5900000e+02   2.2017851e+01
   4.5925000e+02   2.2017774e+01
   4.5950000e+02   2.2017697e+01
   4.5975000e+02   2.2017620e+01
   4.6000000e+02   2.2017543e+01
   4.6025000e+02   2.2017467e+01
   4.6050000e+02   2.2017391e+01
   4.6075000e+02   2.2017315e+01
   4.6100000e+02   2.2017240e+01
   4.6125000e+02   2.2017165e+01
   4.6150000e+02   2.2017090e+01
   4.6175000e+02   2.2017016e+01
   4.6200000e+02   2.2016942e+01
   4.6225000e+02   2.2016868e+01
   4.6250000e+02   2.2016795e+01
   4.6275000e+02   2.2016722e+01
   4.6300000e+02   2.2016649e+01
   4.6325000e+02   2.2016577e+01
   4.6350000e+02   2.2016505e+01
   4.6375000e+02   2.2016433e+01
   4.6400000e+02   2.2016361e+01
   4.6425000e+02   2.2016290e+01
   4.6450000e+02   2.2016219e+01
   4.6475000e+02   2.2016149e+01
   4.6500000e+02   2.2016079e+01
   4.6525000e+02   2.2016009e+01
   4.6550000e+02   2.2015939e+01
   4.6575000e+02   2.2015870e+01
   4.6600000e+02   2.2015801e+01
   4.6625000e+02   2.2015732e+01
   4.6650000e+02   2.2015664e+01
   4.6675000e+02   2.2015596e+01
   4.6700000e+02   2.2015528e+01
   4.6725000e+02   2.2015460e+01
   4.6750000e+02   2.2015393e+01
   4.6775000e+02   2.2015326e+01
   4.6800000e+02   2.2015259e+01
   4.6825000e+02   2.2015193e+01
   4.6850000e+02   2.2015127e+01
   4.6875000e+02   2.2015061e+01
   4.6900000e+02   2.2014996e+01
   4.6925000e+02   2.2014931e+01
   4.6950000e+02   2.2014866e+01
   4.6975000e+02   2.2014801e+01
   4.7000000e+02   2.2014737e+01
   4.7025000e+02   2.2014673e+01
   4.7050000e+02   2.2014609e+01
   4.7075000e+02   2.2014545e+01
   4.7100000e+02   2.2014482e+01
   4.7125000e+02   2.2014419e+01
   4.7150000e+02   2.2014356e+01
   4.7175000e+02   2.2014294e+01
   4.7200000e+02   2.2014232e+01
   4.7225000e+02   2.2014170e+01
   4.7250000e+02   2.2014108e+01
   4.7275000e+02   2.2014047e+01
   4.7300000e+02   2.2013986e+01
   4.7325000e+02   2.2013925e+01
   4.7350000e+02   2.2013864e+01
   4.7375000e+02   2.2013804e+01
   4.7400000e+02   2.2013744e+01
   4.7425000e+02   2.2013684e+01
   4.7450000e+02   2.2013625e+01
   4.7475000e+02   2.2013566e+01
   4.7500000e+02   2.2013507e+01
   4.7525000e+02   2.2013448e+01
   4.7550000e+02   2.2013389e+01
   4.7575000e+02   2.2013331e+01
   4.7600000e+02   2.2013273e+01
   4.7625000e+02   2.2013216e+01
   4.7650000e+02   2.2013158e+01
   4.7675000e+02   2.2013101e+01
   4.7700000e+02   2.2013044e+01
   4.7725000e+02   2.2012987e+01
   4.7750000e+02   2.2012931e+01
   4.7775000e+02   2.2012874e+01
   4.7800000e+02   2.2012819e+01
   4.7825000e+02   2.2012763e+01
   4.7850000e+02   2.2012707e+01
   4.7875000e+02   2.2012652e+01
   4.7900000e+02   2.2012597e+01
   4.7925000e+02   2.2012542e+01
   4.7950000e+02   2.2012488e+01
   4.7975000e+02   2.2012433e+01
   4.8000000e+02   2.2012379e+01
   4.8025000e+02   2.2012325e+01
   4.8050000e+02   2.2012272e+01
   4.8075000e+02   2.2012219e+01
   4.8100000e+02   2.2012165e+01
   4.8125000e+02   2.2012113e+01
   4.8150000e+02   2.2012060e+01
   4.8175000e+02   2.2012007e+01
   4.8200000e+02   2.2011955e+01
   4.8225000e+02   2.2011903e+01
   4.8250000e+02   2.2011851e+01
   4.8275000e+02   2.2011800e+01
   4.8300000e+02   2.2011749e+01
   4.8325000e+02   2.2011698e+01
   4.8350000e+02   2.2011647e+01
   4.8375000e+02   2.2011596e+01
   4.8400000e+02   2.2011546e+01
   4.8425000e+02   2.2011495e+01
   4.8450000e+02   2.2011445e+01
   4.8475000e+02   2.2011396e+01
   4.8500000e+02   2.2011346e+01
   4.8525000e+02   2.2011297e+01
   4.8550000e+02   2.2011248e+01
   4.8575000e+02   2.2011199e+01
   4.8600000e+02   2.2011150e+01
   4.8625000e+02   2.2011102e+01
   4.8650000e+02   2.2011053e+01
   4.8675000e+02   2.2011005e+01
   4.8700000e+02   2.2010957e+01
   4.8725000e+02   2.2010910e+01
   4.8750000e+02   2.2010862e+01
   4.8775000e+02   2.2010815e+01
   4.8800000e+02   2.2010768e+01
   4.8825000e+02   2.2010721e+01
   4.8850000e+02   2.2010675e+01
   4.8875000e+02   2.2010628e+01
   4.8900000e+02   2.2010582e+01
   4.8925000e+02   2.2010536e+01
   4.8950000e+02   2.2010490e+01
   4.8975000e+02   2.2010444e+01
   4.9000000e+02   2.2010399e+01
   4.9025000e+02   2.2010354e+01
   4.9050000e+02   2.2010309e+01
   4.9075000e+02   2.2010264e+01
   4.9100000e+02   2.2010219e+01
   4.9125000e+02   2.2010175e+01
   4.9150000e+02   2.2010131e+01
   4.9175000e+02   2.2010087e+01
   4.9200000e+02   2.2010043e+01
   4.9225000e+02   2.2009999e+01
   4.9250000e+02   2.2009956e+01
   4.9275000e+02   2.2009912e+01
   4.9300000e+02   2.2009869e+01
   4.9325000e+02   2.2009826e+01
   4.9350000e+02   2.2009784e+01
   4.9375000e+02   2.2009741e+01
   4.9400000e+02   2.2009699e+01
   4.9425000e+02   2.2009657e+01
   4.9450000e+02   2.2009615e+01
   4.9475000e+02   2.2009573e+01
   4.9500000e+02   2.2009531e+01
   4.9525000e+02   2.2009490e+01
   4.9550000e+02   2.2009448e+01
   4.9575000e+02   2.2009407e+01
   4.9600000e+02   2.2009366e+01
   4.9625000e+02   2.2009326e+01
   4.9650000e+02   2.2009285e+01
   4.9675000e+02   2.2009245e+01
   4.9700000e+02   2.2009205e+01
   4.9725000e+02   2.2009165e+01
   4.9750000e+02   2.2009125e+01
   4.9775000e+02   2.2009085e+01
   4.9800000e+02   2.2009045e+01
   4.9825000e+02   2.2009006e+01
   4.9850000e+02   2.2008967e+01
   4.9875000e+02   2.2008928e+01
   4.9900000e+02   2.2008889e+01
   4.9925000e+02   2.2008851e+01
   4.9950000e+02   2.2008812e+01
   4.9975000e+02   2.2008774e+01
   5.0000000e+02   2.2008736e+01
   5.0025000e+02   2.2008698e+01
   5.0050000e+02   2.2008660e+01
   5.0075000e+02   2.2008622e+01
   5.0100000e+02   2.2008585e+01
   5.0125000e+02   2.2008547e+01
   5.0150000e+02   2.2008510e+01
   5.0175000e+02   2.2008473e+01
   5.0200000e+02   2.2008436e+01
   5.0225000e+02   2.2008400e+01
   5.0250000e+02   2.2008363e+01
   5.0275000e+02   2.2008327e+01
   5.0300000e+02   2.2008290e+01
   5.0325000e+02   2.2008254e+01
   5.0350000e+02   2.2008219e+01
   5.0375000e+02   2.2008183e+01
   5.0400000e+02   2.2008147e+01
   5.0425000e+02   2.2008112e+01
   5.0450000e+02   2.2008077e+01
   5.0475000e+02   2.2008041e+01
   5.0500000e+02   2.2008006e+01
   5.0525000e+02   2.2007972e+01
   5.0550000e+02   2.2007937e+01
   5.0575000e+02   2.2007902e+01
   5.0600000e+02   2.2007868e+01
   5.0625000e+02   2.2007834e+01
   5.0650000e+02   2.2007800e+01
   5.0675000e+02   2.2007766e+01
   5.0700000e+02   2.2007732e+01
   5.0725000e+02   2.2007699e+01
   5.0750000e+02   2.2007665e+01
   5.0775000e+02   2.2007632e+01
   5.0800000e+02   2.2007599e+01
   5.0825000e+02   2.2007565e+01
   5.0850000e+02   2.2007533e+01
   5.0875000e+02   2.2007500e+01
   5.0900000e+02   2.2007467e+01
   5.0925000e+02   2.2007435e+01
   5.0950000e+02   2.2007402e+01
   5.0975000e+02   2.2007370e+01
   5.1000000e+02   2.2007338e+01
   5.1025000e+02   2.2007306e+01
   5.1050000e+02   2.2007275e+01
   5.1075000e+02   2.2007243e+01
   5.1100000e+02   2.2007211e+01
   5.1125000e+02   2.2007180e+01
   5.1150000e+02   2.2007149e+01
   5.1175000e+02   2.2007118e+01
   5.1200000e+02   2.2007087e+01
   5.1225000e+02   2.2007056e+01
   5.1250000e+02   2.2007025e+01
   5.1275000e+02   2.2006995e+01
   5.1300000e+02   2.2006964e+01
   5.1325000e+02   2.2006934e+01
   5.1350000e+02   2.2006904e+01
   5.1375000e+02   2.2006874e+01
   5.1400000e+02   2.2006844e+01
   5.1425000e+02   2.2006814e+01
   5.1450000e+02   2.2006785e+01
   5.1475000e+02   2.2006755e+01
   5.1500000e+02   2.2006726e+01
   5.1525000e+02   2.2006696e+01
   5.1550000e+02   2.2006667e+01
   5.1575000e+02   2.2006638e+01
   5.1600000e+02   2.2006609e+01
   5.1625000e+02   2.2006581e+01
   5.1650000e+02   2.2006552e+01
   5.1675000e+02   2.2006524e+01
   5.1700000e+02   2.2006495e+01
   5.1725000e+02   2.2006467e+01
   5.1750000e+02   2.2006439e+01
   5.1775000e+02   2.2006411e+01
   5.1800000e+02   2.2006383e+01
   5.1825000e+02   2.2006355e+01
   5.1850000e+02   2.2006328e+01
   5.1875000e+02   2.2006300e+01
   5.1900000e+02   2.2006273e+01
   5.1925000e+02   2.2006245e+01
   5.1950000e+02   2.2006218e+01
   5.1975000e+02   2.2006191e+01
   5.2000000e+02   2.2006164e+01
   5.2025000e+02   2.2006138e+01
   5.2050000e+02   2.2006111e+01
   5.2075000e+02   2.2006084e+01
   5.2100000e+02   2.2006058e+01
   5.2125000e+02   2.2006031e+01
   5.2150000e+02   2.2006005e+01
   5.2175000e+02   2.2005979e+01
   5.2200000e+02   2.2005953e+01
   5.2225000e+02   2.2005927e+01
   5.2250000e+02   2.2005901e+01
   5.2275000e+02   2.2005876e+01
   5.2300000e+02   2.2005850e+01
   5.2325000e+02   2.2005825e+01
   5.2350000e+02   2.2005799e+01
   5.2375000e+02   2.2005774e+01
   5.2400000e+02   2.2005749e+01
   5.2425000e+02   2.2005724e+01
   5.2450000e+02   2.2005699e+01
   5.2475000e+02   2.2005674e+01
   5.2500000e+02   2.2005650e+01
   5.2525000e+02   2.2005625e+01
   5.2550000e+02   2.2005601e+01
   5.2575000e+02   2.2005576e+01
   5.2600000e+02   2.2005552e+01
   5.2625000e+02   2.2005528e+01
   5.2650000e+02   2.2005504e+01
   5.2675000e+02   2.2005480e+01
   5.2700000e+02   2.2005456e+01
   5.2725000e+02   2.2005433e+01
   5.2750000e+02   2.2005409e+01
   5.2775000e+02   2.2005385e+01
   5.2800000e+02   2.2005362e+01
   5.2825000e+02   2.2005339e+01
   5.2850000e+02   2.2005315e+01
   5.2875000e+02   2.2005292e+01
   5.2900000e+02   2.2005269e+01
   5.2925000e+02   2.2005246e+01
   5.2950000e+02   2.2005224e+01
   5.2975000e+02   2.2005201e+01
   5.3000000e+02   2.2005178e+01
   5.3025000e+02   2.2005156e+01
   5.3050000e+02   2.2005133e+01
   5.3075000e+02   2.2005111e+01
   5.3100000e+02   2.2005089e+01
   5.3125000e+02   2.2005067e+01
   5.3150000e+02   2.2005045e+01
   5.3175000e+02   2.2005023e+01
   5.3200000e+02   2.2005001e+01
   5.3225000e+02   2.2004979e+01
   5.3250000e+02   2.2004957e+01
   5.3275000e+02   2.2004936e+01
   5.3300000e+02   2.2004914e+01
   5.3325000e+02   2.2004893e+01
   5.3350000e+02   2.2004872e+01
   5.3375000e+02   2.2004851e+01
   5.3400000e+02   2.2004830e+01
   5.3425000e+02   2.2004809e+01
   5.3450000e+02   2.2004788e+01
   5.3475000e+02   2.2004767e+01
   5.3500000e+02   2.2004746e+01
   5.3525000e+02   2.2004725e+01
   5.3550000e+02   2.2004705e+01
   5.3575000e+02   2.2004684e+01
   5.3600000e+02   2.2004664e+01
   5.3625000e+02   2.2004644e+01
   5.3650000e+02   2.2004624e+01
   5.3675000e+02   2.2004603e+01
   5.3700000e+02   2.2004583e+01
   5.3725000e+02   2.2004564e+01
   5.3750000e+02   2.2004544e+01
   5.3775000e+02   2.2004524e+01
   5.3800000e+02   2.2004504e+01
   5.3825000e+02   2.2004485e+01
   5.3850000e+02   2.2004465e+01
   5.3875000e+02   2.2004446e+01
   5.3900000e+02   2.2004426e+01
   5.3925000e+02   2.2004407e+01
   5.3950000e+02   2.2004388e+01
   5.3975000e+02   2.2004369e+01
   5.4000000e+02   2.2004350e+01
   5.4025000e+02   2.2004331e+01
   5.4050000e+02   2.2004312e+01
   5.4075000e+02   2.2004293e+01
   5.4100000e+02   2.2004275e+01
   5.4125000e+02   2.2004256e+01
   5.4150000e+02   2.2004238e+01
   5.4175000e+02   2.2004219e+01
   5.4200000e+02   2.2004201e+01
   5.4225000e+02   2.2004183e+01
   5.4250000e+02   2.2004164e+01
   5.4275000e+02   2.2004146e+01
   5.4300000e+02   2.2004128e+01
   5.4325000e+02   2.2004110e+01
   5.4350000e+02   2.2004092e+01
   5.4375000e+02   2.2004075e+01
   5.4400000e+02   2.2004057e+01
   5.4425000e+02   2.2004039e+01
   5.4450000e+02   2.2004022e+01
   5.4475000e+02   2.2004004e+01
   5.4500000e+02   2.2003987e+01
   5.4525000e+02   2.2003970e+01
   5.4550000e+02   2.2003952e+01
   5.4575000e+02   2.2003935e+01
   5.4600000e+02   2.2003918e+01
   5.4625000e+02   2.2003901e+01
   5.4650000e+02   2.2003884e+01
   5.4675000e+02   2.2003867e+01
   5.4700000e+02   2.2003850e+01
   5.4725000e+02   2.2003834e+01
   5.4750000e+02   2.2003817e+01
   5.4775000e+02   2.2003800e+01
   5.4800000e+02   2.2003784e+01
   5.4825000e+02   2.2003767e+01
   5.4850000e+02   2.2003751e+01
   5.4875000e+02   2.2003735e+01
   5.4900000e+02   2.2003718e+01
   5.4925000e+02   2.2003702e+01
   5.4950000e+02   2.2003686e+01
   5.4975000e+02   2.2003670e+01
   5.5000000e+02   2.2003654e+01
   5.5025000e+02   2.2003638e+01
   5.5050000e+02   2.2003622e+01
   5.5075000e+02   2.2003607e+01
   5.5100000e+02   2.2003591e+01
   5.5125000e+02   2.2003575e+01
   5.5150000e+02   2.2003560e+01
   5.5175000e+02   2.2003544e+01
   5.5200000e+02   2.2003529e+01
   5.5225000e+02   2.2003514e+01
   5.5250000e+02   2.2003498e+01
   5.5275000e+02   2.2003483e+01
   5.5300000e+02   2.2003468e+01
   5.5325000e+02   2.2003453e+01
   5.5350000e+02   2.2003438e+01
   5.5375000e+02   2.2003423e+01
   5.5400000e+02   2.2003408e+01
   5.5425000e+02   2.2003393e+01
   5.5450000e+02   2.2003378e+01
   5.5475000e+02   2.2003364e+01
   5.5500000e+02   2.2003349e+01
   5.5525000e+02   2.2003335e+01
   5.5550000e+02   2.2003320e+01
   5.5575000e+02   2.2003306e+01
   5.5600000e+02   2.2003291e+01
   5.5625000e+02   2.2003277e+01
   5.5650000e+02   2.2003263e+01
   5.5675000e+02   2.2003248e+01
   5.5700000e+02   2.2003234e+01
   5.5725000e+02   2.2003220e+01
   5.5750000e+02   2.2003206e+01
   5.5775000e+02   2.2003192e+01
   5.5800000e+02   2.2003178e+01
   5.5825000e+02   2.2003165e+01
   5.5850000e+02   2.2003151e+01
   5.5875000e+02   2.2003137e+01
   5.5900000e+02   2.2003124e+01
   5.5925000e+02   2.2003110e+01
   5.5950000e+02   2.2003096e+01
   5.5975000e+02   2.2003083e+01
   5.6000000e+02   2.2003070e+01
   5.6025000e+02   2.2003056e+01
   5.6050000e+02   2.2003043e+01
   5.6075000e+02   2.2003030e+01
   5.6100000e+02   2.2003017e+01
   5.6125000e+02   2.2003003e+01
   5.6150000e+02   2.2002990e+01
   5.6175000e+02   2.2002977e+01
   5.6200000e+02   2.2002964e+01
   5.6225000e+02   2.2002951e+01
   5.6250000e+02   2.2002939e+01
   5.6275000e+02   2.2002926e+01
   5.6300000e+02   2.2002913e+01
   5.6325000e+02   2.2002900e+01
   5.6350000e+02   2.2002888e+01
   5.6375000e+02   2.2002875e+01
   5.6400000e+02   2.2002863e+01
   5.6425000e+02   2.2002850e+01
   5.6450000e+02   2.2002838e+01
   5.6475000e+02   2.2002826e+01
   5.6500000e+02   2.2002813e+01
   5.6525000e+02   2.2002801e+01
   5.6550000e+02   2.2002789e+01
   5.6575000e+02   2.2002777e+01
   5.6600000e+02   2.2002765e+01
   5.6625000e+02   2.2002753e+01
   5.6650000e+02   2.2002741e+01
   5.6675000e+02   2.2002729e+01
   5.6700000e+02   2.2002717e+01
   5.6725000e+02   2.2002705e+01
   5.6750000e+02   2.2002693e+01
   5.6775000e+02   2.2002682e+01
   5.6800000e+02   2.2002670e+01
   5.6825000e+02   2.2002658e+01
   5.6850000e+02   2.2002647e+01
   5.6875000e+02   2.2002635e+01
   5.6900000e+02   2.2002624e+01
   5.6925000e+02   2.2002612e+01
   5.6950000e+02   2.2002601e+01
   5.6975000e+02   2.2002590e+01
   5.7000000e+02   2.2002579e+01
   5.7025000e+02   2.2002567e+01
   5.7050000e+02   2.2002556e+01
   5.7075000e+02   2.2002545e+01
   5.7100000e+02   2.2002534e+01
   5.7125000e+02   2.2002523e+01
   5.7150000e+02   2.2002512e+01
   5.7175000e+02   2.2002501e+01
   5.7200000e+02   2.2002490e+01
   5.7225000e+02   2.2002479e+01
   5.7250000e+02   2.2002469e+01
   5.7275000e+02   2.2002458e+01
   5.7300000e+02   2.2002447e+01
   5.7325000e+02   2.2002437e+01
   5.7350000e+02   2.2002426e+01
   5.7375000e+02   2.2002415e+01
   5.7400000e+02   2.2002405e+01
   5.7425000e+02   2.2002394e+01
   5.7450000e+02   2.2002384e+01
   5.7475000e+02   2.2002374e+01
   5.7500000e+02   2.2002363e+01
   5.7525000e+02   2.2002353e+01
   5.7550000e+02   2.2002343e+01
   5.7575000e+02   2.2002333e+01
   5.7600000e+02   2.2002322e+01
   5.7625000e+02   2.2002312e+01
   5.7650000e+02   2.2002302e+01
   5.7675000e+02   2.2002292e+01
   5.7700000e+02   2.2002282e+01
   5.7725000e+02   2.2002272e+01
   5.7750000e+02   2.2002263e+01
   5.7775000e+02   2.2002253e+01
   5.7800000e+02   2.2002243e+01
   5.7825000e+02   2.2002233e+01
   5.7850000e+02   2.2002223e+01
   5.7875000e+02   2.2002214e+01
   5.7900000e+02   2.2002204e+01
   5.7925000e+02   2.2002195e+01
   5.7950000e+02   2.2002185e+01
   5.7975000e+02   2.2002176e+01
   5.8000000e+02   2.2002166e+01
   5.8025000e+02   2.2002157e+01
   5.8050000e+02   2.2002147e+01
   5.8075000e+02   2.2002138e+01
   5.8100000e+02   2.2002129e+01
   5.8125000e+02   2.2002119e+01
   5.8150000e+02   2.2002110e+01
   5.8175000e+02   2.2002101e+01
   5.8200000e+02   2.2002092e+01
   5.8225000e+02   2.2002083e+01
   5.8250000e+02   2.2002074e+01
   5.8275000e+02   2.2002065e+01
   5.8300000e+02   2.2002056e+01
   5.8325000e+02   2.2002047e+01
   5.8350000e+02   2.2002038e+01
   5.8375000e+02   2.2002029e+01
   5.8400000e+02   2.2002020e+01
   5.8425000e+02   2.2002011e+01
   5.8450000e+02   2.2002003e+01
   5.8475000e+02   2.2001994e+01
   5.8500000e+02   2.2001985e+01
   5.8525000e+02   2.2001977e+01
   5.8550000e+02   2.2001968e+01
   5.8575000e+02   2.2001959e+01
   5.8600000e+02   2.2001951e+01
   5.8625000e+02   2.2001942e+01
   5.8650000e+02   2.2001934e+01
   5.8675000e+02   2.2001926e+01
   5.8700000e+02   2.2001917e+01
   5.8725000e+02   2.2001909e+01
   5.8750000e+02   2.2001901e+01
   5.8775000e+02   2.2001892e+01
   5.8800000e+02   2.2001884e+01
   5.8825000e+02   2.2001876e+01
   5.8850000e+02   2.2001868e+01
   5.8875000e+02   2.2001860e+01
   5.8900000e+02   2.2001852e+01
   5.8925000e+02   2.2001844e+01
   5.8950000e+02   2.2001835e+01
   5.8975000e+02   2.2001828e+01
   5.9000000e+02   2.2001820e+01
   5.9025000e+02   2.2001812e+01
   5.9050000e+02   2.2001804e+01
   5.9075000e+02   2.2001796e+01
   5.9100000e+02   2.2001788e+01
   5.9125000e+02   2.2001780e+01
   5.9150000e+02   2.2001773e+01
   5.9175000e+02   2.2001765e+01
   5.9200000e+02   2.2001757e+01
   5.9225000e+02   2.2001750e+01
   5.9250000e+02   2.2001742e+01
   5.9275000e+02   2.2001734e+01
   5.9300000e+02   2.2001727e+01
   5.9325000e+02   2.2001719e+01
   5.9350000e+02   2.2001712e+01
   5.9375000e+02   2.2001704e+01
   5.9400000e+02   2.2001697e+01
   5.9425000e+02   2.2001690e+01
   5.9450000e+02   2.2001682e+01
   5.9475000e+02   2.2001675e+01
   5.9500000e+02   2.2001668e+01
   5.9525000e+02   2.2001660e+01
   5.9550000e+02   2.2001653e+01
   5.9575000e+02   2.2001646e+01
   5.9600000e+02   2.2001639e+01
   5.9625000e+02   2.2001632e+01
   5.9650000e+02   2.2001625e+01
   5.9675000e+02   2.2001618e+01
   5.9700000e+02   2.2001611e+01
   5.9725000e+02   2.2001604e+01
   5.9750000e+02   2.2001597e+01
   5.9775000e+02   2.2001590e+01
   5.9800000e+02   2.2001583e+01
   5.9825000e+02   2.2001576e+01
   5.9850000e+02   2.2001569e+01
   5.9875000e+02   2.2001562e+01
   5.9900000e+02   2.2001555e+01
   5.9925000e+02   2.2001549e+01
   5.9950000e+02   2.2001542e+01
   5.9975000e+02   2.2001535e+01
   6.0000000e+02   2.2001528e+01
