   0.0000000e+00   9.0421053e+01
   2.5000000e-01   9.0256875e+01
   5.0000000e-01   9.0093175e+01
   7.5000000e-01   8.9929951e+01
   1.0000000e+00   8.9767202e+01
   1.2500000e+00   8.9604927e+01
   1.5000000e+00   8.9443124e+01
   1.7500000e+00   8.9281792e+01
   2.0000000e+00   8.9120929e+01
   2.2500000e+00   8.8960534e+01
   2.5000000e+00   8.8800606e+01
   2.7500000e+00   8.8641144e+01
   3.0000000e+00   8.8482145e+01
   3.2500000e+00   8.8323609e+01
   3.5000000e+00   8.8165535e+01
   3.7500000e+00   8.8007920e+01
   4.0000000e+00   8.7850764e+01
   4.2500000e+00   8.7694066e+01
   4.5000000e+00   8.7537823e+01
   4.7500000e+00   8.7382035e+01
   5.0000000e+00   8.7226700e+01
   5.2500000e+00   8.7071817e+01
   5.5000000e+00   8.6917385e+01
   5.7500000e+00   8.6763403e+01
   6.0000000e+00   8.6609868e+01
   6.2500000e+00   8.6456780e+01
   6.5000000e+00   8.6304138e+01
   6.7500000e+00   8.6151940e+01
   7.0000000e+00   8.6000185e+01
   7.2500000e+00   8.5848871e+01
   7.5000000e+00   8.5697998e+01
   7.7500000e+00   8.5547563e+01
   8.0000000e+00   8.5397567e+01
   8.2500000e+00   8.5248006e+01
   8.5000000e+00   8.5098881e+01
   8.7500000e+00   8.4950190e+01
   9.0000000e+00   8.4801932e+01
   9.2500000e+00   8.4654105e+01
   9.5000000e+00   8.4506708e+01
   9.7500000e+00   8.4359740e+01
   1.0000000e+01   8.4213200e+01
   1.0250000e+01   8.4067086e+01
   1.0500000e+01   8.3921398e+01
   1.0750000e+01   8.3776133e+01
   1.1000000e+01   8.3631291e+01
   1.1250000e+01   8.3486871e+01
   1.1500000e+01   8.3342870e+01
   1.1750000e+01   8.3199289e+01
   1.2000000e+01   8.3056126e+01
   1.2250000e+01   8.2913379e+01
   1.2500000e+01   8.2771047e+01
   1.2750000e+01   8.2629130e+01
   1.3000000e+01   8.2487625e+01
   1.3250000e+01   8.2346533e+01
   1.3500000e+01   8.2205851e+01
   1.3750000e+01   8.2065578e+01
   1.4000000e+01   8.1925714e+01
   1.4250000e+01   8.1786256e+01
   1.4500000e+01   8.1647204e+01
   1.4750000e+01   8.1508557e+01
   1.5000000e+01   8.1370314e+01
   1.5250000e+01   8.1232472e+01
   1.5500000e+01   8.1095032e+01
   1.5750000e+01   8.0957992e+01
   1.6000000e+01   8.0821350e+01
   1.6250000e+01   8.0685106e+01
   1.6500000e+01   8.0549258e+01
   1.6750000e+01   8.0413806e+01
   1.7000000e+01   8.0278748e+01
   1.7250000e+01   8.0144083e+01
   1.7500000e+01   8.0009810e+01
   1.7750000e+01   7.9875927e+01
   1.8000000e+01   7.9742434e+01
   1.8250000e+01   7.9609330e+01
   1.8500000e+01   7.9476613e+01
   1.8750000e+01   7.9344282e+01
   1.9000000e+01   7.9212336e+01
   1.9250000e+01   7.9080774e+01
   1.9500000e+01   7.8949595e+01
   1.9750000e+01   7.8818798e+01
   2.0000000e+01   7.8688381e+01
   2.0250000e+01   7.8558343e+01
   2.0500000e+01   7.8428684e+01
   2.0750000e+01   7.8299403e+01
   2.1000000e+01   7.8170497e+01
   2.1250000e+01   7.8041967e+01
   2.1500000e+01   7.7913811e+01
   2.1750000e+01   7.7786027e+01
   2.2000000e+01   7.7658616e+01
   2.2250000e+01   7.7531575e+01
   2.2500000e+01   7.7404904e+01
   2.2750000e+01   7.7278601e+01
   2.3000000e+01   7.7152666e+01
   2.3250000e+01   7.7027098e+01
   2.3500000e+01   7.6901894e+01
   2.3750000e+01   7.6777055e+01
   2.4000000e+01   7.6652580e+01
   2.4250000e+01   7.6528466e+01
   2.4500000e+01   7.6404714e+01
   2.4750000e+01   7.6281322e+01
   2.5000000e+01   7.6158289e+01
   2.5250000e+01   7.6035614e+01
   2.5500000e+01   7.5913296e+01
   2.5750000e+01   7.5791334e+01
   2.6000000e+01   7.5669726e+01
   2.6250000e+01   7.5548473e+01
   2.6500000e+01   7.5427572e+01
   2.6750000e+01   7.5307024e+01
   2.7000000e+01   7.5186826e+01
   2.7250000e+01   7.5066977e+01
   2.7500000e+01   7.4947478e+01
   2.7750000e+01   7.4828326e+01
   2.8000000e+01   7.4709521e+01
   2.8250000e+01   7.4591062e+01
   2.8500000e+01   7.4472947e+01
   2.8750000e+01   7.4355176e+01
   2.9000000e+01   7.4237748e+01
   2.9250000e+01   7.4120661e+01
   2.9500000e+01   7.4003915e+01
   2.9750000e+01   7.3887509e+01
   3.0000000e+01   7.3771442e+01
   3.0250000e+01   7.3655712e+01
   3.0500000e+01   7.3540319e+01
   3.0750000e+01   7.3425262e+01
   3.1000000e+01   7.3310540e+01
   3.1250000e+01   7.3196151e+01
   3.1500000e+01   7.3082096e+01
   3.1750000e+01   7.2968372e+01
   3.2000000e+01   7.2854979e+01
   3.2250000e+01   7.2741916e+01
   3.2500000e+01   7.2629182e+01
   3.2750000e+01   7.2516776e+01
   3.3000000e+01   7.2404698e+01
   3.3250000e+01   7.2292945e+01
   3.3500000e+01   7.2181518e+01
   3.3750000e+01   7.2070414e+01
   3.4000000e+01   7.1959634e+01
   3.4250000e+01   7.1849177e+01
   3.4500000e+01   7.1739041e+01
   3.4750000e+01   7.1629225e+01
   3.5000000e+01   7.1519729e+01
   3.5250000e+01   7.1410552e+01
   3.5500000e+01   7.1301692e+01
   3.5750000e+01   7.1193149e+01
   3.6000000e+01   7.1084922e+01
   3.6250000e+01   7.0977009e+01
   3.6500000e+01   7.0869411e+01
   3.6750000e+01   7.0762126e+01
   3.7000000e+01   7.0655153e+01
   3.7250000e+01   7.0548491e+01
   3.7500000e+01   7.0442140e+01
   3.7750000e+01   7.0336098e+01
   3.8000000e+01   7.0230365e+01
   3.8250000e+01   7.0124939e+01
   3.8500000e+01   7.0019820e+01
   3.8750000e+01   6.9915008e+01
   3.9000000e+01   6.9810500e+01
   3.9250000e+01   6.9706296e+01
   3.9500000e+01   6.9602395e+01
   3.9750000e+01   6.9498797e+01
   4.0000000e+01   6.9395500e+01
   4.0250000e+01   6.9292504e+01
   4.0500000e+01   6.9189807e+01
   4.0750000e+01   6.9087410e+01
   4.1000000e+01   6.8985310e+01
   4.1250000e+01   6.8883507e+01
   4.1500000e+01   6.8782001e+01
   4.1750000e+01   6.8680790e+01
   4.2000000e+01   6.8579873e+01
   4.2250000e+01   6.8479250e+01
   4.2500000e+01   6.8378920e+01
   4.2750000e+01   6.8278882e+01
   4.3000000e+01   6.8179135e+01
   4.3250000e+01   6.8079678e+01
   4.3500000e+01   6.7980511e+01
   4.3750000e+01   6.7881632e+01
   4.4000000e+01   6.7783041e+01
   4.4250000e+01   6.7684737e+01
   4.4500000e+01   6.7586718e+01
   4.4750000e+01   6.7488986e+01
   4.5000000e+01   6.7391537e+01
   4.5250000e+01   6.7294372e+01
   4.5500000e+01   6.7197490e+01
   4.5750000e+01   6.7100889e+01
   4.6000000e+01   6.7004570e+01
   4.6250000e+01   6.6908531e+01
   4.6500000e+01   6.6812772e+01
   4.6750000e+01   6.6717291e+01
   4.7000000e+01   6.6622088e+01
   4.7250000e+01   6.6527162e+01
   4.7500000e+01   6.6432512e+01
   4.7750000e+01   6.6338138e+01
   4.8000000e+01   6.6244038e+01
   4.8250000e+01   6.6150212e+01
   4.8500000e+01   6.6056659e+01
   4.8750000e+01   6.5963379e+01
   4.9000000e+01   6.5870369e+01
   4.9250000e+01   6.5777631e+01
   4.9500000e+01   6.5685162e+01
   4.9750000e+01   6.5592962e+01
   5.0000000e+01   6.5501031e+01
   5.0250000e+01   6.5409367e+01
   5.0500000e+01   6.5317970e+01
   5.0750000e+01   6.5226839e+01
   5.1000000e+01   6.5135973e+01
   5.1250000e+01   6.5045371e+01
   5.1500000e+01   6.4955033e+01
   5.1750000e+01   6.4864958e+01
   5.2000000e+01   6.4775145e+01
   5.2250000e+01   6.4685594e+01
   5.2500000e+01   6.4596303e+01
   5.2750000e+01   6.4507271e+01
   5.3000000e+01   6.4418499e+01
   5.3250000e+01   6.4329985e+01
   5.3500000e+01   6.4241729e+01
   5.3750000e+01   6.4153730e+01
   5.4000000e+01   6.4065986e+01
   5.4250000e+01   6.3978498e+01
   5.4500000e+01   6.3891265e+01
   5.4750000e+01   6.3804285e+01
   5.5000000e+01   6.3717559e+01
   5.5250000e+01   6.3631084e+01
   5.5500000e+01   6.3544862e+01
   5.5750000e+01   6.3458890e+01
   5.6000000e+01   6.3373169e+01
   5.6250000e+01   6.3287697e+01
   5.6500000e+01   6.3202473e+01
   5.6750000e+01   6.3117498e+01
   5.7000000e+01   6.3032770e+01
   5.7250000e+01   6.2948288e+01
   5.7500000e+01   6.2864053e+01
   5.7750000e+01   6.2780062e+01
   5.8000000e+01   6.2696316e+01
   5.8250000e+01   6.2612813e+01
   5.8500000e+01   6.2529554e+01
   5.8750000e+01   6.2446536e+01
   5.9000000e+01   6.2363761e+01
   5.9250000e+01   6.2281226e+01
   5.9500000e+01   6.2198931e+01
   5.9750000e+01   6.2116876e+01
   6.0000000e+01   6.2035060e+01
   6.0250000e+01   6.1953481e+01
   6.0500000e+01   6.1872140e+01
   6.0750000e+01   6.1791036e+01
   6.1000000e+01   6.1710168e+01
   6.1250000e+01   6.1629535e+01
   6.1500000e+01   6.1549137e+01
   6.1750000e+01   6.1468972e+01
   6.2000000e+01   6.1389041e+01
   6.2250000e+01   6.1309343e+01
   6.2500000e+01   6.1229876e+01
   6.2750000e+01   6.1150641e+01
   6.3000000e+01   6.1071636e+01
   6.3250000e+01   6.0992861e+01
   6.3500000e+01   6.0914315e+01
   6.3750000e+01   6.0835998e+01
   6.4000000e+01   6.0757909e+01
   6.4250000e+01   6.0680047e+01
   6.4500000e+01   6.0602412e+01
   6.4750000e+01   6.0525002e+01
   6.5000000e+01   6.0447818e+01
   6.5250000e+01   6.0370858e+01
   6.5500000e+01   6.0294122e+01
   6.5750000e+01   6.0217610e+01
   6.6000000e+01   6.0141320e+01
   6.6250000e+01   6.0065252e+01
   6.6500000e+01   5.9989406e+01
   6.6750000e+01   5.9913780e+01
   6.7000000e+01   5.9838374e+01
   6.7250000e+01   5.9763188e+01
   6.7500000e+01   5.9688221e+01
   6.7750000e+01   5.9613471e+01
   6.8000000e+01   5.9538939e+01
   6.8250000e+01   5.9464625e+01
   6.8500000e+01   5.9390526e+01
   6.8750000e+01   5.9316643e+01
   6.9000000e+01   5.9242975e+01
   6.9250000e+01   5.9169521e+01
   6.9500000e+01   5.9096281e+01
   6.9750000e+01   5.9023254e+01
   7.0000000e+01   5.8950440e+01
   7.0250000e+01   5.8877837e+01
   7.0500000e+01   5.8805446e+01
   7.0750000e+01   5.8733265e+01
   7.1000000e+01   5.8661295e+01
   7.1250000e+01   5.8589534e+01
   7.1500000e+01   5.8517981e+01
   7.1750000e+01   5.8446637e+01
   7.2000000e+01   5.8375501e+01
   7.2250000e+01   5.8304571e+01
   7.2500000e+01   5.8233848e+01
   7.2750000e+01   5.8163331e+01
   7.3000000e+01   5.8093019e+01
   7.3250000e+01   5.8022911e+01
   7.3500000e+01   5.7953008e+01
   7.3750000e+01   5.7883308e+01
   7.4000000e+01   5.7813810e+01
   7.4250000e+01   5.7744515e+01
   7.4500000e+01   5.7675422e+01
   7.4750000e+01   5.7606529e+01
   7.5000000e+01   5.7537838e+01
   7.5250000e+01   5.7469346e+01
   7.5500000e+01   5.7401053e+01
   7.5750000e+01   5.7332959e+01
   7.6000000e+01   5.7265063e+01
   7.6250000e+01   5.7197365e+01
   7.6500000e+01   5.7129863e+01
   7.6750000e+01   5.7062559e+01
   7.7000000e+01   5.6995450e+01
   7.7250000e+01   5.6928536e+01
   7.7500000e+01   5.6861817e+01
   7.7750000e+01   5.6795292e+01
   7.8000000e+01   5.6728961e+01
   7.8250000e+01   5.6662822e+01
   7.8500000e+01   5.6596876e+01
   7.8750000e+01   5.6531123e+01
   7.9000000e+01   5.6465560e+01
   7.9250000e+01   5.6400188e+01
   7.9500000e+01   5.6335007e+01
   7.9750000e+01   5.6270015e+01
   8.0000000e+01   5.6205212e+01
   8.0250000e+01   5.6140598e+01
   8.0500000e+01   5.6076171e+01
   8.0750000e+01   5.6011933e+01
   8.1000000e+01   5.5947881e+01
   8.1250000e+01   5.5884015e+01
   8.1500000e+01   5.5820336e+01
   8.1750000e+01   5.5756841e+01
   8.2000000e+01   5.5693532e+01
   8.2250000e+01   5.5630406e+01
   8.2500000e+01   5.5567465e+01
   8.2750000e+01   5.5504706e+01
   8.3000000e+01   5.5442130e+01
   8.3250000e+01   5.5379737e+01
   8.3500000e+01   5.5317524e+01
   8.3750000e+01   5.5255493e+01
   8.4000000e+01   5.5193643e+01
   8.4250000e+01   5.5131972e+01
   8.4500000e+01   5.5070481e+01
   8.4750000e+01   5.5009168e+01
   8.5000000e+01   5.4948034e+01
   8.5250000e+01   5.4887078e+01
   8.5500000e+01   5.4826300e+01
   8.5750000e+01   5.4765698e+01
   8.6000000e+01   5.4705272e+01
   8.6250000e+01   5.4645023e+01
   8.6500000e+01   5.4584949e+01
   8.6750000e+01   5.4525049e+01
   8.7000000e+01   5.4465324e+01
   8.7250000e+01   5.4405772e+01
   8.7500000e+01   5.4346394e+01
   8.7750000e+01   5.4287189e+01
   8.8000000e+01   5.4228156e+01
   8.8250000e+01   5.4169295e+01
   8.8500000e+01   5.4110605e+01
   8.8750000e+01   5.4052085e+01
   8.9000000e+01   5.3993737e+01
   8.9250000e+01   5.3935557e+01
   8.9500000e+01   5.3877548e+01
   8.9750000e+01   5.3819706e+01
   9.0000000e+01   5.3762034e+01
   9.0250000e+01   5.3704529e+01
   9.0500000e+01   5.3647191e+01
   9.0750000e+01   5.3590020e+01
   9.1000000e+01   5.3533016e+01
   9.1250000e+01   5.3476178e+01
   9.1500000e+01   5.3419504e+01
   9.1750000e+01   5.3362996e+01
   9.2000000e+01   5.3306652e+01
   9.2250000e+01   5.3250473e+01
   9.2500000e+01   5.3194456e+01
   9.2750000e+01   5.3138603e+01
   9.3000000e+01   5.3082912e+01
   9.3250000e+01   5.3027383e+01
   9.3500000e+01   5.2972016e+01
   9.3750000e+01   5.2916810e+01
   9.4000000e+01   5.2861765e+01
   9.4250000e+01   5.2806879e+01
   9.4500000e+01   5.2752154e+01
   9.4750000e+01   5.2697588e+01
   9.5000000e+01   5.2643180e+01
   9.5250000e+01   5.2588931e+01
   9.5500000e+01   5.2534840e+01
   9.5750000e+01   5.2480906e+01
   9.6000000e+01   5.2427129e+01
   9.6250000e+01   5.2373508e+01
   9.6500000e+01   5.2320044e+01
   9.6750000e+01   5.2266735e+01
   9.7000000e+01   5.2213581e+01
   9.7250000e+01   5.2160582e+01
   9.7500000e+01   5.2107737e+01
   9.7750000e+01   5.2055046e+01
   9.8000000e+01   5.2002508e+01
   9.8250000e+01   5.1950123e+01
   9.8500000e+01   5.1897890e+01
   9.8750000e+01   5.1845810e+01
   9.9000000e+01   5.1793881e+01
   9.9250000e+01   5.1742103e+01
   9.9500000e+01   5.1690476e+01
   9.9750000e+01   5.1638999e+01
   1.0000000e+02   5.1587672e+01
   1.0025000e+02   5.1536494e+01
   1.0050000e+02   5.1485465e+01
   1.0075000e+02   5.1434585e+01
   1.0100000e+02   5.1383852e+01
   1.0125000e+02   5.1333268e+01
   1.0150000e+02   5.1282830e+01
   1.0175000e+02   5.1232539e+01
   1.0200000e+02   5.1182395e+01
   1.0225000e+02   5.1132396e+01
   1.0250000e+02   5.1082543e+01
   1.0275000e+02   5.1032835e+01
   1.0300000e+02   5.0983272e+01
   1.0325000e+02   5.0933853e+01
   1.0350000e+02   5.0884578e+01
   1.0375000e+02   5.0835446e+01
   1.0400000e+02   5.0786457e+01
   1.0425000e+02   5.0737611e+01
   1.0450000e+02   5.0688906e+01
   1.0475000e+02   5.0640344e+01
   1.0500000e+02   5.0591923e+01
   1.0525000e+02   5.0543642e+01
   1.0550000e+02   5.0495502e+01
   1.0575000e+02   5.0447503e+01
   1.0600000e+02   5.0399643e+01
   1.0625000e+02   5.0351922e+01
   1.0650000e+02   5.0304340e+01
   1.0675000e+02   5.0256896e+01
   1.0700000e+02   5.0209591e+01
   1.0725000e+02   5.0162423e+01
   1.0750000e+02   5.0115393e+01
   1.0775000e+02   5.0068499e+01
   1.0800000e+02   5.0021742e+01
   1.0825000e+02   4.9975121e+01
   1.0850000e+02   4.9928635e+01
   1.0875000e+02   4.9882285e+01
   1.0900000e+02   4.9836069e+01
   1.0925000e+02   4.9789989e+01
   1.0950000e+02   4.9744042e+01
   1.0975000e+02   4.9698229e+01
   1.1000000e+02   4.9652549e+01
   1.1025000e+02   4.9607002e+01
   1.1050000e+02   4.9561588e+01
   1.1075000e+02   4.9516306e+01
   1.1100000e+02   4.9471155e+01
   1.1125000e+02   4.9426136e+01
   1.1150000e+02   4.9381248e+01
   1.1175000e+02   4.9336491e+01
   1.1200000e+02   4.9291864e+01
   1.1225000e+02   4.9247366e+01
   1.1250000e+02   4.9202998e+01
   1.1275000e+02   4.9158760e+01
   1.1300000e+02   4.9114650e+01
   1.1325000e+02   4.9070668e+01
   1.1350000e+02   4.9026814e+01
   1.1375000e+02   4.8983088e+01
   1.1400000e+02   4.8939489e+01
   1.1425000e+02   4.8896018e+01
   1.1450000e+02   4.8852672e+01
   1.1475000e+02   4.8809453e+01
   1.1500000e+02   4.8766359e+01
   1.1525000e+02   4.8723391e+01
   1.1550000e+02   4.8680548e+01
   1.1575000e+02   4.8637829e+01
   1.1600000e+02   4.8595235e+01
   1.1625000e+02   4.8552765e+01
   1.1650000e+02   4.8510418e+01
   1.1675000e+02   4.8468195e+01
   1.1700000e+02   4.8426094e+01
   1.1725000e+02   4.8384116e+01
   1.1750000e+02   4.8342261e+01
   1.1775000e+02   4.8300526e+01
   1.1800000e+02   4.8258914e+01
   1.1825000e+02   4.8217422e+01
   1.1850000e+02   4.8176051e+01
   1.1875000e+02   4.8134801e+01
   1.1900000e+02   4.8093671e+01
   1.1925000e+02   4.8052660e+01
   1.1950000e+02   4.8011768e+01
   1.1975000e+02   4.7970996e+01
   1.2000000e+02   4.7930342e+01
   1.2025000e+02   4.7889807e+01
   1.2050000e+02   4.7849389e+01
   1.2075000e+02   4.7809089e+01
   1.2100000e+02   4.7768907e+01
   1.2125000e+02   4.7728841e+01
   1.2150000e+02   4.7688892e+01
   1.2175000e+02   4.7649059e+01
   1.2200000e+02   4.7609342e+01
   1.2225000e+02   4.7569741e+01
   1.2250000e+02   4.7530254e+01
   1.2275000e+02   4.7490883e+01
   1.2300000e+02   4.7451627e+01
   1.2325000e+02   4.7412484e+01
   1.2350000e+02   4.7373456e+01
   1.2375000e+02   4.7334541e+01
   1.2400000e+02   4.7295739e+01
   1.2425000e+02   4.7257050e+01
   1.2450000e+02   4.7218474e+01
   1.2475000e+02   4.7180010e+01
   1.2500000e+02   4.7141658e+01
   1.2525000e+02   4.7103417e+01
   1.2550000e+02   4.7065288e+01
   1.2575000e+02   4.7027270e+01
   1.2600000e+02   4.6989362e+01
   1.2625000e+02   4.6951565e+01
   1.2650000e+02   4.6913877e+01
   1.2675000e+02   4.6876300e+01
   1.2700000e+02   4.6838831e+01
   1.2725000e+02   4.6801472e+01
   1.2750000e+02   4.6764221e+01
   1.2775000e+02   4.6727079e+01
   1.2800000e+02   4.6690045e+01
   1.2825000e+02   4.6653119e+01
   1.2850000e+02   4.6616300e+01
   1.2875000e+02   4.6579588e+01
   1.2900000e+02   4.6542983e+01
   1.2925000e+02   4.6506485e+01
   1.2950000e+02   4.6470092e+01
   1.2975000e+02   4.6433806e+01
   1.3000000e+02   4.6397625e+01
   1.3025000e+02   4.6361550e+01
   1.3050000e+02   4.6325579e+01
   1.3075000e+02   4.6289713e+01
   1.3100000e+02   4.6253952e+01
   1.3125000e+02   4.6218295e+01
   1.3150000e+02   4.6182741e+01
   1.3175000e+02   4.6147291e+01
   1.3200000e+02   4.6111944e+01
   1.3225000e+02   4.6076700e+01
   1.3250000e+02   4.6041558e+01
   1.3275000e+02   4.6006519e+01
   1.3300000e+02   4.5971581e+01
   1.3325000e+02   4.5936746e+01
   1.3350000e+02   4.5902011e+01
   1.3375000e+02   4.5867378e+01
   1.3400000e+02   4.5832845e+01
   1.3425000e+02   4.5798413e+01
   1.3450000e+02   4.5764082e+01
   1.3475000e+02   4.5729850e+01
   1.3500000e+02   4.5695717e+01
   1.3525000e+02   4.5661684e+01
   1.3550000e+02   4.5627750e+01
   1.3575000e+02   4.5593915e+01
   1.3600000e+02   4.5560178e+01
   1.3625000e+02   4.5526540e+01
   1.3650000e+02   4.5492999e+01
   1.3675000e+02   4.5459556e+01
   1.3700000e+02   4.5426210e+01
   1.3725000e+02   4.5392961e+01
   1.3750000e+02   4.5359809e+01
   1.3775000e+02   4.5326754e+01
   1.3800000e+02   4.5293794e+01
   1.3825000e+02   4.5260931e+01
   1.3850000e+02   4.5228163e+01
   1.3875000e+02   4.5195491e+01
   1.3900000e+02   4.5162913e+01
   1.3925000e+02   4.5130431e+01
   1.3950000e+02   4.5098043e+01
   1.3975000e+02   4.5065749e+01
   1.4000000e+02   4.5033549e+01
   1.4025000e+02   4.5001443e+01
   1.4050000e+02   4.4969430e+01
   1.4075000e+02   4.4937510e+01
   1.4100000e+02   4.4905684e+01
   1.4125000e+02   4.4873949e+01
   1.4150000e+02   4.4842308e+01
   1.4175000e+02   4.4810758e+01
   1.4200000e+02   4.4779300e+01
   1.4225000e+02   4.4747934e+01
   1.4250000e+02   4.4716659e+01
   1.4275000e+02   4.4685475e+01
   1.4300000e+02   4.4654381e+01
   1.4325000e+02   4.4623378e+01
   1.4350000e+02   4.4592466e+01
   1.4375000e+02   4.4561643e+01
   1.4400000e+02   4.4530910e+01
   1.4425000e+02   4.4500267e+01
   1.4450000e+02   4.4469712e+01
   1.4475000e+02   4.4439247e+01
   1.4500000e+02   4.4408870e+01
   1.4525000e+02   4.4378581e+01
   1.4550000e+02   4.4348381e+01
   1.4575000e+02   4.4318269e+01
   1.4600000e+02   4.4288244e+01
   1.4625000e+02   4.4258306e+01
   1.4650000e+02   4.4228456e+01
   1.4675000e+02   4.4198693e+01
   1.4700000e+02   4.4169016e+01
   1.4725000e+02   4.4139425e+01
   1.4750000e+02   4.4109921e+01
   1.4775000e+02   4.4080502e+01
   1.4800000e+02   4.4051169e+01
   1.4825000e+02   4.4021922e+01
   1.4850000e+02   4.3992759e+01
   1.4875000e+02   4.3963682e+01
   1.4900000e+02   4.3934689e+01
   1.4925000e+02   4.3905780e+01
   1.4950000e+02   4.3876956e+01
   1.4975000e+02   4.3848215e+01
   1.5000000e+02   4.3819558e+01
   1.5025000e+02   4.3790984e+01
   1.5050000e+02   4.3762494e+01
   1.5075000e+02   4.3734086e+01
   1.5100000e+02   4.3705761e+01
   1.5125000e+02   4.3677519e+01
   1.5150000e+02   4.3649359e+01
   1.5175000e+02   4.3621280e+01
   1.5200000e+02   4.3593284e+01
   1.5225000e+02   4.3565368e+01
   1.5250000e+02   4.3537534e+01
   1.5275000e+02   4.3509781e+01
   1.5300000e+02   4.3482109e+01
   1.5325000e+02   4.3454517e+01
   1.5350000e+02   4.3427006e+01
   1.5375000e+02   4.3399575e+01
   1.5400000e+02   4.3372223e+01
   1.5425000e+02   4.3344951e+01
   1.5450000e+02   4.3317759e+01
   1.5475000e+02   4.3290645e+01
   1.5500000e+02   4.3263611e+01
   1.5525000e+02   4.3236655e+01
   1.5550000e+02   4.3209777e+01
   1.5575000e+02   4.3182978e+01
   1.5600000e+02   4.3156257e+01
   1.5625000e+02   4.3129613e+01
   1.5650000e+02   4.3103047e+01
   1.5675000e+02   4.3076559e+01
   1.5700000e+02   4.3050147e+01
   1.5725000e+02   4.3023812e+01
   1.5750000e+02   4.2997554e+01
   1.5775000e+02   4.2971373e+01
   1.5800000e+02   4.2945267e+01
   1.5825000e+02   4.2919237e+01
   1.5850000e+02   4.2893284e+01
   1.5875000e+02   4.2867405e+01
   1.5900000e+02   4.2841602e+01
   1.5925000e+02   4.2815875e+01
   1.5950000e+02   4.2790221e+01
   1.5975000e+02   4.2764643e+01
   1.6000000e+02   4.2739139e+01
   1.6025000e+02   4.2713709e+01
   1.6050000e+02   4.2688354e+01
   1.6075000e+02   4.2663072e+01
   1.6100000e+02   4.2637863e+01
   1.6125000e+02   4.2612728e+01
   1.6150000e+02   4.2587666e+01
   1.6175000e+02   4.2562677e+01
   1.6200000e+02   4.2537761e+01
   1.6225000e+02   4.2512917e+01
   1.6250000e+02   4.2488146e+01
   1.6275000e+02   4.2463446e+01
   1.6300000e+02   4.2438819e+01
   1.6325000e+02   4.2414263e+01
   1.6350000e+02   4.2389779e+01
   1.6375000e+02   4.2365366e+01
   1.6400000e+02   4.2341023e+01
   1.6425000e+02   4.2316752e+01
   1.6450000e+02   4.2292551e+01
   1.6475000e+02   4.2268421e+01
   1.6500000e+02   4.2244361e+01
   1.6525000e+02   4.2220371e+01
   1.6550000e+02   4.2196451e+01
   1.6575000e+02   4.2172600e+01
   1.6600000e+02   4.2148819e+01
   1.6625000e+02   4.2125107e+01
   1.6650000e+02   4.2101464e+01
   1.6675000e+02   4.2077890e+01
   1.6700000e+02   4.2054384e+01
   1.6725000e+02   4.2030947e+01
   1.6750000e+02   4.2007578e+01
   1.6775000e+02   4.1984277e+01
   1.6800000e+02   4.1961044e+01
   1.6825000e+02   4.1937878e+01
   1.6850000e+02   4.1914780e+01
   1.6875000e+02   4.1891749e+01
   1.6900000e+02   4.1868785e+01
   1.6925000e+02   4.1845888e+01
   1.6950000e+02   4.1823058e+01
   1.6975000e+02   4.1800294e+01
   1.7000000e+02   4.1777596e+01
   1.7025000e+02   4.1754964e+01
   1.7050000e+02   4.1732398e+01
   1.7075000e+02   4.1709898e+01
   1.7100000e+02   4.1687463e+01
   1.7125000e+02   4.1665094e+01
   1.7150000e+02   4.1642789e+01
   1.7175000e+02   4.1620550e+01
   1.7200000e+02   4.1598375e+01
   1.7225000e+02   4.1576265e+01
   1.7250000e+02   4.1554219e+01
   1.7275000e+02   4.1532237e+01
   1.7300000e+02   4.1510319e+01
   1.7325000e+02   4.1488465e+01
   1.7350000e+02   4.1466675e+01
   1.7375000e+02   4.1444947e+01
   1.7400000e+02   4.1423284e+01
   1.7425000e+02   4.1401683e+01
   1.7450000e+02   4.1380145e+01
   1.7475000e+02   4.1358670e+01
   1.7500000e+02   4.1337257e+01
   1.7525000e+02   4.1315907e+01
   1.7550000e+02   4.1294618e+01
   1.7575000e+02   4.1273392e+01
   1.7600000e+02   4.1252227e+01
   1.7625000e+02   4.1231124e+01
   1.7650000e+02   4.1210083e+01
   1.7675000e+02   4.1189102e+01
   1.7700000e+02   4.1168183e+01
   1.7725000e+02   4.1147324e+01
   1.7750000e+02   4.1126527e+01
   1.7775000e+02   4.1105789e+01
   1.7800000e+02   4.1085112e+01
   1.7825000e+02   4.1064496e+01
   1.7850000e+02   4.1043939e+01
   1.7875000e+02   4.1023442e+01
   1.7900000e+02   4.1003005e+01
   1.7925000e+02   4.0982627e+01
   1.7950000e+02   4.0962308e+01
   1.7975000e+02   4.0942049e+01
   1.8000000e+02   4.0921848e+01
   1.8025000e+02   4.0901707e+01
   1.8050000e+02   4.0881624e+01
   1.8075000e+02   4.0861599e+01
   1.8100000e+02   4.0841633e+01
   1.8125000e+02   4.0821725e+01
   1.8150000e+02   4.0801874e+01
   1.8175000e+02   4.0782082e+01
   1.8200000e+02   4.0762347e+01
   1.8225000e+02   4.0742669e+01
   1.8250000e+02   4.0723049e+01
   1.8275000e+02   4.0703486e+01
   1.8300000e+02   4.0683979e+01
   1.8325000e+02   4.0664530e+01
   1.8350000e+02   4.0645137e+01
   1.8375000e+02   4.0625801e+01
   1.8400000e+02   4.0606520e+01
   1.8425000e+02   4.0587296e+01
   1.8450000e+02   4.0568128e+01
   1.8475000e+02   4.0549016e+01
   1.8500000e+02   4.0529959e+01
   1.8525000e+02   4.0510958e+01
   1.8550000e+02   4.0492012e+01
   1.8575000e+02   4.0473121e+01
   1.8600000e+02   4.0454285e+01
   1.8625000e+02   4.0435504e+01
   1.8650000e+02   4.0416777e+01
   1.8675000e+02   4.0398105e+01
   1.8700000e+02   4.0379487e+01
   1.8725000e+02   4.0360924e+01
   1.8750000e+02   4.0342415e+01
   1.8775000e+02   4.0323959e+01
   1.8800000e+02   4.0305557e+01
   1.8825000e+02   4.0287209e+01
   1.8850000e+02   4.0268914e+01
   1.8875000e+02   4.0250672e+01
   1.8900000e+02   4.0232483e+01
   1.8925000e+02   4.0214348e+01
   1.8950000e+02   4.0196265e+01
   1.8975000e+02   4.0178234e+01
   1.9000000e+02   4.0160257e+01
   1.9025000e+02   4.0142331e+01
   1.9050000e+02   4.0124458e+01
   1.9075000e+02   4.0106636e+01
   1.9100000e+02   4.0088867e+01
   1.9125000e+02   4.0071149e+01
   1.9150000e+02   4.0053483e+01
   1.9175000e+02   4.0035868e+01
   1.9200000e+02   4.0018304e+01
   1.9225000e+02   4.0000792e+01
   1.9250000e+02   3.9983330e+01
   1.9275000e+02   3.9965920e+01
   1.9300000e+02   3.9948560e+01
   1.9325000e+02   3.9931250e+01
   1.9350000e+02   3.9913991e+01
   1.9375000e+02   3.9896782e+01
   1.9400000e+02   3.9879623e+01
   1.9425000e+02   3.9862514e+01
   1.9450000e+02   3.9845455e+01
   1.9475000e+02   3.9828446e+01
   1.9500000e+02   3.9811486e+01
   1.9525000e+02   3.9794575e+01
   1.9550000e+02   3.9777713e+01
   1.9575000e+02   3.9760901e+01
   1.9600000e+02   3.9744138e+01
   1.9625000e+02   3.9727423e+01
   1.9650000e+02   3.9710757e+01
   1.9675000e+02   3.9694139e+01
   1.9700000e+02   3.9677570e+01
   1.9725000e+02   3.9661049e+01
   1.9750000e+02   3.9644576e+01
   1.9775000e+02   3.9628151e+01
   1.9800000e+02   3.9611774e+01
   1.9825000e+02   3.9595445e+01
   1.9850000e+02   3.9579163e+01
   1.9875000e+02   3.9562928e+01
   1.9900000e+02   3.9546741e+01
   1.9925000e+02   3.9530600e+01
   1.9950000e+02   3.9514507e+01
   1.9975000e+02   3.9498460e+01
   2.0000000e+02   3.9482461e+01
   2.0025000e+02   3.9466507e+01
   2.0050000e+02   3.9450601e+01
   2.0075000e+02   3.9434740e+01
   2.0100000e+02   3.9418926e+01
   2.0125000e+02   3.9403157e+01
   2.0150000e+02   3.9387435e+01
   2.0175000e+02   3.9371758e+01
   2.0200000e+02   3.9356127e+01
   2.0225000e+02   3.9340541e+01
   2.0250000e+02   3.9325001e+01
   2.0275000e+02   3.9309506e+01
   2.0300000e+02   3.9294056e+01
   2.0325000e+02   3.9278651e+01
   2.0350000e+02   3.9263291e+01
   2.0375000e+02   3.9247975e+01
   2.0400000e+02   3.9232704e+01
   2.0425000e+02   3.9217478e+01
   2.0450000e+02   3.9202296e+01
   2.0475000e+02   3.9187158e+01
   2.0500000e+02   3.9172064e+01
   2.0525000e+02   3.9157014e+01
   2.0550000e+02   3.9142008e+01
   2.0575000e+02   3.9127045e+01
   2.0600000e+02   3.9112126e+01
   2.0625000e+02   3.9097250e+01
   2.0650000e+02   3.9082418e+01
   2.0675000e+02   3.9067629e+01
   2.0700000e+02   3.9052883e+01
   2.0725000e+02   3.9038180e+01
   2.0750000e+02   3.9023519e+01
   2.0775000e+02   3.9008901e+01
   2.0800000e+02   3.8994326e+01
   2.0825000e+02   3.8979793e+01
   2.0850000e+02   3.8965303e+01
   2.0875000e+02   3.8950854e+01
   2.0900000e+02   3.8936448e+01
   2.0925000e+02   3.8922084e+01
   2.0950000e+02   3.8907761e+01
   2.0975000e+02   3.8893480e+01
   2.1000000e+02   3.8879241e+01
   2.1025000e+02   3.8865043e+01
   2.1050000e+02   3.8850886e+01
   2.1075000e+02   3.8836771e+01
   2.1100000e+02   3.8822696e+01
   2.1125000e+02   3.8808663e+01
   2.1150000e+02   3.8794670e+01
   2.1175000e+02   3.8780718e+01
   2.1200000e+02   3.8766807e+01
   2.1225000e+02   3.8752936e+01
   2.1250000e+02   3.8739106e+01
   2.1275000e+02   3.8725316e+01
   2.1300000e+02   3.8711566e+01
   2.1325000e+02   3.8697856e+01
   2.1350000e+02   3.8684186e+01
   2.1375000e+02   3.8670555e+01
   2.1400000e+02   3.8656964e+01
   2.1425000e+02   3.8643413e+01
   2.1450000e+02   3.8629902e+01
   2.1475000e+02   3.8616429e+01
   2.1500000e+02   3.8602996e+01
   2.1525000e+02   3.8589602e+01
   2.1550000e+02   3.8576247e+01
   2.1575000e+02   3.8562930e+01
   2.1600000e+02   3.8549653e+01
   2.1625000e+02   3.8536414e+01
   2.1650000e+02   3.8523214e+01
   2.1675000e+02   3.8510052e+01
   2.1700000e+02   3.8496928e+01
   2.1725000e+02   3.8483843e+01
   2.1750000e+02   3.8470795e+01
   2.1775000e+02   3.8457786e+01
   2.1800000e+02   3.8444814e+01
   2.1825000e+02   3.8431880e+01
   2.1850000e+02   3.8418984e+01
   2.1875000e+02   3.8406126e+01
   2.1900000e+02   3.8393304e+01
   2.1925000e+02   3.8380520e+01
   2.1950000e+02   3.8367774e+01
   2.1975000e+02   3.8355064e+01
   2.2000000e+02   3.8342391e+01
   2.2025000e+02   3.8329756e+01
   2.2050000e+02   3.8317156e+01
   2.2075000e+02   3.8304594e+01
   2.2100000e+02   3.8292068e+01
   2.2125000e+02   3.8279579e+01
   2.2150000e+02   3.8267126e+01
   2.2175000e+02   3.8254709e+01
   2.2200000e+02   3.8242329e+01
   2.2225000e+02   3.8229984e+01
   2.2250000e+02   3.8217675e+01
   2.2275000e+02   3.8205402e+01
   2.2300000e+02   3.8193165e+01
   2.2325000e+02   3.8180964e+01
   2.2350000e+02   3.8168798e+01
   2.2375000e+02   3.8156667e+01
   2.2400000e+02   3.8144572e+01
   2.2425000e+02   3.8132511e+01
   2.2450000e+02   3.8120486e+01
   2.2475000e+02   3.8108496e+01
   2.2500000e+02   3.8096541e+01
   2.2525000e+02   3.8084621e+01
   2.2550000e+02   3.8072735e+01
   2.2575000e+02   3.8060884e+01
   2.2600000e+02   3.8049067e+01
   2.2625000e+02   3.8037285e+01
   2.2650000e+02   3.8025537e+01
   2.2675000e+02   3.8013823e+01
   2.2700000e+02   3.8002143e+01
   2.2725000e+02   3.7990498e+01
   2.2750000e+02   3.7978886e+01
   2.2775000e+02   3.7967308e+01
   2.2800000e+02   3.7955764e+01
   2.2825000e+02   3.7944253e+01
   2.2850000e+02   3.7932776e+01
   2.2875000e+02   3.7921332e+01
   2.2900000e+02   3.7909921e+01
   2.2925000e+02   3.7898544e+01
   2.2950000e+02   3.7887200e+01
   2.2975000e+02   3.7875888e+01
   2.3000000e+02   3.7864610e+01
   2.3025000e+02   3.7853364e+01
   2.3050000e+02   3.7842152e+01
   2.3075000e+02   3.7830972e+01
   2.3100000e+02   3.7819824e+01
   2.3125000e+02   3.7808709e+01
   2.3150000e+02   3.7797626e+01
   2.3175000e+02   3.7786575e+01
   2.3200000e+02   3.7775557e+01
   2.3225000e+02   3.7764570e+01
   2.3250000e+02   3.7753616e+01
   2.3275000e+02   3.7742694e+01
   2.3300000e+02   3.7731803e+01
   2.3325000e+02   3.7720944e+01
   2.3350000e+02   3.7710116e+01
   2.3375000e+02   3.7699320e+01
   2.3400000e+02   3.7688556e+01
   2.3425000e+02   3.7677823e+01
   2.3450000e+02   3.7667121e+01
   2.3475000e+02   3.7656450e+01
   2.3500000e+02   3.7645810e+01
   2.3525000e+02   3.7635201e+01
   2.3550000e+02   3.7624623e+01
   2.3575000e+02   3.7614076e+01
   2.3600000e+02   3.7603560e+01
   2.3625000e+02   3.7593074e+01
   2.3650000e+02   3.7582618e+01
   2.3675000e+02   3.7572193e+01
   2.3700000e+02   3.7561799e+01
   2.3725000e+02   3.7551434e+01
   2.3750000e+02   3.7541100e+01
   2.3775000e+02   3.7530796e+01
   2.3800000e+02   3.7520522e+01
   2.3825000e+02   3.7510278e+01
   2.3850000e+02   3.7500063e+01
   2.3875000e+02   3.7489878e+01
   2.3900000e+02   3.7479723e+01
   2.3925000e+02   3.7469598e+01
   2.3950000e+02   3.7459502e+01
   2.3975000e+02   3.7449435e+01
   2.4000000e+02   3.7439398e+01
   2.4025000e+02   3.7429389e+01
   2.4050000e+02   3.7419410e+01
   2.4075000e+02   3.7409460e+01
   2.4100000e+02   3.7399539e+01
   2.4125000e+02   3.7389647e+01
   2.4150000e+02   3.7379784e+01
   2.4175000e+02   3.7369949e+01
   2.4200000e+02   3.7360143e+01
   2.4225000e+02   3.7350365e+01
   2.4250000e+02   3.7340616e+01
   2.4275000e+02   3.7330895e+01
   2.4300000e+02   3.7321203e+01
   2.4325000e+02   3.7311539e+01
   2.4350000e+02   3.7301902e+01
   2.4375000e+02   3.7292294e+01
   2.4400000e+02   3.7282714e+01
   2.4425000e+02   3.7273162e+01
   2.4450000e+02   3.7263637e+01
   2.4475000e+02   3.7254141e+01
   2.4500000e+02   3.7244672e+01
   2.4525000e+02   3.7235230e+01
   2.4550000e+02   3.7225816e+01
   2.4575000e+02   3.7216429e+01
   2.4600000e+02   3.7207070e+01
   2.4625000e+02   3.7197738e+01
   2.4650000e+02   3.7188433e+01
   2.4675000e+02   3.7179155e+01
   2.4700000e+02   3.7169904e+01
   2.4725000e+02   3.7160680e+01
   2.4750000e+02   3.7151483e+01
   2.4775000e+02   3.7142312e+01
   2.4800000e+02   3.7133169e+01
   2.4825000e+02   3.7124051e+01
   2.4850000e+02   3.7114961e+01
   2.4875000e+02   3.7105897e+01
   2.4900000e+02   3.7096859e+01
   2.4925000e+02   3.7087848e+01
   2.4950000e+02   3.7078862e+01
   2.4975000e+02   3.7069903e+01
   2.5000000e+02   3.7060970e+01
   2.5025000e+02   3.7052063e+01
   2.5050000e+02   3.7043182e+01
   2.5075000e+02   3.7034327e+01
   2.5100000e+02   3.7025497e+01
   2.5125000e+02   3.7016694e+01
   2.5150000e+02   3.7007915e+01
   2.5175000e+02   3.6999163e+01
   2.5200000e+02   3.6990436e+01
   2.5225000e+02   3.6981734e+01
   2.5250000e+02   3.6973057e+01
   2.5275000e+02   3.6964406e+01
   2.5300000e+02   3.6955780e+01
   2.5325000e+02   3.6947179e+01
   2.5350000e+02   3.6938603e+01
   2.5375000e+02   3.6930052e+01
   2.5400000e+02   3.6921526e+01
   2.5425000e+02   3.6913025e+01
   2.5450000e+02   3.6904548e+01
   2.5475000e+02   3.6896097e+01
   2.5500000e+02   3.6887669e+01
   2.5525000e+02   3.6879267e+01
   2.5550000e+02   3.6870888e+01
   2.5575000e+02   3.6862534e+01
   2.5600000e+02   3.6854205e+01
   2.5625000e+02   3.6845899e+01
   2.5650000e+02   3.6837618e+01
   2.5675000e+02   3.6829361e+01
   2.5700000e+02   3.6821128e+01
   2.5725000e+02   3.6812919e+01
   2.5750000e+02   3.6804734e+01
   2.5775000e+02   3.6796572e+01
   2.5800000e+02   3.6788435e+01
   2.5825000e+02   3.6780321e+01
   2.5850000e+02   3.6772230e+01
   2.5875000e+02   3.6764164e+01
   2.5900000e+02   3.6756120e+01
   2.5925000e+02   3.6748100e+01
   2.5950000e+02   3.6740104e+01
   2.5975000e+02   3.6732130e+01
   2.6000000e+02   3.6724180e+01
   2.6025000e+02   3.6716253e+01
   2.6050000e+02   3.6708349e+01
   2.6075000e+02   3.6700468e+01
   2.6100000e+02   3.6692610e+01
   2.6125000e+02   3.6684775e+01
   2.6150000e+02   3.6676963e+01
   2.6175000e+02   3.6669173e+01
   2.6200000e+02   3.6661406e+01
   2.6225000e+02   3.6653662e+01
   2.6250000e+02   3.6645940e+01
   2.6275000e+02   3.6638241e+01
   2.6300000e+02   3.6630564e+01
   2.6325000e+02   3.6622909e+01
   2.6350000e+02   3.6615277e+01
   2.6375000e+02   3.6607667e+01
   2.6400000e+02   3.6600079e+01
   2.6425000e+02   3.6592513e+01
   2.6450000e+02   3.6584969e+01
   2.6475000e+02   3.6577447e+01
   2.6500000e+02   3.6569947e+01
   2.6525000e+02   3.6562469e+01
   2.6550000e+02   3.6555012e+01
   2.6575000e+02   3.6547578e+01
   2.6600000e+02   3.6540165e+01
   2.6625000e+02   3.6532773e+01
   2.6650000e+02   3.6525403e+01
   2.6675000e+02   3.6518054e+01
   2.6700000e+02   3.6510727e+01
   2.6725000e+02   3.6503421e+01
   2.6750000e+02   3.6496137e+01
   2.6775000e+02   3.6488873e+01
   2.6800000e+02   3.6481631e+01
   2.6825000e+02   3.6474410e+01
   2.6850000e+02   3.6467210e+01
   2.6875000e+02   3.6460030e+01
   2.6900000e+02   3.6452872e+01
   2.6925000e+02   3.6445734e+01
   2.6950000e+02   3.6438618e+01
   2.6975000e+02   3.6431522e+01
   2.7000000e+02   3.6424446e+01
   2.7025000e+02   3.6417391e+01
   2.7050000e+02   3.6410357e+01
   2.7075000e+02   3.6403343e+01
   2.7100000e+02   3.6396350e+01
   2.7125000e+02   3.6389377e+01
   2.7150000e+02   3.6382424e+01
   2.7175000e+02   3.6375491e+01
   2.7200000e+02   3.6368579e+01
   2.7225000e+02   3.6361687e+01
   2.7250000e+02   3.6354815e+01
   2.7275000e+02   3.6347962e+01
   2.7300000e+02   3.6341130e+01
   2.7325000e+02   3.6334318e+01
   2.7350000e+02   3.6327525e+01
   2.7375000e+02   3.6320752e+01
   2.7400000e+02   3.6313999e+01
   2.7425000e+02   3.6307266e+01
   2.7450000e+02   3.6300552e+01
   2.7475000e+02   3.6293858e+01
   2.7500000e+02   3.6287183e+01
   2.7525000e+02   3.6280528e+01
   2.7550000e+02   3.6273891e+01
   2.7575000e+02   3.6267275e+01
   2.7600000e+02   3.6260677e+01
   2.7625000e+02   3.6254099e+01
   2.7650000e+02   3.6247540e+01
   2.7675000e+02   3.6241000e+01
   2.7700000e+02   3.6234479e+01
   2.7725000e+02   3.6227977e+01
   2.7750000e+02   3.6221494e+01
   2.7775000e+02   3.6215029e+01
   2.7800000e+02   3.6208584e+01
   2.7825000e+02   3.6202157e+01
   2.7850000e+02   3.6195749e+01
   2.7875000e+02   3.6189360e+01
   2.7900000e+02   3.6182989e+01
   2.7925000e+02   3.6176637e+01
   2.7950000e+02   3.6170303e+01
   2.7975000e+02   3.6163988e+01
   2.8000000e+02   3.6157691e+01
   2.8025000e+02   3.6151412e+01
   2.8050000e+02   3.6145152e+01
   2.8075000e+02   3.6138910e+01
   2.8100000e+02   3.6132686e+01
   2.8125000e+02   3.6126480e+01
   2.8150000e+02   3.6120292e+01
   2.8175000e+02   3.6114123e+01
   2.8200000e+02   3.6107971e+01
   2.8225000e+02   3.6101837e+01
   2.8250000e+02   3.6095721e+01
   2.8275000e+02   3.6089623e+01
   2.8300000e+02   3.6083542e+01
   2.8325000e+02   3.6077479e+01
   2.8350000e+02   3.6071434e+01
   2.8375000e+02   3.6065406e+01
   2.8400000e+02   3.6059396e+01
   2.8425000e+02   3.6053404e+01
   2.8450000e+02   3.6047429e+01
   2.8475000e+02   3.6041471e+01
   2.8500000e+02   3.6035531e+01
   2.8525000e+02   3.6029607e+01
   2.8550000e+02   3.6023701e+01
   2.8575000e+02   3.6017813e+01
   2.8600000e+02   3.6011941e+01
   2.8625000e+02   3.6006087e+01
   2.8650000e+02   3.6000249e+01
   2.8675000e+02   3.5994429e+01
   2.8700000e+02   3.5988625e+01
   2.8725000e+02   3.5982839e+01
   2.8750000e+02   3.5977069e+01
   2.8775000e+02   3.5971316e+01
   2.8800000e+02   3.5965580e+01
   2.8825000e+02   3.5959860e+01
   2.8850000e+02   3.5954157e+01
   2.8875000e+02   3.5948471e+01
   2.8900000e+02   3.5942801e+01
   2.8925000e+02   3.5937148e+01
   2.8950000e+02   3.5931511e+01
   2.8975000e+02   3.5925890e+01
   2.9000000e+02   3.5920286e+01
   2.9025000e+02   3.5914698e+01
   2.9050000e+02   3.5909127e+01
   2.9075000e+02   3.5903572e+01
   2.9100000e+02   3.5898032e+01
   2.9125000e+02   3.5892509e+01
   2.9150000e+02   3.5887003e+01
   2.9175000e+02   3.5881512e+01
   2.9200000e+02   3.5876037e+01
   2.9225000e+02   3.5870578e+01
   2.9250000e+02   3.5865134e+01
   2.9275000e+02   3.5859707e+01
   2.9300000e+02   3.5854296e+01
   2.9325000e+02   3.5848900e+01
   2.9350000e+02   3.5843520e+01
   2.9375000e+02   3.5838155e+01
   2.9400000e+02   3.5832807e+01
   2.9425000e+02   3.5827473e+01
   2.9450000e+02   3.5822156e+01
   2.9475000e+02   3.5816854e+01
   2.9500000e+02   3.5811567e+01
   2.9525000e+02   3.5806295e+01
   2.9550000e+02   3.5801039e+01
   2.9575000e+02   3.5795798e+01
   2.9600000e+02   3.5790573e+01
   2.9625000e+02   3.5785363e+01
   2.9650000e+02   3.5780167e+01
   2.9675000e+02   3.5774987e+01
   2.9700000e+02   3.5769822e+01
   2.9725000e+02   3.5764672e+01
   2.9750000e+02   3.5759537e+01
   2.9775000e+02   3.5754417e+01
   2.9800000e+02   3.5749312e+01
   2.9825000e+02   3.5744222e+01
   2.9850000e+02   3.5739147e+01
   2.9875000e+02   3.5734086e+01
   2.9900000e+02   3.5729040e+01
   2.9925000e+02   3.5724009e+01
   2.9950000e+02   3.5718992e+01
   2.9975000e+02   3.5713990e+01
   3.0000000e+02   3.5709002e+01
   3.0025000e+02   3.5704029e+01
   3.0050000e+02   3.5699071e+01
   3.0075000e+02   3.5694127e+01
   3.0100000e+02   3.5689197e+01
   3.0125000e+02   3.5684282e+01
   3.0150000e+02   3.5679381e+01
   3.0175000e+02   3.5674494e+01
   3.0200000e+02   3.5669622e+01
   3.0225000e+02   3.5664763e+01
   3.0250000e+02   3.5659919e+01
   3.0275000e+02   3.5655089e+01
   3.0300000e+02   3.5650273e+01
   3.0325000e+02   3.5645471e+01
   3.0350000e+02   3.5640682e+01
   3.0375000e+02   3.5635908e+01
   3.0400000e+02   3.5631148e+01
   3.0425000e+02   3.5626402e+01
   3.0450000e+02   3.5621669e+01
   3.0475000e+02   3.5616950e+01
   3.0500000e+02   3.5612245e+01
   3.0525000e+02   3.5607554e+01
   3.0550000e+02   3.5602876e+01
   3.0575000e+02   3.5598212e+01
   3.0600000e+02   3.5593561e+01
   3.0625000e+02   3.5588924e+01
   3.0650000e+02   3.5584300e+01
   3.0675000e+02   3.5579690e+01
   3.0700000e+02   3.5575094e+01
   3.0725000e+02   3.5570510e+01
   3.0750000e+02   3.5565940e+01
   3.0775000e+02   3.5561384e+01
   3.0800000e+02   3.5556840e+01
   3.0825000e+02   3.5552310e+01
   3.0850000e+02   3.5547793e+01
   3.0875000e+02   3.5543289e+01
   3.0900000e+02   3.5538798e+01
   3.0925000e+02   3.5534321e+01
   3.0950000e+02   3.5529856e+01
   3.0975000e+02   3.5525404e+01
   3.1000000e+02   3.5520966e+01
   3.1025000e+02   3.5516540e+01
   3.1050000e+02   3.5512127e+01
   3.1075000e+02   3.5507727e+01
   3.1100000e+02   3.5503340e+01
   3.1125000e+02   3.5498965e+01
   3.1150000e+02   3.5494603e+01
   3.1175000e+02   3.5490254e+01
   3.1200000e+02   3.5485918e+01
   3.1225000e+02   3.5481594e+01
   3.1250000e+02   3.5477283e+01
   3.1275000e+02   3.5472984e+01
   3.1300000e+02   3.5468698e+01
   3.1325000e+02   3.5464424e+01
   3.1350000e+02   3.5460163e+01
   3.1375000e+02   3.5455914e+01
   3.1400000e+02   3.5451677e+01
   3.1425000e+02   3.5447453e+01
   3.1450000e+02   3.5443241e+01
   3.1475000e+02   3.5439042e+01
   3.1500000e+02   3.5434854e+01
   3.1525000e+02   3.5430679e+01
   3.1550000e+02   3.5426516e+01
   3.1575000e+02   3.5422365e+01
   3.1600000e+02   3.5418226e+01
   3.1625000e+02   3.5414099e+01
   3.1650000e+02   3.5409984e+01
   3.1675000e+02   3.5405881e+01
   3.1700000e+02   3.5401790e+01
   3.1725000e+02   3.5397711e+01
   3.1750000e+02   3.5393644e+01
   3.1775000e+02   3.5389589e+01
   3.1800000e+02   3.5385545e+01
   3.1825000e+02   3.5381514e+01
   3.1850000e+02   3.5377494e+01
   3.1875000e+02   3.5373485e+01
   3.1900000e+02   3.5369489e+01
   3.1925000e+02   3.5365504e+01
   3.1950000e+02   3.5361530e+01
   3.1975000e+02   3.5357568e+01
   3.2000000e+02   3.5353618e+01
   3.2025000e+02   3.5349679e+01
   3.2050000e+02   3.5345752e+01
   3.2075000e+02   3.5341836e+01
   3.2100000e+02   3.5337931e+01
   3.2125000e+02   3.5334038e+01
   3.2150000e+02   3.5330156e+01
   3.2175000e+02   3.5326286e+01
   3.2200000e+02   3.5322426e+01
   3.2225000e+02   3.5318578e+01
   3.2250000e+02   3.5314741e+01
   3.2275000e+02   3.5310916e+01
   3.2300000e+02   3.5307101e+01
   3.2325000e+02   3.5303297e+01
   3.2350000e+02   3.5299505e+01
   3.2375000e+02   3.5295724e+01
   3.2400000e+02   3.5291953e+01
   3.2425000e+02   3.5288194e+01
   3.2450000e+02   3.5284445e+01
   3.2475000e+02   3.5280708e+01
   3.2500000e+02   3.5276981e+01
   3.2525000e+02   3.5273265e+01
   3.2550000e+02   3.5269560e+01
   3.2575000e+02   3.5265866e+01
   3.2600000e+02   3.5262182e+01
   3.2625000e+02   3.5258510e+01
   3.2650000e+02   3.5254848e+01
   3.2675000e+02   3.5251196e+01
   3.2700000e+02   3.5247555e+01
   3.2725000e+02   3.5243925e+01
   3.2750000e+02   3.5240305e+01
   3.2775000e+02   3.5236696e+01
   3.2800000e+02   3.5233098e+01
   3.2825000e+02   3.5229510e+01
   3.2850000e+02   3.5225932e+01
   3.2875000e+02   3.5222365e+01
   3.2900000e+02   3.5218808e+01
   3.2925000e+02   3.5215261e+01
   3.2950000e+02   3.5211725e+01
   3.2975000e+02   3.5208199e+01
   3.3000000e+02   3.5204683e+01
   3.3025000e+02   3.5201178e+01
   3.3050000e+02   3.5197682e+01
   3.3075000e+02   3.5194197e+01
   3.3100000e+02   3.5190722e+01
   3.3125000e+02   3.5187258e+01
   3.3150000e+02   3.5183803e+01
   3.3175000e+02   3.5180358e+01
   3.3200000e+02   3.5176923e+01
   3.3225000e+02   3.5173499e+01
   3.3250000e+02   3.5170084e+01
   3.3275000e+02   3.5166679e+01
   3.3300000e+02   3.5163284e+01
   3.3325000e+02   3.5159899e+01
   3.3350000e+02   3.5156524e+01
   3.3375000e+02   3.5153159e+01
   3.3400000e+02   3.5149803e+01
   3.3425000e+02   3.5146457e+01
   3.3450000e+02   3.5143121e+01
   3.3475000e+02   3.5139795e+01
   3.3500000e+02   3.5136478e+01
   3.3525000e+02   3.5133171e+01
   3.3550000e+02   3.5129874e+01
   3.3575000e+02   3.5126586e+01
   3.3600000e+02   3.5123308e+01
   3.3625000e+02   3.5120039e+01
   3.3650000e+02   3.5116780e+01
   3.3675000e+02   3.5113531e+01
   3.3700000e+02   3.5110290e+01
   3.3725000e+02   3.5107059e+01
   3.3750000e+02   3.5103838e+01
   3.3775000e+02   3.5100626e+01
   3.3800000e+02   3.5097423e+01
   3.3825000e+02   3.5094230e+01
   3.3850000e+02   3.5091046e+01
   3.3875000e+02   3.5087871e+01
   3.3900000e+02   3.5084706e+01
   3.3925000e+02   3.5081549e+01
   3.3950000e+02   3.5078402e+01
   3.3975000e+02   3.5075264e+01
   3.4000000e+02   3.5072135e+01
   3.4025000e+02   3.5069015e+01
   3.4050000e+02   3.5065905e+01
   3.4075000e+02   3.5062803e+01
   3.4100000e+02   3.5059710e+01
   3.4125000e+02   3.5056627e+01
   3.4150000e+02   3.5053552e+01
   3.4175000e+02   3.5050487e+01
   3.4200000e+02   3.5047430e+01
   3.4225000e+02   3.5044382e+01
   3.4250000e+02   3.5041343e+01
   3.4275000e+02   3.5038313e+01
   3.4300000e+02   3.5035291e+01
   3.4325000e+02   3.5032279e+01
   3.4350000e+02   3.5029275e+01
   3.4375000e+02   3.5026280e+01
   3.4400000e+02   3.5023294e+01
   3.4425000e+02   3.5020316e+01
   3.4450000e+02   3.5017347e+01
   3.4475000e+02   3.5014387e+01
   3.4500000e+02   3.5011435e+01
   3.4525000e+02   3.5008492e+01
   3.4550000e+02   3.5005557e+01
   3.4575000e+02   3.5002631e+01
   3.4600000e+02   3.4999714e+01
   3.4625000e+02   3.4996805e+01
   3.4650000e+02   3.4993904e+01
   3.4675000e+02   3.4991012e+01
   3.4700000e+02   3.4988128e+01
   3.4725000e+02   3.4985253e+01
   3.4750000e+02   3.4982386e+01
   3.4775000e+02   3.4979527e+01
   3.4800000e+02   3.4976677e+01
   3.4825000e+02   3.4973835e+01
   3.4850000e+02   3.4971001e+01
   3.4875000e+02   3.4968176e+01
   3.4900000e+02   3.4965358e+01
   3.4925000e+02   3.4962549e+01
   3.4950000e+02   3.4959748e+01
   3.4975000e+02   3.4956956e+01
   3.5000000e+02   3.4954171e+01
   3.5025000e+02   3.4951395e+01
   3.5050000e+02   3.4948626e+01
   3.5075000e+02   3.4945866e+01
   3.5100000e+02   3.4943113e+01
   3.5125000e+02   3.4940369e+01
   3.5150000e+02   3.4937633e+01
   3.5175000e+02   3.4934904e+01
   3.5200000e+02   3.4932184e+01
   3.5225000e+02   3.4929471e+01
   3.5250000e+02   3.4926767e+01
   3.5275000e+02   3.4924070e+01
   3.5300000e+02   3.4921381e+01
   3.5325000e+02   3.4918700e+01
   3.5350000e+02   3.4916027e+01
   3.5375000e+02   3.4913361e+01
   3.5400000e+02   3.4910703e+01
   3.5425000e+02   3.4908053e+01
   3.5450000e+02   3.4905411e+01
   3.5475000e+02   3.4902776e+01
   3.5500000e+02   3.4900149e+01
   3.5525000e+02   3.4897530e+01
   3.5550000e+02   3.4894918e+01
   3.5575000e+02   3.4892314e+01
   3.5600000e+02   3.4889718e+01
   3.5625000e+02   3.4887129e+01
   3.5650000e+02   3.4884547e+01
   3.5675000e+02   3.4881974e+01
   3.5700000e+02   3.4879407e+01
   3.5725000e+02   3.4876848e+01
   3.5750000e+02   3.4874297e+01
   3.5775000e+02   3.4871753e+01
   3.5800000e+02   3.4869216e+01
   3.5825000e+02   3.4866687e+01
   3.5850000e+02   3.4864165e+01
   3.5875000e+02   3.4861650e+01
   3.5900000e+02   3.4859143e+01
   3.5925000e+02   3.4856643e+01
   3.5950000e+02   3.4854150e+01
   3.5975000e+02   3.4851665e+01
   3.6000000e+02   3.4849186e+01
   3.6025000e+02   3.4846715e+01
   3.6050000e+02   3.4844251e+01
   3.6075000e+02   3.4841795e+01
   3.6100000e+02   3.4839345e+01
   3.6125000e+02   3.4836903e+01
   3.6150000e+02   3.4834468e+01
   3.6175000e+02   3.4832039e+01
   3.6200000e+02   3.4829618e+01
   3.6225000e+02   3.4827204e+01
   3.6250000e+02   3.4824797e+01
   3.6275000e+02   3.4822397e+01
   3.6300000e+02   3.4820004e+01
   3.6325000e+02   3.4817618e+01
   3.6350000e+02   3.4815239e+01
   3.6375000e+02   3.4812867e+01
   3.6400000e+02   3.4810501e+01
   3.6425000e+02   3.4808143e+01
   3.6450000e+02   3.4805791e+01
   3.6475000e+02   3.4803446e+01
   3.6500000e+02   3.4801109e+01
   3.6525000e+02   3.4798777e+01
   3.6550000e+02   3.4796453e+01
   3.6575000e+02   3.4794135e+01
   3.6600000e+02   3.4791825e+01
   3.6625000e+02   3.4789521e+01
   3.6650000e+02   3.4787223e+01
   3.6675000e+02   3.4784932e+01
   3.6700000e+02   3.4782648e+01
   3.6725000e+02   3.4780371e+01
   3.6750000e+02   3.4778100e+01
   3.6775000e+02   3.4775836e+01
   3.6800000e+02   3.4773578e+01
   3.6825000e+02   3.4771327e+01
   3.6850000e+02   3.4769083e+01
   3.6875000e+02   3.4766845e+01
   3.6900000e+02   3.4764614e+01
   3.6925000e+02   3.4762389e+01
   3.6950000e+02   3.4760170e+01
   3.6975000e+02   3.4757958e+01
   3.7000000e+02   3.4755753e+01
   3.7025000e+02   3.4753554e+01
   3.7050000e+02   3.4751361e+01
   3.7075000e+02   3.4749174e+01
   3.7100000e+02   3.4746994e+01
   3.7125000e+02   3.4744821e+01
   3.7150000e+02   3.4742653e+01
   3.7175000e+02   3.4740492e+01
   3.7200000e+02   3.4738338e+01
   3.7225000e+02   3.4736189e+01
   3.7250000e+02   3.4734047e+01
   3.7275000e+02   3.4731911e+01
   3.7300000e+02   3.4729781e+01
   3.7325000e+02   3.4727658e+01
   3.7350000e+02   3.4725540e+01
   3.7375000e+02   3.4723429e+01
   3.7400000e+02   3.4721324e+01
   3.7425000e+02   3.4719225e+01
   3.7450000e+02   3.4717132e+01
   3.7475000e+02   3.4715045e+01
   3.7500000e+02   3.4712965e+01
   3.7525000e+02   3.4710890e+01
   3.7550000e+02   3.4708822e+01
   3.7575000e+02   3.4706759e+01
   3.7600000e+02   3.4704702e+01
   3.7625000e+02   3.4702652e+01
   3.7650000e+02   3.4700607e+01
   3.7675000e+02   3.4698568e+01
   3.7700000e+02   3.4696536e+01
   3.7725000e+02   3.4694509e+01
   3.7750000e+02   3.4692488e+01
   3.7775000e+02   3.4690473e+01
   3.7800000e+02   3.4688464e+01
   3.7825000e+02   3.4686460e+01
   3.7850000e+02   3.4684463e+01
   3.7875000e+02   3.4682471e+01
   3.7900000e+02   3.4680485e+01
   3.7925000e+02   3.4678505e+01
   3.7950000e+02   3.4676531e+01
   3.7975000e+02   3.4674562e+01
   3.8000000e+02   3.4672599e+01
   3.8025000e+02   3.4670642e+01
   3.8050000e+02   3.4668691e+01
   3.8075000e+02   3.4666745e+01
   3.8100000e+02   3.4664805e+01
   3.8125000e+02   3.4662870e+01
   3.8150000e+02   3.4660941e+01
   3.8175000e+02   3.4659018e+01
   3.8200000e+02   3.4657100e+01
   3.8225000e+02   3.4655188e+01
   3.8250000e+02   3.4653282e+01
   3.8275000e+02   3.4651381e+01
   3.8300000e+02   3.4649485e+01
   3.8325000e+02   3.4647596e+01
   3.8350000e+02   3.4645711e+01
   3.8375000e+02   3.4643832e+01
   3.8400000e+02   3.4641959e+01
   3.8425000e+02   3.4640091e+01
   3.8450000e+02   3.4638228e+01
   3.8475000e+02   3.4636371e+01
   3.8500000e+02   3.4634519e+01
   3.8525000e+02   3.4632673e+01
   3.8550000e+02   3.4630832e+01
   3.8575000e+02   3.4628996e+01
   3.8600000e+02   3.4627166e+01
   3.8625000e+02   3.4625341e+01
   3.8650000e+02   3.4623521e+01
   3.8675000e+02   3.4621707e+01
   3.8700000e+02   3.4619898e+01
   3.8725000e+02   3.4618094e+01
   3.8750000e+02   3.4616295e+01
   3.8775000e+02   3.4614502e+01
   3.8800000e+02   3.4612714e+01
   3.8825000e+02   3.4610931e+01
   3.8850000e+02   3.4609153e+01
   3.8875000e+02   3.4607381e+01
   3.8900000e+02   3.4605613e+01
   3.8925000e+02   3.4603851e+01
   3.8950000e+02   3.4602094e+01
   3.8975000e+02   3.4600342e+01
   3.9000000e+02   3.4598595e+01
   3.9025000e+02   3.4596853e+01
   3.9050000e+02   3.4595116e+01
   3.9075000e+02   3.4593385e+01
   3.9100000e+02   3.4591658e+01
   3.9125000e+02   3.4589936e+01
   3.9150000e+02   3.4588220e+01
   3.9175000e+02   3.4586508e+01
   3.9200000e+02   3.4584802e+01
   3.9225000e+02   3.4583100e+01
   3.9250000e+02   3.4581403e+01
   3.9275000e+02   3.4579711e+01
   3.9300000e+02   3.4578024e+01
   3.9325000e+02   3.4576342e+01
   3.9350000e+02   3.4574665e+01
   3.9375000e+02   3.4572993e+01
   3.9400000e+02   3.4571326e+01
   3.9425000e+02   3.4569663e+01
   3.9450000e+02   3.4568006e+01
   3.9475000e+02   3.4566353e+01
   3.9500000e+02   3.4564705e+01
   3.9525000e+02   3.4563062e+01
   3.9550000e+02   3.4561423e+01
   3.9575000e+02   3.4559790e+01
   3.9600000e+02   3.4558161e+01
   3.9625000e+02   3.4556536e+01
   3.9650000e+02   3.4554917e+01
   3.9675000e+02   3.4553302e+01
   3.9700000e+02   3.4551692e+01
   3.9725000e+02   3.4550087e+01
   3.9750000e+02   3.4548486e+01
   3.9775000e+02   3.4546890e+01
   3.9800000e+02   3.4545299e+01
   3.9825000e+02   3.4543712e+01
   3.9850000e+02   3.4542130e+01
   3.9875000e+02   3.4540552e+01
   3.9900000e+02   3.4538979e+01
   3.9925000e+02   3.4537411e+01
   3.9950000e+02   3.4535847e+01
   3.9975000e+02   3.4534288e+01
   4.0000000e+02   3.4532733e+01
   4.0025000e+02   3.4531183e+01
   4.0050000e+02   3.4529637e+01
   4.0075000e+02   3.4528096e+01
   4.0100000e+02   3.4526560e+01
   4.0125000e+02   3.4525027e+01
   4.0150000e+02   3.4523500e+01
   4.0175000e+02   3.4521976e+01
   4.0200000e+02   3.4520457e+01
   4.0225000e+02   3.4518943e+01
   4.0250000e+02   3.4517433e+01
   4.0275000e+02   3.4515927e+01
   4.0300000e+02   3.4514426e+01
   4.0325000e+02   3.4512929e+01
   4.0350000e+02   3.4511436e+01
   4.0375000e+02   3.4509948e+01
   4.0400000e+02   3.4508464e+01
   4.0425000e+02   3.4506985e+01
   4.0450000e+02   3.4505510e+01
   4.0475000e+02   3.4504039e+01
   4.0500000e+02   3.4502572e+01
   4.0525000e+02   3.4501109e+01
   4.0550000e+02   3.4499651e+01
   4.0575000e+02   3.4498197e+01
   4.0600000e+02   3.4496748e+01
   4.0625000e+02   3.4495302e+01
   4.0650000e+02   3.4493861e+01
   4.0675000e+02   3.4492424e+01
   4.0700000e+02   3.4490991e+01
   4.0725000e+02   3.4489562e+01
   4.0750000e+02   3.4488138e+01
   4.0775000e+02   3.4486717e+01
   4.0800000e+02   3.4485301e+01
   4.0825000e+02   3.4483889e+01
   4.0850000e+02   3.4482481e+01
   4.0875000e+02   3.4481077e+01
   4.0900000e+02   3.4479677e+01
   4.0925000e+02   3.4478281e+01
   4.0950000e+02   3.4476889e+01
   4.0975000e+02   3.4475502e+01
   4.1000000e+02   3.4474118e+01
   4.1025000e+02   3.4472739e+01
   4.1050000e+02   3.4471363e+01
   4.1075000e+02   3.4469991e+01
   4.1100000e+02   3.4468624e+01
   4.1125000e+02   3.4467260e+01
   4.1150000e+02   3.4465900e+01
   4.1175000e+02   3.4464545e+01
   4.1200000e+02   3.4463193e+01
   4.1225000e+02   3.4461845e+01
   4.1250000e+02   3.4460501e+01
   4.1275000e+02   3.4459161e+01
   4.1300000e+02   3.4457825e+01
   4.1325000e+02   3.4456493e+01
   4.1350000e+02   3.4455165e+01
   4.1375000e+02   3.4453840e+01
   4.1400000e+02   3.4452519e+01
   4.1425000e+02   3.4451203e+01
   4.1450000e+02   3.4449890e+01
   4.1475000e+02   3.4448581e+01
   4.1500000e+02   3.4447275e+01
   4.1525000e+02   3.4445974e+01
   4.1550000e+02   3.4444676e+01
   4.1575000e+02   3.4443382e+01
   4.1600000e+02   3.4442092e+01
   4.1625000e+02   3.4440806e+01
   4.1650000e+02   3.4439523e+01
   4.1675000e+02   3.4438244e+01
   4.1700000e+02   3.4436969e+01
   4.1725000e+02   3.4435697e+01
   4.1750000e+02   3.4434429e+01
   4.1775000e+02   3.4433165e+01
   4.1800000e+02   3.4431905e+01
   4.1825000e+02   3.4430648e+01
   4.1850000e+02   3.4429395e+01
   4.1875000e+02   3.4428145e+01
   4.1900000e+02   3.4426899e+01
   4.1925000e+02   3.4425657e+01
   4.1950000e+02   3.4424419e+01
   4.1975000e+02   3.4423184e+01
   4.2000000e+02   3.4421952e+01
   4.2025000e+02   3.4420724e+01
   4.2050000e+02   3.4419500e+01
   4.2075000e+02   3.4418279e+01
   4.2100000e+02   3.4417062e+01
   4.2125000e+02   3.4415849e+01
   4.2150000e+02   3.4414639e+01
   4.2175000e+02   3.4413432e+01
   4.2200000e+02   3.4412229e+01
   4.2225000e+02   3.4411030e+01
   4.2250000e+02   3.4409834e+01
   4.2275000e+02   3.4408641e+01
   4.2300000e+02   3.4407452e+01
   4.2325000e+02   3.4406266e+01
   4.2350000e+02   3.4405084e+01
   4.2375000e+02   3.4403905e+01
   4.2400000e+02   3.4402730e+01
   4.2425000e+02   3.4401558e+01
   4.2450000e+02   3.4400390e+01
   4.2475000e+02   3.4399225e+01
   4.2500000e+02   3.4398063e+01
   4.2525000e+02   3.4396905e+01
   4.2550000e+02   3.4395750e+01
   4.2575000e+02   3.4394598e+01
   4.2600000e+02   3.4393450e+01
   4.2625000e+02   3.4392305e+01
   4.2650000e+02   3.4391163e+01
   4.2675000e+02   3.4390025e+01
   4.2700000e+02   3.4388890e+01
   4.2725000e+02   3.4387759e+01
   4.2750000e+02   3.4386630e+01
   4.2775000e+02   3.4385505e+01
   4.2800000e+02   3.4384383e+01
   4.2825000e+02   3.4383265e+01
   4.2850000e+02   3.4382150e+01
   4.2875000e+02   3.4381038e+01
   4.2900000e+02   3.4379929e+01
   4.2925000e+02   3.4378823e+01
   4.2950000e+02   3.4377721e+01
   4.2975000e+02   3.4376622e+01
   4.3000000e+02   3.4375526e+01
   4.3025000e+02   3.4374433e+01
   4.3050000e+02   3.4373344e+01
   4.3075000e+02   3.4372257e+01
   4.3100000e+02   3.4371174e+01
   4.3125000e+02   3.4370094e+01
   4.3150000e+02   3.4369017e+01
   4.3175000e+02   3.4367943e+01
   4.3200000e+02   3.4366873e+01
   4.3225000e+02   3.4365805e+01
   4.3250000e+02   3.4364741e+01
   4.3275000e+02   3.4363679e+01
   4.3300000e+02   3.4362621e+01
   4.3325000e+02   3.4361566e+01
   4.3350000e+02   3.4360514e+01
   4.3375000e+02   3.4359465e+01
   4.3400000e+02   3.4358419e+01
   4.3425000e+02   3.4357376e+01
   4.3450000e+02   3.4356336e+01
   4.3475000e+02   3.4355299e+01
   4.3500000e+02   3.4354265e+01
   4.3525000e+02   3.4353234e+01
   4.3550000e+02   3.4352206e+01
   4.3575000e+02   3.4351181e+01
   4.3600000e+02   3.4350160e+01
   4.3625000e+02   3.4349141e+01
   4.3650000e+02   3.4348125e+01
   4.3675000e+02   3.4347112e+01
   4.3700000e+02   3.4346102e+01
   4.3725000e+02   3.4345095e+01
   4.3750000e+02   3.4344090e+01
   4.3775000e+02   3.4343089e+01
   4.3800000e+02   3.4342091e+01
   4.3825000e+02   3.4341095e+01
   4.3850000e+02   3.4340103e+01
   4.3875000e+02   3.4339113e+01
   4.3900000e+02   3.4338126e+01
   4.3925000e+02   3.4337142e+01
   4.3950000e+02   3.4336161e+01
   4.3975000e+02   3.4335183e+01
   4.4000000e+02   3.4334208e+01
   4.4025000e+02   3.4333235e+01
   4.4050000e+02   3.4332266e+01
   4.4075000e+02   3.4331299e+01
   4.4100000e+02   3.4330335e+01
   4.4125000e+02   3.4329374e+01
   4.4150000e+02   3.4328415e+01
   4.4175000e+02   3.4327460e+01
   4.4200000e+02   3.4326507e+01
   4.4225000e+02   3.4325557e+01
   4.4250000e+02   3.4324609e+01
   4.4275000e+02   3.4323665e+01
   4.4300000e+02   3.4322723e+01
   4.4325000e+02   3.4321784e+01
   4.4350000e+02   3.4320847e+01
   4.4375000e+02   3.4319914e+01
   4.4400000e+02   3.4318983e+01
   4.4425000e+02   3.4318055e+01
   4.4450000e+02   3.4317129e+01
   4.4475000e+02   3.4316206e+01
   4.4500000e+02   3.4315286e+01
   4.4525000e+02   3.4314369e+01
   4.4550000e+02   3.4313454e+01
   4.4575000e+02   3.4312542e+01
   4.4600000e+02   3.4311633e+01
   4.4625000e+02   3.4310726e+01
   4.4650000e+02   3.4309822e+01
   4.4675000e+02   3.4308920e+01
   4.4700000e+02   3.4308021e+01
   4.4725000e+02   3.4307125e+01
   4.4750000e+02   3.4306231e+01
   4.4775000e+02   3.4305340e+01
   4.4800000e+02   3.4304451e+01
   4.4825000e+02   3.4303566e+01
   4.4850000e+02   3.4302682e+01
   4.4875000e+02   3.4301801e+01
   4.4900000e+02   3.4300923e+01
   4.4925000e+02   3.4300048e+01
   4.4950000e+02   3.4299175e+01
   4.4975000e+02   3.4298304e+01
   4.5000000e+02   3.4297436e+01
   4.5025000e+02   3.4296570e+01
   4.5050000e+02   3.4295707e+01
   4.5075000e+02   3.4294847e+01
   4.5100000e+02   3.4293989e+01
   4.5125000e+02   3.4293134e+01
   4.5150000e+02   3.4292281e+01
   4.5175000e+02   3.4291430e+01
   4.5200000e+02   3.4290582e+01
   4.5225000e+02   3.4289736e+01
   4.5250000e+02   3.4288893e+01
   4.5275000e+02   3.4288053e+01
   4.5300000e+02   3.4287215e+01
   4.5325000e+02   3.4286379e+01
   4.5350000e+02   3.4285545e+01
   4.5375000e+02   3.4284715e+01
   4.5400000e+02   3.4283886e+01
   4.5425000e+02   3.4283060e+01
   4.5450000e+02   3.4282236e+01
   4.5475000e+02   3.4281415e+01
   4.5500000e+02   3.4280596e+01
   4.5525000e+02   3.4279780e+01
   4.5550000e+02   3.4278966e+01
   4.5575000e+02   3.4278154e+01
   4.5600000e+02   3.4277344e+01
   4.5625000e+02   3.4276537e+01
   4.5650000e+02   3.4275733e+01
   4.5675000e+02   3.4274930e+01
   4.5700000e+02   3.4274130e+01
   4.5725000e+02   3.4273333e+01
   4.5750000e+02   3.4272537e+01
   4.5775000e+02   3.4271744e+01
   4.5800000e+02   3.4270954e+01
   4.5825000e+02   3.4270165e+01
   4.5850000e+02   3.4269379e+01
   4.5875000e+02   3.4268595e+01
   4.5900000e+02   3.4267814e+01
   4.5925000e+02   3.4267034e+01
   4.5950000e+02   3.4266257e+01
   4.5975000e+02   3.4265482e+01
   4.6000000e+02   3.4264710e+01
   4.6025000e+02   3.4263940e+01
   4.6050000e+02   3.4263172e+01
   4.6075000e+02   3.4262406e+01
   4.6100000e+02   3.4261642e+01
   4.6125000e+02   3.4260881e+01
   4.6150000e+02   3.4260122e+01
   4.6175000e+02   3.4259365e+01
   4.6200000e+02   3.4258610e+01
   4.6225000e+02   3.4257858e+01
   4.6250000e+02   3.4257107e+01
   4.6275000e+02   3.4256359e+01
   4.6300000e+02   3.4255613e+01
   4.6325000e+02   3.4254869e+01
   4.6350000e+02   3.4254128e+01
   4.6375000e+02   3.4253388e+01
   4.6400000e+02   3.4252651e+01
   4.6425000e+02   3.4251916e+01
   4.6450000e+02   3.4251183e+01
   4.6475000e+02   3.4250452e+01
   4.6500000e+02   3.4249723e+01
   4.6525000e+02   3.4248996e+01
   4.6550000e+02   3.4248272e+01
   4.6575000e+02   3.4247549e+01
   4.6600000e+02   3.4246829e+01
   4.6625000e+02   3.4246111e+01
   4.6650000e+02   3.4245395e+01
   4.6675000e+02   3.4244681e+01
   4.6700000e+02   3.4243969e+01
   4.6725000e+02   3.4243259e+01
   4.6750000e+02   3.4242551e+01
   4.6775000e+02   3.4241845e+01
   4.6800000e+02   3.4241141e+01
   4.6825000e+02   3.4240440e+01
   4.6850000e+02   3.4239740e+01
   4.6875000e+02   3.4239042e+01
   4.6900000e+02   3.4238347e+01
   4.6925000e+02   3.4237653e+01
   4.6950000e+02   3.4236962e+01
   4.6975000e+02   3.4236272e+01
   4.7000000e+02   3.4235585e+01
   4.7025000e+02   3.4234899e+01
   4.7050000e+02   3.4234216e+01
   4.7075000e+02   3.4233534e+01
   4.7100000e+02   3.4232854e+01
   4.7125000e+02   3.4232177e+01
   4.7150000e+02   3.4231501e+01
   4.7175000e+02   3.4230828e+01
   4.7200000e+02   3.4230156e+01
   4.7225000e+02   3.4229486e+01
   4.7250000e+02   3.4228818e+01
   4.7275000e+02   3.4228153e+01
   4.7300000e+02   3.4227489e+01
   4.7325000e+02   3.4226827e+01
   4.7350000e+02   3.4226167e+01
   4.7375000e+02   3.4225509e+01
   4.7400000e+02   3.4224852e+01
   4.7425000e+02   3.4224198e+01
   4.7450000e+02   3.4223546e+01
   4.7475000e+02   3.4222895e+01
   4.7500000e+02   3.4222247e+01
   4.7525000e+02   3.4221600e+01
   4.7550000e+02   3.4220955e+01
   4.7575000e+02   3.4220312e+01
   4.7600000e+02   3.4219671e+01
   4.7625000e+02   3.4219032e+01
   4.7650000e+02   3.4218395e+01
   4.7675000e+02   3.4217759e+01
   4.7700000e+02   3.4217125e+01
   4.7725000e+02   3.4216494e+01
   4.7750000e+02   3.4215864e+01
   4.7775000e+02   3.4215235e+01
   4.7800000e+02   3.4214609e+01
   4.7825000e+02   3.4213985e+01
   4.7850000e+02   3.4213362e+01
   4.7875000e+02   3.4212741e+01
   4.7900000e+02   3.4212122e+01
   4.7925000e+02   3.4211505e+01
   4.7950000e+02   3.4210889e+01
   4.7975000e+02   3.4210276e+01
   4.8000000e+02   3.4209664e+01
   4.8025000e+02   3.4209054e+01
   4.8050000e+02   3.4208445e+01
   4.8075000e+02   3.4207839e+01
   4.8100000e+02   3.4207234e+01
   4.8125000e+02   3.4206631e+01
   4.8150000e+02   3.4206030e+01
   4.8175000e+02   3.4205430e+01
   4.8200000e+02   3.4204833e+01
   4.8225000e+02   3.4204236e+01
   4.8250000e+02   3.4203642e+01
   4.8275000e+02   3.4203050e+01
   4.8300000e+02   3.4202459e+01
   4.8325000e+02   3.4201870e+01
   4.8350000e+02   3.4201282e+01
   4.8375000e+02   3.4200697e+01
   4.8400000e+02   3.4200113e+01
   4.8425000e+02   3.4199530e+01
   4.8450000e+02   3.4198950e+01
   4.8475000e+02   3.4198371e+01
   4.8500000e+02   3.4197793e+01
   4.8525000e+02   3.4197218e+01
   4.8550000e+02   3.4196644e+01
   4.8575000e+02   3.4196072e+01
   4.8600000e+02   3.4195501e+01
   4.8625000e+02   3.4194932e+01
   4.8650000e+02   3.4194365e+01
   4.8675000e+02   3.4193800e+01
   4.8700000e+02   3.4193236e+01
   4.8725000e+02   3.4192673e+01
   4.8750000e+02   3.4192113e+01
   4.8775000e+02   3.4191554e+01
   4.8800000e+02   3.4190996e+01
   4.8825000e+02   3.4190441e+01
   4.8850000e+02   3.4189886e+01
   4.8875000e+02   3.4189334e+01
   4.8900000e+02   3.4188783e+01
   4.8925000e+02   3.4188234e+01
   4.8950000e+02   3.4187686e+01
   4.8975000e+02   3.4187140e+01
   4.9000000e+02   3.4186595e+01
   4.9025000e+02   3.4186052e+01
   4.9050000e+02   3.4185511e+01
   4.9075000e+02   3.4184971e+01
   4.9100000e+02   3.4184433e+01
   4.9125000e+02   3.4183896e+01
   4.9150000e+02   3.4183361e+01
   4.9175000e+02   3.4182827e+01
   4.9200000e+02   3.4182295e+01
   4.9225000e+02   3.4181765e+01
   4.9250000e+02   3.4181236e+01
   4.9275000e+02   3.4180709e+01
   4.9300000e+02   3.4180183e+01
   4.9325000e+02   3.4179658e+01
   4.9350000e+02   3.4179136e+01
   4.9375000e+02   3.4178614e+01
   4.9400000e+02   3.4178095e+01
   4.9425000e+02   3.4177576e+01
   4.9450000e+02   3.4177060e+01
   4.9475000e+02   3.4176545e+01
   4.9500000e+02   3.4176031e+01
   4.9525000e+02   3.4175519e+01
   4.9550000e+02   3.4175008e+01
   4.9575000e+02   3.4174499e+01
   4.9600000e+02   3.4173991e+01
   4.9625000e+02   3.4173485e+01
   4.9650000e+02   3.4172980e+01
   4.9675000e+02   3.4172476e+01
   4.9700000e+02   3.4171974e+01
   4.9725000e+02   3.4171474e+01
   4.9750000e+02   3.4170975e+01
   4.9775000e+02   3.4170478e+01
   4.9800000e+02   3.4169982e+01
   4.9825000e+02   3.4169487e+01
   4.9850000e+02   3.4168994e+01
   4.9875000e+02   3.4168502e+01
   4.9900000e+02   3.4168012e+01
   4.9925000e+02   3.4167523e+01
   4.9950000e+02   3.4167035e+01
   4.9975000e+02   3.4166549e+01
   5.0000000e+02   3.4166065e+01
   5.0025000e+02   3.4165581e+01
   5.0050000e+02   3.4165100e+01
   5.0075000e+02   3.4164619e+01
   5.0100000e+02   3.4164140e+01
   5.0125000e+02   3.4163662e+01
   5.0150000e+02   3.4163186e+01
   5.0175000e+02   3.4162711e+01
   5.0200000e+02   3.4162238e+01
   5.0225000e+02   3.4161766e+01
   5.0250000e+02   3.4161295e+01
   5.0275000e+02   3.4160826e+01
   5.0300000e+02   3.4160358e+01
   5.0325000e+02   3.4159891e+01
   5.0350000e+02   3.4159426e+01
   5.0375000e+02   3.4158962e+01
   5.0400000e+02   3.4158499e+01
   5.0425000e+02   3.4158038e+01
   5.0450000e+02   3.4157578e+01
   5.0475000e+02   3.4157120e+01
   5.0500000e+02   3.4156663e+01
   5.0525000e+02   3.4156207e+01
   5.0550000e+02   3.4155752e+01
   5.0575000e+02   3.4155299e+01
   5.0600000e+02   3.4154847e+01
   5.0625000e+02   3.4154397e+01
   5.0650000e+02   3.4153947e+01
   5.0675000e+02   3.4153499e+01
   5.0700000e+02   3.4153053e+01
   5.0725000e+02   3.4152607e+01
   5.0750000e+02   3.4152163e+01
   5.0775000e+02   3.4151720e+01
   5.0800000e+02   3.4151279e+01
   5.0825000e+02   3.4150839e+01
   5.0850000e+02   3.4150400e+01
   5.0875000e+02   3.4149962e+01
   5.0900000e+02   3.4149526e+01
   5.0925000e+02   3.4149091e+01
   5.0950000e+02   3.4148657e+01
   5.0975000e+02   3.4148224e+01
   5.1000000e+02   3.4147793e+01
   5.1025000e+02   3.4147363e+01
   5.1050000e+02   3.4146934e+01
   5.1075000e+02   3.4146507e+01
   5.1100000e+02   3.4146080e+01
   5.1125000e+02   3.4145655e+01
   5.1150000e+02   3.4145231e+01
   5.1175000e+02   3.4144809e+01
   5.1200000e+02   3.4144387e+01
   5.1225000e+02   3.4143967e+01
   5.1250000e+02   3.4143548e+01
   5.1275000e+02   3.4143131e+01
   5.1300000e+02   3.4142714e+01
   5.1325000e+02   3.4142299e+01
   5.1350000e+02   3.4141885e+01
   5.1375000e+02   3.4141472e+01
   5.1400000e+02   3.4141060e+01
   5.1425000e+02   3.4140650e+01
   5.1450000e+02   3.4140240e+01
   5.1475000e+02   3.4139832e+01
   5.1500000e+02   3.4139425e+01
   5.1525000e+02   3.4139020e+01
   5.1550000e+02   3.4138615e+01
   5.1575000e+02   3.4138212e+01
   5.1600000e+02   3.4137810e+01
   5.1625000e+02   3.4137409e+01
   5.1650000e+02   3.4137009e+01
   5.1675000e+02   3.4136610e+01
   5.1700000e+02   3.4136213e+01
   5.1725000e+02   3.4135816e+01
   5.1750000e+02   3.4135421e+01
   5.1775000e+02   3.4135027e+01
   5.1800000e+02   3.4134634e+01
   5.1825000e+02   3.4134242e+01
   5.1850000e+02   3.4133852e+01
   5.1875000e+02   3.4133462e+01
   5.1900000e+02   3.4133074e+01
   5.1925000e+02   3.4132687e+01
   5.1950000e+02   3.4132301e+01
   5.1975000e+02   3.4131916e+01
   5.2000000e+02   3.4131532e+01
   5.2025000e+02   3.4131149e+01
   5.2050000e+02   3.4130767e+01
   5.2075000e+02   3.4130387e+01
   5.2100000e+02   3.4130007e+01
   5.2125000e+02   3.4129629e+01
   5.2150000e+02   3.4129252e+01
   5.2175000e+02   3.4128876e+01
   5.2200000e+02   3.4128501e+01
   5.2225000e+02   3.4128127e+01
   5.2250000e+02   3.4127754e+01
   5.2275000e+02   3.4127382e+01
   5.2300000e+02   3.4127012e+01
   5.2325000e+02   3.4126642e+01
   5.2350000e+02   3.4126274e+01
   5.2375000e+02   3.4125906e+01
   5.2400000e+02   3.4125540e+01
   5.2425000e+02   3.4125174e+01
   5.2450000e+02   3.4124810e+01
   5.2475000e+02   3.4124447e+01
   5.2500000e+02   3.4124085e+01
   5.2525000e+02   3.4123724e+01
   5.2550000e+02   3.4123364e+01
   5.2575000e+02   3.4123005e+01
   5.2600000e+02   3.4122647e+01
   5.2625000e+02   3.4122290e+01
   5.2650000e+02   3.4121934e+01
   5.2675000e+02   3.4121579e+01
   5.2700000e+02   3.4121226e+01
   5.2725000e+02   3.4120873e+01
   5.2750000e+02   3.4120521e+01
   5.2775000e+02   3.4120170e+01
   5.2800000e+02   3.4119821e+01
   5.2825000e+02   3.4119472e+01
   5.2850000e+02   3.4119124e+01
   5.2875000e+02   3.4118778e+01
   5.2900000e+02   3.4118432e+01
   5.2925000e+02   3.4118087e+01
   5.2950000e+02   3.4117744e+01
   5.2975000e+02   3.4117401e+01
   5.3000000e+02   3.4117060e+01
   5.3025000e+02   3.4116719e+01
   5.3050000e+02   3.4116379e+01
   5.3075000e+02   3.4116041e+01
   5.3100000e+02   3.4115703e+01
   5.3125000e+02   3.4115366e+01
   5.3150000e+02   3.4115031e+01
   5.3175000e+02   3.4114696e+01
   5.3200000e+02   3.4114362e+01
   5.3225000e+02   3.4114029e+01
   5.3250000e+02   3.4113698e+01
   5.3275000e+02   3.4113367e+01
   5.3300000e+02   3.4113037e+01
   5.3325000e+02   3.4112708e+01
   5.3350000e+02   3.4112380e+01
   5.3375000e+02   3.4112053e+01
   5.3400000e+02   3.4111727e+01
   5.3425000e+02   3.4111402e+01
   5.3450000e+02   3.4111078e+01
   5.3475000e+02   3.4110754e+01
   5.3500000e+02   3.4110432e+01
   5.3525000e+02   3.4110111e+01
   5.3550000e+02   3.4109790e+01
   5.3575000e+02   3.4109471e+01
   5.3600000e+02   3.4109152e+01
   5.3625000e+02   3.4108835e+01
   5.3650000e+02   3.4108518e+01
   5.3675000e+02   3.4108202e+01
   5.3700000e+02   3.4107887e+01
   5.3725000e+02   3.4107573e+01
   5.3750000e+02   3.4107260e+01
   5.3775000e+02   3.4106948e+01
   5.3800000e+02   3.4106637e+01
   5.3825000e+02   3.4106327e+01
   5.3850000e+02   3.4106017e+01
   5.3875000e+02   3.4105709e+01
   5.3900000e+02   3.4105401e+01
   5.3925000e+02   3.4105095e+01
   5.3950000e+02   3.4104789e+01
   5.3975000e+02   3.4104484e+01
   5.4000000e+02   3.4104180e+01
   5.4025000e+02   3.4103877e+01
   5.4050000e+02   3.4103574e+01
   5.4075000e+02   3.4103273e+01
   5.4100000e+02   3.4102973e+01
   5.4125000e+02   3.4102673e+01
   5.4150000e+02   3.4102374e+01
   5.4175000e+02   3.4102076e+01
   5.4200000e+02   3.4101779e+01
   5.4225000e+02   3.4101483e+01
   5.4250000e+02   3.4101188e+01
   5.4275000e+02   3.4100893e+01
   5.4300000e+02   3.4100600e+01
   5.4325000e+02   3.4100307e+01
   5.4350000e+02   3.4100015e+01
   5.4375000e+02   3.4099724e+01
   5.4400000e+02   3.4099434e+01
   5.4425000e+02   3.4099145e+01
   5.4450000e+02   3.4098856e+01
   5.4475000e+02   3.4098568e+01
   5.4500000e+02   3.4098282e+01
   5.4525000e+02   3.4097996e+01
   5.4550000e+02   3.4097710e+01
   5.4575000e+02   3.4097426e+01
   5.4600000e+02   3.4097143e+01
   5.4625000e+02   3.4096860e+01
   5.4650000e+02   3.4096578e+01
   5.4675000e+02   3.4096297e+01
   5.4700000e+02   3.4096017e+01
   5.4725000e+02   3.4095737e+01
   5.4750000e+02   3.4095459e+01
   5.4775000e+02   3.4095181e+01
   5.4800000e+02   3.4094904e+01
   5.4825000e+02   3.4094628e+01
   5.4850000e+02   3.4094353e+01
   5.4875000e+02   3.4094078e+01
   5.4900000e+02   3.4093804e+01
   5.4925000e+02   3.4093531e+01
   5.4950000e+02   3.4093259e+01
   5.4975000e+02   3.4092988e+01
   5.5000000e+02   3.4092717e+01
   5.5025000e+02   3.4092447e+01
   5.5050000e+02   3.4092178e+01
   5.5075000e+02   3.4091910e+01
   5.5100000e+02   3.4091643e+01
   5.5125000e+02   3.4091376e+01
   5.5150000e+02   3.4091110e+01
   5.5175000e+02   3.4090845e+01
   5.5200000e+02   3.4090581e+01
   5.5225000e+02   3.4090317e+01
   5.5250000e+02   3.4090054e+01
   5.5275000e+02   3.4089792e+01
   5.5300000e+02   3.4089531e+01
   5.5325000e+02   3.4089271e+01
   5.5350000e+02   3.4089011e+01
   5.5375000e+02   3.4088752e+01
   5.5400000e+02   3.4088493e+01
   5.5425000e+02   3.4088236e+01
   5.5450000e+02   3.4087979e+01
   5.5475000e+02   3.4087723e+01
   5.5500000e+02   3.4087468e+01
   5.5525000e+02   3.4087213e+01
   5.5550000e+02   3.4086960e+01
   5.5575000e+02   3.4086707e+01
   5.5600000e+02   3.4086454e+01
   5.5625000e+02   3.4086203e+01
   5.5650000e+02   3.4085952e+01
   5.5675000e+02   3.4085702e+01
   5.5700000e+02   3.4085452e+01
   5.5725000e+02   3.4085204e+01
   5.5750000e+02   3.4084956e+01
   5.5775000e+02   3.4084709e+01
   5.5800000e+02   3.4084462e+01
   5.5825000e+02   3.4084216e+01
   5.5850000e+02   3.4083971e+01
   5.5875000e+02   3.4083727e+01
   5.5900000e+02   3.4083483e+01
   5.5925000e+02   3.4083240e+01
   5.5950000e+02   3.4082998e+01
   5.5975000e+02   3.4082757e+01
   5.6000000e+02   3.4082516e+01
   5.6025000e+02   3.4082276e+01
   5.6050000e+02   3.4082036e+01
   5.6075000e+02   3.4081798e+01
   5.6100000e+02   3.4081560e+01
   5.6125000e+02   3.4081322e+01
   5.6150000e+02   3.4081086e+01
   5.6175000e+02   3.4080850e+01
   5.6200000e+02   3.4080614e+01
   5.6225000e+02   3.4080380e+01
   5.6250000e+02   3.4080146e+01
   5.6275000e+02   3.4079913e+01
   5.6300000e+02   3.4079680e+01
   5.6325000e+02   3.4079448e+01
   5.6350000e+02   3.4079217e+01
   5.6375000e+02   3.4078987e+01
   5.6400000e+02   3.4078757e+01
   5.6425000e+02   3.4078528e+01
   5.6450000e+02   3.4078299e+01
   5.6475000e+02   3.4078071e+01
   5.6500000e+02   3.4077844e+01
   5.6525000e+02   3.4077618e+01
   5.6550000e+02   3.4077392e+01
   5.6575000e+02   3.4077167e+01
   5.6600000e+02   3.4076942e+01
   5.6625000e+02   3.4076718e+01
   5.6650000e+02   3.4076495e+01
   5.6675000e+02   3.4076272e+01
   5.6700000e+02   3.4076050e+01
   5.6725000e+02   3.4075829e+01
   5.6750000e+02   3.4075608e+01
   5.6775000e+02   3.4075388e+01
   5.6800000e+02   3.4075169e+01
   5.6825000e+02   3.4074950e+01
   5.6850000e+02   3.4074732e+01
   5.6875000e+02   3.4074515e+01
   5.6900000e+02   3.4074298e+01
   5.6925000e+02   3.4074082e+01
   5.6950000e+02   3.4073866e+01
   5.6975000e+02   3.4073651e+01
   5.7000000e+02   3.4073437e+01
   5.7025000e+02   3.4073223e+01
   5.7050000e+02   3.4073010e+01
   5.7075000e+02   3.4072798e+01
   5.7100000e+02   3.4072586e+01
   5.7125000e+02   3.4072375e+01
   5.7150000e+02   3.4072164e+01
   5.7175000e+02   3.4071954e+01
   5.7200000e+02   3.4071745e+01
   5.7225000e+02   3.4071536e+01
   5.7250000e+02   3.4071328e+01
   5.7275000e+02   3.4071120e+01
   5.7300000e+02   3.4070913e+01
   5.7325000e+02   3.4070707e+01
   5.7350000e+02   3.4070501e+01
   5.7375000e+02   3.4070296e+01
   5.7400000e+02   3.4070091e+01
   5.7425000e+02   3.4069887e+01
   5.7450000e+02   3.4069684e+01
   5.7475000e+02   3.4069481e+01
   5.7500000e+02   3.4069279e+01
   5.7525000e+02   3.4069078e+01
   5.7550000e+02   3.4068877e+01
   5.7575000e+02   3.4068676e+01
   5.7600000e+02   3.4068476e+01
   5.7625000e+02   3.4068277e+01
   5.7650000e+02   3.4068078e+01
   5.7675000e+02   3.4067880e+01
   5.7700000e+02   3.4067683e+01
   5.7725000e+02   3.4067486e+01
   5.7750000e+02   3.4067289e+01
   5.7775000e+02   3.4067094e+01
   5.7800000e+02   3.4066898e+01
   5.7825000e+02   3.4066704e+01
   5.7850000e+02   3.4066510e+01
   5.7875000e+02   3.4066316e+01
   5.7900000e+02   3.4066123e+01
   5.7925000e+02   3.4065931e+01
   5.7950000e+02   3.4065739e+01
   5.7975000e+02   3.4065548e+01
   5.8000000e+02   3.4065357e+01
   5.8025000e+02   3.4065167e+01
   5.8050000e+02   3.4064977e+01
   5.8075000e+02   3.4064788e+01
   5.8100000e+02   3.4064599e+01
   5.8125000e+02   3.4064411e+01
   5.8150000e+02   3.4064224e+01
   5.8175000e+02   3.4064037e+01
   5.8200000e+02   3.4063851e+01
   5.8225000e+02   3.4063665e+01
   5.8250000e+02   3.4063480e+01
   5.8275000e+02   3.4063295e+01
   5.8300000e+02   3.4063111e+01
   5.8325000e+02   3.4062927e+01
   5.8350000e+02   3.4062744e+01
   5.8375000e+02   3.4062561e+01
   5.8400000e+02   3.4062379e+01
   5.8425000e+02   3.4062198e+01
   5.8450000e+02   3.4062017e+01
   5.8475000e+02   3.4061836e+01
   5.8500000e+02   3.4061657e+01
   5.8525000e+02   3.4061477e+01
   5.8550000e+02   3.4061298e+01
   5.8575000e+02   3.4061120e+01
   5.8600000e+02   3.4060942e+01
   5.8625000e+02   3.4060765e+01
   5.8650000e+02   3.4060588e+01
   5.8675000e+02   3.4060412e+01
   5.8700000e+02   3.4060236e+01
   5.8725000e+02   3.4060060e+01
   5.8750000e+02   3.4059886e+01
   5.8775000e+02   3.4059711e+01
   5.8800000e+02   3.4059538e+01
   5.8825000e+02   3.4059364e+01
   5.8850000e+02   3.4059192e+01
   5.8875000e+02   3.4059019e+01
   5.8900000e+02   3.4058848e+01
   5.8925000e+02   3.4058677e+01
   5.8950000e+02   3.4058506e+01
   5.8975000e+02   3.4058336e+01
   5.9000000e+02   3.4058166e+01
   5.9025000e+02   3.4057997e+01
   5.9050000e+02   3.4057828e+01
   5.9075000e+02   3.4057659e+01
   5.9100000e+02   3.4057492e+01
   5.9125000e+02   3.4057324e+01
   5.9150000e+02   3.4057158e+01
   5.9175000e+02   3.4056991e+01
   5.9200000e+02   3.4056825e+01
   5.9225000e+02   3.4056660e+01
   5.9250000e+02   3.4056495e+01
   5.9275000e+02   3.4056331e+01
   5.9300000e+02   3.4056167e+01
   5.9325000e+02   3.4056003e+01
   5.9350000e+02   3.4055841e+01
   5.9375000e+02   3.4055678e+01
   5.9400000e+02   3.4055516e+01
   5.9425000e+02   3.4055354e+01
   5.9450000e+02   3.4055193e+01
   5.9475000e+02   3.4055033e+01
   5.9500000e+02   3.4054873e+01
   5.9525000e+02   3.4054713e+01
   5.9550000e+02   3.4054554e+01
   5.9575000e+02   3.4054395e+01
   5.9600000e+02   3.4054237e+01
   5.9625000e+02   3.4054079e+01
   5.9650000e+02   3.4053922e+01
   5.9675000e+02   3.4053765e+01
   5.9700000e+02   3.4053608e+01
   5.9725000e+02   3.4053452e+01
   5.9750000e+02   3.4053297e+01
   5.9775000e+02   3.4053142e+01
   5.9800000e+02   3.4052987e+01
   5.9825000e+02   3.4052833e+01
   5.9850000e+02   3.4052679e+01
   5.9875000e+02   3.4052526e+01
   5.9900000e+02   3.4052373e+01
   5.9925000e+02   3.4052220e+01
   5.9950000e+02   3.4052069e+01
   5.9975000e+02   3.4051917e+01
   6.0000000e+02   3.4051766e+01
