   0.0000000e+00   7.2736842e+01
   2.5000000e-01   7.2486936e+01
   5.0000000e-01   7.2238214e+01
   7.5000000e-01   7.1990671e+01
   1.0000000e+00   7.1744301e+01
   1.2500000e+00   7.1499098e+01
   1.5000000e+00   7.1255058e+01
   1.7500000e+00   7.1012174e+01
   2.0000000e+00   7.0770440e+01
   2.2500000e+00   7.0529853e+01
   2.5000000e+00   7.0290405e+01
   2.7500000e+00   7.0052092e+01
   3.0000000e+00   6.9814908e+01
   3.2500000e+00   6.9578849e+01
   3.5000000e+00   6.9343907e+01
   3.7500000e+00   6.9110080e+01
   4.0000000e+00   6.8877360e+01
   4.2500000e+00   6.8645743e+01
   4.5000000e+00   6.8415224e+01
   4.7500000e+00   6.8185797e+01
   5.0000000e+00   6.7957457e+01
   5.2500000e+00   6.7730199e+01
   5.5000000e+00   6.7504018e+01
   5.7500000e+00   6.7278909e+01
   6.0000000e+00   6.7054867e+01
   6.2500000e+00   6.6831886e+01
   6.5000000e+00   6.6609962e+01
   6.7500000e+00   6.6389090e+01
   7.0000000e+00   6.6169264e+01
   7.2500000e+00   6.5950480e+01
   7.5000000e+00   6.5732733e+01
   7.7500000e+00   6.5516018e+01
   8.0000000e+00   6.5300329e+01
   8.2500000e+00   6.5085663e+01
   8.5000000e+00   6.4872014e+01
   8.7500000e+00   6.4659377e+01
   9.0000000e+00   6.4447748e+01
   9.2500000e+00   6.4237122e+01
   9.5000000e+00   6.4027494e+01
   9.7500000e+00   6.3818859e+01
   1.0000000e+01   6.3611213e+01
   1.0250000e+01   6.3404551e+01
   1.0500000e+01   6.3198868e+01
   1.0750000e+01   6.2994160e+01
   1.1000000e+01   6.2790422e+01
   1.1250000e+01   6.2587650e+01
   1.1500000e+01   6.2385838e+01
   1.1750000e+01   6.2184983e+01
   1.2000000e+01   6.1985079e+01
   1.2250000e+01   6.1786123e+01
   1.2500000e+01   6.1588110e+01
   1.2750000e+01   6.1391035e+01
   1.3000000e+01   6.1194893e+01
   1.3250000e+01   6.0999682e+01
   1.3500000e+01   6.0805395e+01
   1.3750000e+01   6.0612029e+01
   1.4000000e+01   6.0419579e+01
   1.4250000e+01   6.0228042e+01
   1.4500000e+01   6.0037411e+01
   1.4750000e+01   5.9847685e+01
   1.5000000e+01   5.9658857e+01
   1.5250000e+01   5.9470924e+01
   1.5500000e+01   5.9283882e+01
   1.5750000e+01   5.9097726e+01
   1.6000000e+01   5.8912452e+01
   1.6250000e+01   5.8728056e+01
   1.6500000e+01   5.8544534e+01
   1.6750000e+01   5.8361882e+01
   1.7000000e+01   5.8180095e+01
   1.7250000e+01   5.7999169e+01
   1.7500000e+01   5.7819101e+01
   1.7750000e+01   5.7639887e+01
   1.8000000e+01   5.7461521e+01
   1.8250000e+01   5.7284001e+01
   1.8500000e+01   5.7107322e+01
   1.8750000e+01   5.6931480e+01
   1.9000000e+01   5.6756471e+01
   1.9250000e+01   5.6582292e+01
   1.9500000e+01   5.6408938e+01
   1.9750000e+01   5.6236406e+01
   2.0000000e+01   5.6064691e+01
   2.0250000e+01   5.5893790e+01
   2.0500000e+01   5.5723699e+01
   2.0750000e+01   5.5554414e+01
   2.1000000e+01   5.5385931e+01
   2.1250000e+01   5.5218246e+01
   2.1500000e+01   5.5051356e+01
   2.1750000e+01   5.4885257e+01
   2.2000000e+01   5.4719945e+01
   2.2250000e+01   5.4555416e+01
   2.2500000e+01   5.4391667e+01
   2.2750000e+01   5.4228694e+01
   2.3000000e+01   5.4066493e+01
   2.3250000e+01   5.3905061e+01
   2.3500000e+01   5.3744394e+01
   2.3750000e+01   5.3584488e+01
   2.4000000e+01   5.3425340e+01
   2.4250000e+01   5.3266946e+01
   2.4500000e+01   5.3109303e+01
   2.4750000e+01   5.2952407e+01
   2.5000000e+01   5.2796254e+01
   2.5250000e+01   5.2640841e+01
   2.5500000e+01   5.2486165e+01
   2.5750000e+01   5.2332221e+01
   2.6000000e+01   5.2179008e+01
   2.6250000e+01   5.2026520e+01
   2.6500000e+01   5.1874755e+01
   2.6750000e+01   5.1723708e+01
   2.7000000e+01   5.1573378e+01
   2.7250000e+01   5.1423760e+01
   2.7500000e+01   5.1274851e+01
   2.7750000e+01   5.1126648e+01
   2.8000000e+01   5.0979147e+01
   2.8250000e+01   5.0832345e+01
   2.8500000e+01   5.0686239e+01
   2.8750000e+01   5.0540825e+01
   2.9000000e+01   5.0396100e+01
   2.9250000e+01   5.0252061e+01
   2.9500000e+01   5.0108704e+01
   2.9750000e+01   4.9966027e+01
   3.0000000e+01   4.9824026e+01
   3.0250000e+01   4.9682698e+01
   3.0500000e+01   4.9542039e+01
   3.0750000e+01   4.9402047e+01
   3.1000000e+01   4.9262719e+01
   3.1250000e+01   4.9124050e+01
   3.1500000e+01   4.8986039e+01
   3.1750000e+01   4.8848682e+01
   3.2000000e+01   4.8711976e+01
   3.2250000e+01   4.8575917e+01
   3.2500000e+01   4.8440503e+01
   3.2750000e+01   4.8305731e+01
   3.3000000e+01   4.8171598e+01
   3.3250000e+01   4.8038100e+01
   3.3500000e+01   4.7905235e+01
   3.3750000e+01   4.7772999e+01
   3.4000000e+01   4.7641390e+01
   3.4250000e+01   4.7510405e+01
   3.4500000e+01   4.7380041e+01
   3.4750000e+01   4.7250294e+01
   3.5000000e+01   4.7121162e+01
   3.5250000e+01   4.6992642e+01
   3.5500000e+01   4.6864731e+01
   3.5750000e+01   4.6737426e+01
   3.6000000e+01   4.6610724e+01
   3.6250000e+01   4.6484623e+01
   3.6500000e+01   4.6359119e+01
   3.6750000e+01   4.6234210e+01
   3.7000000e+01   4.6109893e+01
   3.7250000e+01   4.5986166e+01
   3.7500000e+01   4.5863024e+01
   3.7750000e+01   4.5740466e+01
   3.8000000e+01   4.5618489e+01
   3.8250000e+01   4.5497089e+01
   3.8500000e+01   4.5376265e+01
   3.8750000e+01   4.5256014e+01
   3.9000000e+01   4.5136332e+01
   3.9250000e+01   4.5017218e+01
   3.9500000e+01   4.4898668e+01
   3.9750000e+01   4.4780680e+01
   4.0000000e+01   4.4663251e+01
   4.0250000e+01   4.4546378e+01
   4.0500000e+01   4.4430059e+01
   4.0750000e+01   4.4314291e+01
   4.1000000e+01   4.4199072e+01
   4.1250000e+01   4.4084399e+01
   4.1500000e+01   4.3970270e+01
   4.1750000e+01   4.3856681e+01
   4.2000000e+01   4.3743630e+01
   4.2250000e+01   4.3631116e+01
   4.2500000e+01   4.3519134e+01
   4.2750000e+01   4.3407683e+01
   4.3000000e+01   4.3296760e+01
   4.3250000e+01   4.3186363e+01
   4.3500000e+01   4.3076489e+01
   4.3750000e+01   4.2967135e+01
   4.4000000e+01   4.2858300e+01
   4.4250000e+01   4.2749981e+01
   4.4500000e+01   4.2642175e+01
   4.4750000e+01   4.2534879e+01
   4.5000000e+01   4.2428092e+01
   4.5250000e+01   4.2321812e+01
   4.5500000e+01   4.2216034e+01
   4.5750000e+01   4.2110759e+01
   4.6000000e+01   4.2005981e+01
   4.6250000e+01   4.1901701e+01
   4.6500000e+01   4.1797915e+01
   4.6750000e+01   4.1694620e+01
   4.7000000e+01   4.1591815e+01
   4.7250000e+01   4.1489497e+01
   4.7500000e+01   4.1387664e+01
   4.7750000e+01   4.1286313e+01
   4.8000000e+01   4.1185443e+01
   4.8250000e+01   4.1085051e+01
   4.8500000e+01   4.0985134e+01
   4.8750000e+01   4.0885691e+01
   4.9000000e+01   4.0786720e+01
   4.9250000e+01   4.0688217e+01
   4.9500000e+01   4.0590181e+01
   4.9750000e+01   4.0492609e+01
   5.0000000e+01   4.0395500e+01
   5.0250000e+01   4.0298851e+01
   5.0500000e+01   4.0202660e+01
   5.0750000e+01   4.0106925e+01
   5.1000000e+01   4.0011644e+01
   5.1250000e+01   3.9916814e+01
   5.1500000e+01   3.9822434e+01
   5.1750000e+01   3.9728500e+01
   5.2000000e+01   3.9635012e+01
   5.2250000e+01   3.9541967e+01
   5.2500000e+01   3.9449363e+01
   5.2750000e+01   3.9357197e+01
   5.3000000e+01   3.9265469e+01
   5.3250000e+01   3.9174175e+01
   5.3500000e+01   3.9083313e+01
   5.3750000e+01   3.8992882e+01
   5.4000000e+01   3.8902880e+01
   5.4250000e+01   3.8813304e+01
   5.4500000e+01   3.8724153e+01
   5.4750000e+01   3.8635424e+01
   5.5000000e+01   3.8547116e+01
   5.5250000e+01   3.8459226e+01
   5.5500000e+01   3.8371753e+01
   5.5750000e+01   3.8284694e+01
   5.6000000e+01   3.8198047e+01
   5.6250000e+01   3.8111812e+01
   5.6500000e+01   3.8025985e+01
   5.6750000e+01   3.7940564e+01
   5.7000000e+01   3.7855549e+01
   5.7250000e+01   3.7770936e+01
   5.7500000e+01   3.7686724e+01
   5.7750000e+01   3.7602911e+01
   5.8000000e+01   3.7519496e+01
   5.8250000e+01   3.7436475e+01
   5.8500000e+01   3.7353849e+01
   5.8750000e+01   3.7271613e+01
   5.9000000e+01   3.7189768e+01
   5.9250000e+01   3.7108310e+01
   5.9500000e+01   3.7027238e+01
   5.9750000e+01   3.6946550e+01
   6.0000000e+01   3.6866245e+01
   6.0250000e+01   3.6786321e+01
   6.0500000e+01   3.6706775e+01
   6.0750000e+01   3.6627606e+01
   6.1000000e+01   3.6548812e+01
   6.1250000e+01   3.6470391e+01
   6.1500000e+01   3.6392342e+01
   6.1750000e+01   3.6314663e+01
   6.2000000e+01   3.6237353e+01
   6.2250000e+01   3.6160408e+01
   6.2500000e+01   3.6083828e+01
   6.2750000e+01   3.6007611e+01
   6.3000000e+01   3.5931755e+01
   6.3250000e+01   3.5856259e+01
   6.3500000e+01   3.5781120e+01
   6.3750000e+01   3.5706338e+01
   6.4000000e+01   3.5631909e+01
   6.4250000e+01   3.5557834e+01
   6.4500000e+01   3.5484109e+01
   6.4750000e+01   3.5410734e+01
   6.5000000e+01   3.5337707e+01
   6.5250000e+01   3.5265026e+01
   6.5500000e+01   3.5192689e+01
   6.5750000e+01   3.5120695e+01
   6.6000000e+01   3.5049042e+01
   6.6250000e+01   3.4977728e+01
   6.6500000e+01   3.4906753e+01
   6.6750000e+01   3.4836113e+01
   6.7000000e+01   3.4765809e+01
   6.7250000e+01   3.4695838e+01
   6.7500000e+01   3.4626198e+01
   6.7750000e+01   3.4556888e+01
   6.8000000e+01   3.4487907e+01
   6.8250000e+01   3.4419253e+01
   6.8500000e+01   3.4350924e+01
   6.8750000e+01   3.4282918e+01
   6.9000000e+01   3.4215235e+01
   6.9250000e+01   3.4147873e+01
   6.9500000e+01   3.4080830e+01
   6.9750000e+01   3.4014105e+01
   7.0000000e+01   3.3947696e+01
   7.0250000e+01   3.3881601e+01
   7.0500000e+01   3.3815820e+01
   7.0750000e+01   3.3750350e+01
   7.1000000e+01   3.3685191e+01
   7.1250000e+01   3.3620341e+01
   7.1500000e+01   3.3555797e+01
   7.1750000e+01   3.3491560e+01
   7.2000000e+01   3.3427627e+01
   7.2250000e+01   3.3363997e+01
   7.2500000e+01   3.3300669e+01
   7.2750000e+01   3.3237640e+01
   7.3000000e+01   3.3174911e+01
   7.3250000e+01   3.3112478e+01
   7.3500000e+01   3.3050342e+01
   7.3750000e+01   3.2988499e+01
   7.4000000e+01   3.2926950e+01
   7.4250000e+01   3.2865693e+01
   7.4500000e+01   3.2804726e+01
   7.4750000e+01   3.2744048e+01
   7.5000000e+01   3.2683657e+01
   7.5250000e+01   3.2623552e+01
   7.5500000e+01   3.2563733e+01
   7.5750000e+01   3.2504196e+01
   7.6000000e+01   3.2444942e+01
   7.6250000e+01   3.2385969e+01
   7.6500000e+01   3.2327275e+01
   7.6750000e+01   3.2268859e+01
   7.7000000e+01   3.2210721e+01
   7.7250000e+01   3.2152857e+01
   7.7500000e+01   3.2095268e+01
   7.7750000e+01   3.2037952e+01
   7.8000000e+01   3.1980907e+01
   7.8250000e+01   3.1924133e+01
   7.8500000e+01   3.1867627e+01
   7.8750000e+01   3.1811390e+01
   7.9000000e+01   3.1755419e+01
   7.9250000e+01   3.1699713e+01
   7.9500000e+01   3.1644271e+01
   7.9750000e+01   3.1589092e+01
   8.0000000e+01   3.1534174e+01
   8.0250000e+01   3.1479517e+01
   8.0500000e+01   3.1425118e+01
   8.0750000e+01   3.1370978e+01
   8.1000000e+01   3.1317094e+01
   8.1250000e+01   3.1263465e+01
   8.1500000e+01   3.1210090e+01
   8.1750000e+01   3.1156969e+01
   8.2000000e+01   3.1104099e+01
   8.2250000e+01   3.1051479e+01
   8.2500000e+01   3.0999109e+01
   8.2750000e+01   3.0946987e+01
   8.3000000e+01   3.0895113e+01
   8.3250000e+01   3.0843484e+01
   8.3500000e+01   3.0792099e+01
   8.3750000e+01   3.0740958e+01
   8.4000000e+01   3.0690060e+01
   8.4250000e+01   3.0639402e+01
   8.4500000e+01   3.0588985e+01
   8.4750000e+01   3.0538807e+01
   8.5000000e+01   3.0488866e+01
   8.5250000e+01   3.0439162e+01
   8.5500000e+01   3.0389693e+01
   8.5750000e+01   3.0340459e+01
   8.6000000e+01   3.0291459e+01
   8.6250000e+01   3.0242690e+01
   8.6500000e+01   3.0194153e+01
   8.6750000e+01   3.0145845e+01
   8.7000000e+01   3.0097767e+01
   8.7250000e+01   3.0049916e+01
   8.7500000e+01   3.0002292e+01
   8.7750000e+01   2.9954894e+01
   8.8000000e+01   2.9907721e+01
   8.8250000e+01   2.9860770e+01
   8.8500000e+01   2.9814043e+01
   8.8750000e+01   2.9767537e+01
   8.9000000e+01   2.9721251e+01
   8.9250000e+01   2.9675184e+01
   8.9500000e+01   2.9629336e+01
   8.9750000e+01   2.9583705e+01
   9.0000000e+01   2.9538291e+01
   9.0250000e+01   2.9493091e+01
   9.0500000e+01   2.9448106e+01
   9.0750000e+01   2.9403334e+01
   9.1000000e+01   2.9358774e+01
   9.1250000e+01   2.9314425e+01
   9.1500000e+01   2.9270287e+01
   9.1750000e+01   2.9226357e+01
   9.2000000e+01   2.9182636e+01
   9.2250000e+01   2.9139122e+01
   9.2500000e+01   2.9095814e+01
   9.2750000e+01   2.9052711e+01
   9.3000000e+01   2.9009813e+01
   9.3250000e+01   2.8967118e+01
   9.3500000e+01   2.8924625e+01
   9.3750000e+01   2.8882333e+01
   9.4000000e+01   2.8840242e+01
   9.4250000e+01   2.8798351e+01
   9.4500000e+01   2.8756658e+01
   9.4750000e+01   2.8715162e+01
   9.5000000e+01   2.8673863e+01
   9.5250000e+01   2.8632760e+01
   9.5500000e+01   2.8591852e+01
   9.5750000e+01   2.8551137e+01
   9.6000000e+01   2.8510616e+01
   9.6250000e+01   2.8470286e+01
   9.6500000e+01   2.8430148e+01
   9.6750000e+01   2.8390200e+01
   9.7000000e+01   2.8350441e+01
   9.7250000e+01   2.8310870e+01
   9.7500000e+01   2.8271487e+01
   9.7750000e+01   2.8232291e+01
   9.8000000e+01   2.8193280e+01
   9.8250000e+01   2.8154454e+01
   9.8500000e+01   2.8115812e+01
   9.8750000e+01   2.8077354e+01
   9.9000000e+01   2.8039077e+01
   9.9250000e+01   2.8000982e+01
   9.9500000e+01   2.7963068e+01
   9.9750000e+01   2.7925333e+01
   1.0000000e+02   2.7887777e+01
   1.0025000e+02   2.7850399e+01
   1.0050000e+02   2.7813198e+01
   1.0075000e+02   2.7776173e+01
   1.0100000e+02   2.7739324e+01
   1.0125000e+02   2.7702649e+01
   1.0150000e+02   2.7666148e+01
   1.0175000e+02   2.7629820e+01
   1.0200000e+02   2.7593665e+01
   1.0225000e+02   2.7557680e+01
   1.0250000e+02   2.7521866e+01
   1.0275000e+02   2.7486222e+01
   1.0300000e+02   2.7450747e+01
   1.0325000e+02   2.7415440e+01
   1.0350000e+02   2.7380300e+01
   1.0375000e+02   2.7345327e+01
   1.0400000e+02   2.7310519e+01
   1.0425000e+02   2.7275877e+01
   1.0450000e+02   2.7241398e+01
   1.0475000e+02   2.7207083e+01
   1.0500000e+02   2.7172931e+01
   1.0525000e+02   2.7138940e+01
   1.0550000e+02   2.7105110e+01
   1.0575000e+02   2.7071441e+01
   1.0600000e+02   2.7037931e+01
   1.0625000e+02   2.7004581e+01
   1.0650000e+02   2.6971388e+01
   1.0675000e+02   2.6938352e+01
   1.0700000e+02   2.6905473e+01
   1.0725000e+02   2.6872750e+01
   1.0750000e+02   2.6840182e+01
   1.0775000e+02   2.6807768e+01
   1.0800000e+02   2.6775508e+01
   1.0825000e+02   2.6743400e+01
   1.0850000e+02   2.6711445e+01
   1.0875000e+02   2.6679641e+01
   1.0900000e+02   2.6647988e+01
   1.0925000e+02   2.6616485e+01
   1.0950000e+02   2.6585131e+01
   1.0975000e+02   2.6553926e+01
   1.1000000e+02   2.6522869e+01
   1.1025000e+02   2.6491959e+01
   1.1050000e+02   2.6461195e+01
   1.1075000e+02   2.6430577e+01
   1.1100000e+02   2.6400104e+01
   1.1125000e+02   2.6369776e+01
   1.1150000e+02   2.6339591e+01
   1.1175000e+02   2.6309550e+01
   1.1200000e+02   2.6279650e+01
   1.1225000e+02   2.6249893e+01
   1.1250000e+02   2.6220276e+01
   1.1275000e+02   2.6190800e+01
   1.1300000e+02   2.6161463e+01
   1.1325000e+02   2.6132266e+01
   1.1350000e+02   2.6103207e+01
   1.1375000e+02   2.6074285e+01
   1.1400000e+02   2.6045501e+01
   1.1425000e+02   2.6016853e+01
   1.1450000e+02   2.5988340e+01
   1.1475000e+02   2.5959963e+01
   1.1500000e+02   2.5931720e+01
   1.1525000e+02   2.5903612e+01
   1.1550000e+02   2.5875636e+01
   1.1575000e+02   2.5847793e+01
   1.1600000e+02   2.5820082e+01
   1.1625000e+02   2.5792502e+01
   1.1650000e+02   2.5765053e+01
   1.1675000e+02   2.5737734e+01
   1.1700000e+02   2.5710544e+01
   1.1725000e+02   2.5683483e+01
   1.1750000e+02   2.5656551e+01
   1.1775000e+02   2.5629746e+01
   1.1800000e+02   2.5603068e+01
   1.1825000e+02   2.5576517e+01
   1.1850000e+02   2.5550091e+01
   1.1875000e+02   2.5523790e+01
   1.1900000e+02   2.5497615e+01
   1.1925000e+02   2.5471563e+01
   1.1950000e+02   2.5445635e+01
   1.1975000e+02   2.5419829e+01
   1.2000000e+02   2.5394146e+01
   1.2025000e+02   2.5368585e+01
   1.2050000e+02   2.5343144e+01
   1.2075000e+02   2.5317825e+01
   1.2100000e+02   2.5292625e+01
   1.2125000e+02   2.5267544e+01
   1.2150000e+02   2.5242583e+01
   1.2175000e+02   2.5217740e+01
   1.2200000e+02   2.5193014e+01
   1.2225000e+02   2.5168406e+01
   1.2250000e+02   2.5143914e+01
   1.2275000e+02   2.5119539e+01
   1.2300000e+02   2.5095278e+01
   1.2325000e+02   2.5071133e+01
   1.2350000e+02   2.5047102e+01
   1.2375000e+02   2.5023186e+01
   1.2400000e+02   2.4999382e+01
   1.2425000e+02   2.4975691e+01
   1.2450000e+02   2.4952113e+01
   1.2475000e+02   2.4928646e+01
   1.2500000e+02   2.4905290e+01
   1.2525000e+02   2.4882046e+01
   1.2550000e+02   2.4858911e+01
   1.2575000e+02   2.4835886e+01
   1.2600000e+02   2.4812970e+01
   1.2625000e+02   2.4790162e+01
   1.2650000e+02   2.4767463e+01
   1.2675000e+02   2.4744871e+01
   1.2700000e+02   2.4722387e+01
   1.2725000e+02   2.4700008e+01
   1.2750000e+02   2.4677736e+01
   1.2775000e+02   2.4655570e+01
   1.2800000e+02   2.4633508e+01
   1.2825000e+02   2.4611551e+01
   1.2850000e+02   2.4589698e+01
   1.2875000e+02   2.4567949e+01
   1.2900000e+02   2.4546303e+01
   1.2925000e+02   2.4524759e+01
   1.2950000e+02   2.4503317e+01
   1.2975000e+02   2.4481977e+01
   1.3000000e+02   2.4460738e+01
   1.3025000e+02   2.4439600e+01
   1.3050000e+02   2.4418562e+01
   1.3075000e+02   2.4397624e+01
   1.3100000e+02   2.4376784e+01
   1.3125000e+02   2.4356044e+01
   1.3150000e+02   2.4335402e+01
   1.3175000e+02   2.4314858e+01
   1.3200000e+02   2.4294411e+01
   1.3225000e+02   2.4274060e+01
   1.3250000e+02   2.4253807e+01
   1.3275000e+02   2.4233649e+01
   1.3300000e+02   2.4213587e+01
   1.3325000e+02   2.4193620e+01
   1.3350000e+02   2.4173747e+01
   1.3375000e+02   2.4153969e+01
   1.3400000e+02   2.4134285e+01
   1.3425000e+02   2.4114693e+01
   1.3450000e+02   2.4095195e+01
   1.3475000e+02   2.4075789e+01
   1.3500000e+02   2.4056475e+01
   1.3525000e+02   2.4037252e+01
   1.3550000e+02   2.4018121e+01
   1.3575000e+02   2.3999080e+01
   1.3600000e+02   2.3980129e+01
   1.3625000e+02   2.3961269e+01
   1.3650000e+02   2.3942497e+01
   1.3675000e+02   2.3923815e+01
   1.3700000e+02   2.3905221e+01
   1.3725000e+02   2.3886715e+01
   1.3750000e+02   2.3868297e+01
   1.3775000e+02   2.3849966e+01
   1.3800000e+02   2.3831722e+01
   1.3825000e+02   2.3813564e+01
   1.3850000e+02   2.3795493e+01
   1.3875000e+02   2.3777507e+01
   1.3900000e+02   2.3759607e+01
   1.3925000e+02   2.3741791e+01
   1.3950000e+02   2.3724059e+01
   1.3975000e+02   2.3706412e+01
   1.4000000e+02   2.3688848e+01
   1.4025000e+02   2.3671368e+01
   1.4050000e+02   2.3653970e+01
   1.4075000e+02   2.3636655e+01
   1.4100000e+02   2.3619422e+01
   1.4125000e+02   2.3602270e+01
   1.4150000e+02   2.3585200e+01
   1.4175000e+02   2.3568211e+01
   1.4200000e+02   2.3551302e+01
   1.4225000e+02   2.3534473e+01
   1.4250000e+02   2.3517724e+01
   1.4275000e+02   2.3501055e+01
   1.4300000e+02   2.3484464e+01
   1.4325000e+02   2.3467952e+01
   1.4350000e+02   2.3451519e+01
   1.4375000e+02   2.3435163e+01
   1.4400000e+02   2.3418884e+01
   1.4425000e+02   2.3402683e+01
   1.4450000e+02   2.3386559e+01
   1.4475000e+02   2.3370511e+01
   1.4500000e+02   2.3354539e+01
   1.4525000e+02   2.3338643e+01
   1.4550000e+02   2.3322822e+01
   1.4575000e+02   2.3307076e+01
   1.4600000e+02   2.3291404e+01
   1.4625000e+02   2.3275807e+01
   1.4650000e+02   2.3260284e+01
   1.4675000e+02   2.3244834e+01
   1.4700000e+02   2.3229458e+01
   1.4725000e+02   2.3214154e+01
   1.4750000e+02   2.3198923e+01
   1.4775000e+02   2.3183765e+01
   1.4800000e+02   2.3168677e+01
   1.4825000e+02   2.3153662e+01
   1.4850000e+02   2.3138718e+01
   1.4875000e+02   2.3123844e+01
   1.4900000e+02   2.3109041e+01
   1.4925000e+02   2.3094308e+01
   1.4950000e+02   2.3079645e+01
   1.4975000e+02   2.3065051e+01
   1.5000000e+02   2.3050527e+01
   1.5025000e+02   2.3036071e+01
   1.5050000e+02   2.3021684e+01
   1.5075000e+02   2.3007365e+01
   1.5100000e+02   2.2993114e+01
   1.5125000e+02   2.2978930e+01
   1.5150000e+02   2.2964814e+01
   1.5175000e+02   2.2950765e+01
   1.5200000e+02   2.2936782e+01
   1.5225000e+02   2.2922865e+01
   1.5250000e+02   2.2909014e+01
   1.5275000e+02   2.2895229e+01
   1.5300000e+02   2.2881510e+01
   1.5325000e+02   2.2867855e+01
   1.5350000e+02   2.2854265e+01
   1.5375000e+02   2.2840739e+01
   1.5400000e+02   2.2827278e+01
   1.5425000e+02   2.2813880e+01
   1.5450000e+02   2.2800546e+01
   1.5475000e+02   2.2787275e+01
   1.5500000e+02   2.2774067e+01
   1.5525000e+02   2.2760921e+01
   1.5550000e+02   2.2747838e+01
   1.5575000e+02   2.2734816e+01
   1.5600000e+02   2.2721857e+01
   1.5625000e+02   2.2708959e+01
   1.5650000e+02   2.2696122e+01
   1.5675000e+02   2.2683345e+01
   1.5700000e+02   2.2670630e+01
   1.5725000e+02   2.2657974e+01
   1.5750000e+02   2.2645379e+01
   1.5775000e+02   2.2632843e+01
   1.5800000e+02   2.2620367e+01
   1.5825000e+02   2.2607950e+01
   1.5850000e+02   2.2595591e+01
   1.5875000e+02   2.2583291e+01
   1.5900000e+02   2.2571050e+01
   1.5925000e+02   2.2558866e+01
   1.5950000e+02   2.2546740e+01
   1.5975000e+02   2.2534672e+01
   1.6000000e+02   2.2522661e+01
   1.6025000e+02   2.2510707e+01
   1.6050000e+02   2.2498809e+01
   1.6075000e+02   2.2486968e+01
   1.6100000e+02   2.2475183e+01
   1.6125000e+02   2.2463454e+01
   1.6150000e+02   2.2451780e+01
   1.6175000e+02   2.2440162e+01
   1.6200000e+02   2.2428598e+01
   1.6225000e+02   2.2417090e+01
   1.6250000e+02   2.2405636e+01
   1.6275000e+02   2.2394236e+01
   1.6300000e+02   2.2382891e+01
   1.6325000e+02   2.2371599e+01
   1.6350000e+02   2.2360360e+01
   1.6375000e+02   2.2349175e+01
   1.6400000e+02   2.2338043e+01
   1.6425000e+02   2.2326964e+01
   1.6450000e+02   2.2315937e+01
   1.6475000e+02   2.2304962e+01
   1.6500000e+02   2.2294040e+01
   1.6525000e+02   2.2283169e+01
   1.6550000e+02   2.2272349e+01
   1.6575000e+02   2.2261581e+01
   1.6600000e+02   2.2250864e+01
   1.6625000e+02   2.2240198e+01
   1.6650000e+02   2.2229582e+01
   1.6675000e+02   2.2219017e+01
   1.6700000e+02   2.2208502e+01
   1.6725000e+02   2.2198036e+01
   1.6750000e+02   2.2187620e+01
   1.6775000e+02   2.2177254e+01
   1.6800000e+02   2.2166936e+01
   1.6825000e+02   2.2156668e+01
   1.6850000e+02   2.2146448e+01
   1.6875000e+02   2.2136276e+01
   1.6900000e+02   2.2126153e+01
   1.6925000e+02   2.2116078e+01
   1.6950000e+02   2.2106050e+01
   1.6975000e+02   2.2096070e+01
   1.7000000e+02   2.2086138e+01
   1.7025000e+02   2.2076252e+01
   1.7050000e+02   2.2066413e+01
   1.7075000e+02   2.2056621e+01
   1.7100000e+02   2.2046875e+01
   1.7125000e+02   2.2037176e+01
   1.7150000e+02   2.2027522e+01
   1.7175000e+02   2.2017914e+01
   1.7200000e+02   2.2008352e+01
   1.7225000e+02   2.1998835e+01
   1.7250000e+02   2.1989363e+01
   1.7275000e+02   2.1979936e+01
   1.7300000e+02   2.1970553e+01
   1.7325000e+02   2.1961215e+01
   1.7350000e+02   2.1951922e+01
   1.7375000e+02   2.1942672e+01
   1.7400000e+02   2.1933466e+01
   1.7425000e+02   2.1924304e+01
   1.7450000e+02   2.1915185e+01
   1.7475000e+02   2.1906110e+01
   1.7500000e+02   2.1897077e+01
   1.7525000e+02   2.1888087e+01
   1.7550000e+02   2.1879140e+01
   1.7575000e+02   2.1870235e+01
   1.7600000e+02   2.1861373e+01
   1.7625000e+02   2.1852552e+01
   1.7650000e+02   2.1843774e+01
   1.7675000e+02   2.1835036e+01
   1.7700000e+02   2.1826341e+01
   1.7725000e+02   2.1817686e+01
   1.7750000e+02   2.1809073e+01
   1.7775000e+02   2.1800500e+01
   1.7800000e+02   2.1791968e+01
   1.7825000e+02   2.1783476e+01
   1.7850000e+02   2.1775025e+01
   1.7875000e+02   2.1766613e+01
   1.7900000e+02   2.1758242e+01
   1.7925000e+02   2.1749910e+01
   1.7950000e+02   2.1741618e+01
   1.7975000e+02   2.1733364e+01
   1.8000000e+02   2.1725151e+01
   1.8025000e+02   2.1716975e+01
   1.8050000e+02   2.1708839e+01
   1.8075000e+02   2.1700741e+01
   1.8100000e+02   2.1692682e+01
   1.8125000e+02   2.1684661e+01
   1.8150000e+02   2.1676678e+01
   1.8175000e+02   2.1668732e+01
   1.8200000e+02   2.1660825e+01
   1.8225000e+02   2.1652955e+01
   1.8250000e+02   2.1645122e+01
   1.8275000e+02   2.1637326e+01
   1.8300000e+02   2.1629567e+01
   1.8325000e+02   2.1621845e+01
   1.8350000e+02   2.1614159e+01
   1.8375000e+02   2.1606510e+01
   1.8400000e+02   2.1598897e+01
   1.8425000e+02   2.1591321e+01
   1.8450000e+02   2.1583780e+01
   1.8475000e+02   2.1576275e+01
   1.8500000e+02   2.1568805e+01
   1.8525000e+02   2.1561371e+01
   1.8550000e+02   2.1553972e+01
   1.8575000e+02   2.1546608e+01
   1.8600000e+02   2.1539279e+01
   1.8625000e+02   2.1531985e+01
   1.8650000e+02   2.1524725e+01
   1.8675000e+02   2.1517500e+01
   1.8700000e+02   2.1510309e+01
   1.8725000e+02   2.1503152e+01
   1.8750000e+02   2.1496029e+01
   1.8775000e+02   2.1488940e+01
   1.8800000e+02   2.1481884e+01
   1.8825000e+02   2.1474862e+01
   1.8850000e+02   2.1467873e+01
   1.8875000e+02   2.1460917e+01
   1.8900000e+02   2.1453994e+01
   1.8925000e+02   2.1447104e+01
   1.8950000e+02   2.1440247e+01
   1.8975000e+02   2.1433422e+01
   1.9000000e+02   2.1426629e+01
   1.9025000e+02   2.1419869e+01
   1.9050000e+02   2.1413140e+01
   1.9075000e+02   2.1406444e+01
   1.9100000e+02   2.1399779e+01
   1.9125000e+02   2.1393146e+01
   1.9150000e+02   2.1386544e+01
   1.9175000e+02   2.1379974e+01
   1.9200000e+02   2.1373434e+01
   1.9225000e+02   2.1366926e+01
   1.9250000e+02   2.1360448e+01
   1.9275000e+02   2.1354002e+01
   1.9300000e+02   2.1347585e+01
   1.9325000e+02   2.1341199e+01
   1.9350000e+02   2.1334844e+01
   1.9375000e+02   2.1328518e+01
   1.9400000e+02   2.1322223e+01
   1.9425000e+02   2.1315957e+01
   1.9450000e+02   2.1309721e+01
   1.9475000e+02   2.1303515e+01
   1.9500000e+02   2.1297338e+01
   1.9525000e+02   2.1291190e+01
   1.9550000e+02   2.1285071e+01
   1.9575000e+02   2.1278982e+01
   1.9600000e+02   2.1272921e+01
   1.9625000e+02   2.1266889e+01
   1.9650000e+02   2.1260886e+01
   1.9675000e+02   2.1254911e+01
   1.9700000e+02   2.1248964e+01
   1.9725000e+02   2.1243045e+01
   1.9750000e+02   2.1237155e+01
   1.9775000e+02   2.1231292e+01
   1.9800000e+02   2.1225458e+01
   1.9825000e+02   2.1219650e+01
   1.9850000e+02   2.1213871e+01
   1.9875000e+02   2.1208119e+01
   1.9900000e+02   2.1202394e+01
   1.9925000e+02   2.1196696e+01
   1.9950000e+02   2.1191025e+01
   1.9975000e+02   2.1185381e+01
   2.0000000e+02   2.1179764e+01
   2.0025000e+02   2.1174173e+01
   2.0050000e+02   2.1168609e+01
   2.0075000e+02   2.1163071e+01
   2.0100000e+02   2.1157560e+01
   2.0125000e+02   2.1152075e+01
   2.0150000e+02   2.1146615e+01
   2.0175000e+02   2.1141182e+01
   2.0200000e+02   2.1135774e+01
   2.0225000e+02   2.1130392e+01
   2.0250000e+02   2.1125035e+01
   2.0275000e+02   2.1119704e+01
   2.0300000e+02   2.1114398e+01
   2.0325000e+02   2.1109117e+01
   2.0350000e+02   2.1103861e+01
   2.0375000e+02   2.1098630e+01
   2.0400000e+02   2.1093424e+01
   2.0425000e+02   2.1088243e+01
   2.0450000e+02   2.1083086e+01
   2.0475000e+02   2.1077953e+01
   2.0500000e+02   2.1072845e+01
   2.0525000e+02   2.1067761e+01
   2.0550000e+02   2.1062702e+01
   2.0575000e+02   2.1057666e+01
   2.0600000e+02   2.1052654e+01
   2.0625000e+02   2.1047665e+01
   2.0650000e+02   2.1042701e+01
   2.0675000e+02   2.1037760e+01
   2.0700000e+02   2.1032842e+01
   2.0725000e+02   2.1027948e+01
   2.0750000e+02   2.1023077e+01
   2.0775000e+02   2.1018228e+01
   2.0800000e+02   2.1013403e+01
   2.0825000e+02   2.1008601e+01
   2.0850000e+02   2.1003822e+01
   2.0875000e+02   2.0999065e+01
   2.0900000e+02   2.0994330e+01
   2.0925000e+02   2.0989619e+01
   2.0950000e+02   2.0984929e+01
   2.0975000e+02   2.0980262e+01
   2.1000000e+02   2.0975617e+01
   2.1025000e+02   2.0970993e+01
   2.1050000e+02   2.0966392e+01
   2.1075000e+02   2.0961813e+01
   2.1100000e+02   2.0957255e+01
   2.1125000e+02   2.0952719e+01
   2.1150000e+02   2.0948204e+01
   2.1175000e+02   2.0943711e+01
   2.1200000e+02   2.0939239e+01
   2.1225000e+02   2.0934788e+01
   2.1250000e+02   2.0930358e+01
   2.1275000e+02   2.0925949e+01
   2.1300000e+02   2.0921562e+01
   2.1325000e+02   2.0917195e+01
   2.1350000e+02   2.0912848e+01
   2.1375000e+02   2.0908522e+01
   2.1400000e+02   2.0904217e+01
   2.1425000e+02   2.0899932e+01
   2.1450000e+02   2.0895668e+01
   2.1475000e+02   2.0891423e+01
   2.1500000e+02   2.0887199e+01
   2.1525000e+02   2.0882995e+01
   2.1550000e+02   2.0878811e+01
   2.1575000e+02   2.0874646e+01
   2.1600000e+02   2.0870502e+01
   2.1625000e+02   2.0866377e+01
   2.1650000e+02   2.0862271e+01
   2.1675000e+02   2.0858185e+01
   2.1700000e+02   2.0854118e+01
   2.1725000e+02   2.0850071e+01
   2.1750000e+02   2.0846042e+01
   2.1775000e+02   2.0842033e+01
   2.1800000e+02   2.0838043e+01
   2.1825000e+02   2.0834072e+01
   2.1850000e+02   2.0830119e+01
   2.1875000e+02   2.0826186e+01
   2.1900000e+02   2.0822271e+01
   2.1925000e+02   2.0818374e+01
   2.1950000e+02   2.0814496e+01
   2.1975000e+02   2.0810636e+01
   2.2000000e+02   2.0806795e+01
   2.2025000e+02   2.0802972e+01
   2.2050000e+02   2.0799167e+01
   2.2075000e+02   2.0795380e+01
   2.2100000e+02   2.0791611e+01
   2.2125000e+02   2.0787859e+01
   2.2150000e+02   2.0784126e+01
   2.2175000e+02   2.0780410e+01
   2.2200000e+02   2.0776712e+01
   2.2225000e+02   2.0773031e+01
   2.2250000e+02   2.0769368e+01
   2.2275000e+02   2.0765722e+01
   2.2300000e+02   2.0762094e+01
   2.2325000e+02   2.0758482e+01
   2.2350000e+02   2.0754888e+01
   2.2375000e+02   2.0751311e+01
   2.2400000e+02   2.0747751e+01
   2.2425000e+02   2.0744207e+01
   2.2450000e+02   2.0740681e+01
   2.2475000e+02   2.0737171e+01
   2.2500000e+02   2.0733678e+01
   2.2525000e+02   2.0730201e+01
   2.2550000e+02   2.0726741e+01
   2.2575000e+02   2.0723297e+01
   2.2600000e+02   2.0719869e+01
   2.2625000e+02   2.0716458e+01
   2.2650000e+02   2.0713063e+01
   2.2675000e+02   2.0709684e+01
   2.2700000e+02   2.0706321e+01
   2.2725000e+02   2.0702974e+01
   2.2750000e+02   2.0699643e+01
   2.2775000e+02   2.0696327e+01
   2.2800000e+02   2.0693027e+01
   2.2825000e+02   2.0689743e+01
   2.2850000e+02   2.0686475e+01
   2.2875000e+02   2.0683222e+01
   2.2900000e+02   2.0679984e+01
   2.2925000e+02   2.0676762e+01
   2.2950000e+02   2.0673555e+01
   2.2975000e+02   2.0670363e+01
   2.3000000e+02   2.0667186e+01
   2.3025000e+02   2.0664025e+01
   2.3050000e+02   2.0660878e+01
   2.3075000e+02   2.0657746e+01
   2.3100000e+02   2.0654630e+01
   2.3125000e+02   2.0651527e+01
   2.3150000e+02   2.0648440e+01
   2.3175000e+02   2.0645367e+01
   2.3200000e+02   2.0642309e+01
   2.3225000e+02   2.0639265e+01
   2.3250000e+02   2.0636236e+01
   2.3275000e+02   2.0633221e+01
   2.3300000e+02   2.0630220e+01
   2.3325000e+02   2.0627234e+01
   2.3350000e+02   2.0624262e+01
   2.3375000e+02   2.0621303e+01
   2.3400000e+02   2.0618359e+01
   2.3425000e+02   2.0615429e+01
   2.3450000e+02   2.0612513e+01
   2.3475000e+02   2.0609610e+01
   2.3500000e+02   2.0606721e+01
   2.3525000e+02   2.0603846e+01
   2.3550000e+02   2.0600985e+01
   2.3575000e+02   2.0598137e+01
   2.3600000e+02   2.0595302e+01
   2.3625000e+02   2.0592481e+01
   2.3650000e+02   2.0589674e+01
   2.3675000e+02   2.0586880e+01
   2.3700000e+02   2.0584098e+01
   2.3725000e+02   2.0581331e+01
   2.3750000e+02   2.0578576e+01
   2.3775000e+02   2.0575834e+01
   2.3800000e+02   2.0573105e+01
   2.3825000e+02   2.0570390e+01
   2.3850000e+02   2.0567687e+01
   2.3875000e+02   2.0564997e+01
   2.3900000e+02   2.0562319e+01
   2.3925000e+02   2.0559654e+01
   2.3950000e+02   2.0557002e+01
   2.3975000e+02   2.0554363e+01
   2.4000000e+02   2.0551736e+01
   2.4025000e+02   2.0549121e+01
   2.4050000e+02   2.0546519e+01
   2.4075000e+02   2.0543929e+01
   2.4100000e+02   2.0541352e+01
   2.4125000e+02   2.0538787e+01
   2.4150000e+02   2.0536233e+01
   2.4175000e+02   2.0533692e+01
   2.4200000e+02   2.0531163e+01
   2.4225000e+02   2.0528646e+01
   2.4250000e+02   2.0526141e+01
   2.4275000e+02   2.0523648e+01
   2.4300000e+02   2.0521167e+01
   2.4325000e+02   2.0518697e+01
   2.4350000e+02   2.0516239e+01
   2.4375000e+02   2.0513793e+01
   2.4400000e+02   2.0511358e+01
   2.4425000e+02   2.0508935e+01
   2.4450000e+02   2.0506523e+01
   2.4475000e+02   2.0504123e+01
   2.4500000e+02   2.0501734e+01
   2.4525000e+02   2.0499356e+01
   2.4550000e+02   2.0496990e+01
   2.4575000e+02   2.0494635e+01
   2.4600000e+02   2.0492291e+01
   2.4625000e+02   2.0489958e+01
   2.4650000e+02   2.0487636e+01
   2.4675000e+02   2.0485325e+01
   2.4700000e+02   2.0483026e+01
   2.4725000e+02   2.0480737e+01
   2.4750000e+02   2.0478459e+01
   2.4775000e+02   2.0476191e+01
   2.4800000e+02   2.0473935e+01
   2.4825000e+02   2.0471689e+01
   2.4850000e+02   2.0469454e+01
   2.4875000e+02   2.0467229e+01
   2.4900000e+02   2.0465015e+01
   2.4925000e+02   2.0462811e+01
   2.4950000e+02   2.0460618e+01
   2.4975000e+02   2.0458435e+01
   2.5000000e+02   2.0456263e+01
   2.5025000e+02   2.0454101e+01
   2.5050000e+02   2.0451949e+01
   2.5075000e+02   2.0449807e+01
   2.5100000e+02   2.0447676e+01
   2.5125000e+02   2.0445555e+01
   2.5150000e+02   2.0443443e+01
   2.5175000e+02   2.0441342e+01
   2.5200000e+02   2.0439250e+01
   2.5225000e+02   2.0437169e+01
   2.5250000e+02   2.0435097e+01
   2.5275000e+02   2.0433035e+01
   2.5300000e+02   2.0430983e+01
   2.5325000e+02   2.0428941e+01
   2.5350000e+02   2.0426908e+01
   2.5375000e+02   2.0424885e+01
   2.5400000e+02   2.0422872e+01
   2.5425000e+02   2.0420868e+01
   2.5450000e+02   2.0418874e+01
   2.5475000e+02   2.0416889e+01
   2.5500000e+02   2.0414913e+01
   2.5525000e+02   2.0412947e+01
   2.5550000e+02   2.0410990e+01
   2.5575000e+02   2.0409043e+01
   2.5600000e+02   2.0407104e+01
   2.5625000e+02   2.0405175e+01
   2.5650000e+02   2.0403255e+01
   2.5675000e+02   2.0401344e+01
   2.5700000e+02   2.0399442e+01
   2.5725000e+02   2.0397550e+01
   2.5750000e+02   2.0395666e+01
   2.5775000e+02   2.0393791e+01
   2.5800000e+02   2.0391925e+01
   2.5825000e+02   2.0390067e+01
   2.5850000e+02   2.0388219e+01
   2.5875000e+02   2.0386379e+01
   2.5900000e+02   2.0384548e+01
   2.5925000e+02   2.0382726e+01
   2.5950000e+02   2.0380912e+01
   2.5975000e+02   2.0379107e+01
   2.6000000e+02   2.0377311e+01
   2.6025000e+02   2.0375523e+01
   2.6050000e+02   2.0373743e+01
   2.6075000e+02   2.0371972e+01
   2.6100000e+02   2.0370210e+01
   2.6125000e+02   2.0368455e+01
   2.6150000e+02   2.0366709e+01
   2.6175000e+02   2.0364972e+01
   2.6200000e+02   2.0363242e+01
   2.6225000e+02   2.0361521e+01
   2.6250000e+02   2.0359808e+01
   2.6275000e+02   2.0358103e+01
   2.6300000e+02   2.0356406e+01
   2.6325000e+02   2.0354717e+01
   2.6350000e+02   2.0353036e+01
   2.6375000e+02   2.0351363e+01
   2.6400000e+02   2.0349698e+01
   2.6425000e+02   2.0348041e+01
   2.6450000e+02   2.0346391e+01
   2.6475000e+02   2.0344750e+01
   2.6500000e+02   2.0343116e+01
   2.6525000e+02   2.0341490e+01
   2.6550000e+02   2.0339872e+01
   2.6575000e+02   2.0338262e+01
   2.6600000e+02   2.0336659e+01
   2.6625000e+02   2.0335063e+01
   2.6650000e+02   2.0333476e+01
   2.6675000e+02   2.0331895e+01
   2.6700000e+02   2.0330323e+01
   2.6725000e+02   2.0328757e+01
   2.6750000e+02   2.0327199e+01
   2.6775000e+02   2.0325649e+01
   2.6800000e+02   2.0324106e+01
   2.6825000e+02   2.0322570e+01
   2.6850000e+02   2.0321041e+01
   2.6875000e+02   2.0319520e+01
   2.6900000e+02   2.0318006e+01
   2.6925000e+02   2.0316499e+01
   2.6950000e+02   2.0314999e+01
   2.6975000e+02   2.0313506e+01
   2.7000000e+02   2.0312021e+01
   2.7025000e+02   2.0310542e+01
   2.7050000e+02   2.0309071e+01
   2.7075000e+02   2.0307606e+01
   2.7100000e+02   2.0306148e+01
   2.7125000e+02   2.0304698e+01
   2.7150000e+02   2.0303254e+01
   2.7175000e+02   2.0301817e+01
   2.7200000e+02   2.0300386e+01
   2.7225000e+02   2.0298963e+01
   2.7250000e+02   2.0297546e+01
   2.7275000e+02   2.0296136e+01
   2.7300000e+02   2.0294733e+01
   2.7325000e+02   2.0293336e+01
   2.7350000e+02   2.0291946e+01
   2.7375000e+02   2.0290563e+01
   2.7400000e+02   2.0289186e+01
   2.7425000e+02   2.0287815e+01
   2.7450000e+02   2.0286452e+01
   2.7475000e+02   2.0285094e+01
   2.7500000e+02   2.0283743e+01
   2.7525000e+02   2.0282399e+01
   2.7550000e+02   2.0281060e+01
   2.7575000e+02   2.0279729e+01
   2.7600000e+02   2.0278403e+01
   2.7625000e+02   2.0277084e+01
   2.7650000e+02   2.0275771e+01
   2.7675000e+02   2.0274464e+01
   2.7700000e+02   2.0273163e+01
   2.7725000e+02   2.0271869e+01
   2.7750000e+02   2.0270580e+01
   2.7775000e+02   2.0269298e+01
   2.7800000e+02   2.0268022e+01
   2.7825000e+02   2.0266752e+01
   2.7850000e+02   2.0265488e+01
   2.7875000e+02   2.0264230e+01
   2.7900000e+02   2.0262978e+01
   2.7925000e+02   2.0261732e+01
   2.7950000e+02   2.0260491e+01
   2.7975000e+02   2.0259257e+01
   2.8000000e+02   2.0258028e+01
   2.8025000e+02   2.0256806e+01
   2.8050000e+02   2.0255589e+01
   2.8075000e+02   2.0254378e+01
   2.8100000e+02   2.0253172e+01
   2.8125000e+02   2.0251972e+01
   2.8150000e+02   2.0250778e+01
   2.8175000e+02   2.0249590e+01
   2.8200000e+02   2.0248407e+01
   2.8225000e+02   2.0247230e+01
   2.8250000e+02   2.0246059e+01
   2.8275000e+02   2.0244893e+01
   2.8300000e+02   2.0243732e+01
   2.8325000e+02   2.0242577e+01
   2.8350000e+02   2.0241428e+01
   2.8375000e+02   2.0240284e+01
   2.8400000e+02   2.0239145e+01
   2.8425000e+02   2.0238012e+01
   2.8450000e+02   2.0236884e+01
   2.8475000e+02   2.0235761e+01
   2.8500000e+02   2.0234644e+01
   2.8525000e+02   2.0233532e+01
   2.8550000e+02   2.0232425e+01
   2.8575000e+02   2.0231324e+01
   2.8600000e+02   2.0230228e+01
   2.8625000e+02   2.0229137e+01
   2.8650000e+02   2.0228051e+01
   2.8675000e+02   2.0226970e+01
   2.8700000e+02   2.0225895e+01
   2.8725000e+02   2.0224824e+01
   2.8750000e+02   2.0223759e+01
   2.8775000e+02   2.0222699e+01
   2.8800000e+02   2.0221643e+01
   2.8825000e+02   2.0220593e+01
   2.8850000e+02   2.0219548e+01
   2.8875000e+02   2.0218507e+01
   2.8900000e+02   2.0217472e+01
   2.8925000e+02   2.0216441e+01
   2.8950000e+02   2.0215416e+01
   2.8975000e+02   2.0214395e+01
   2.9000000e+02   2.0213379e+01
   2.9025000e+02   2.0212368e+01
   2.9050000e+02   2.0211361e+01
   2.9075000e+02   2.0210360e+01
   2.9100000e+02   2.0209363e+01
   2.9125000e+02   2.0208371e+01
   2.9150000e+02   2.0207383e+01
   2.9175000e+02   2.0206401e+01
   2.9200000e+02   2.0205423e+01
   2.9225000e+02   2.0204449e+01
   2.9250000e+02   2.0203480e+01
   2.9275000e+02   2.0202516e+01
   2.9300000e+02   2.0201556e+01
   2.9325000e+02   2.0200601e+01
   2.9350000e+02   2.0199651e+01
   2.9375000e+02   2.0198705e+01
   2.9400000e+02   2.0197763e+01
   2.9425000e+02   2.0196826e+01
   2.9450000e+02   2.0195893e+01
   2.9475000e+02   2.0194965e+01
   2.9500000e+02   2.0194041e+01
   2.9525000e+02   2.0193122e+01
   2.9550000e+02   2.0192206e+01
   2.9575000e+02   2.0191296e+01
   2.9600000e+02   2.0190389e+01
   2.9625000e+02   2.0189487e+01
   2.9650000e+02   2.0188589e+01
   2.9675000e+02   2.0187695e+01
   2.9700000e+02   2.0186806e+01
   2.9725000e+02   2.0185921e+01
   2.9750000e+02   2.0185040e+01
   2.9775000e+02   2.0184163e+01
   2.9800000e+02   2.0183290e+01
   2.9825000e+02   2.0182421e+01
   2.9850000e+02   2.0181557e+01
   2.9875000e+02   2.0180697e+01
   2.9900000e+02   2.0179840e+01
   2.9925000e+02   2.0178988e+01
   2.9950000e+02   2.0178140e+01
   2.9975000e+02   2.0177296e+01
   3.0000000e+02   2.0176456e+01
   3.0025000e+02   2.0175619e+01
   3.0050000e+02   2.0174787e+01
   3.0075000e+02   2.0173959e+01
   3.0100000e+02   2.0173135e+01
   3.0125000e+02   2.0172314e+01
   3.0150000e+02   2.0171498e+01
   3.0175000e+02   2.0170685e+01
   3.0200000e+02   2.0169876e+01
   3.0225000e+02   2.0169071e+01
   3.0250000e+02   2.0168270e+01
   3.0275000e+02   2.0167473e+01
   3.0300000e+02   2.0166679e+01
   3.0325000e+02   2.0165889e+01
   3.0350000e+02   2.0165103e+01
   3.0375000e+02   2.0164321e+01
   3.0400000e+02   2.0163542e+01
   3.0425000e+02   2.0162767e+01
   3.0450000e+02   2.0161996e+01
   3.0475000e+02   2.0161228e+01
   3.0500000e+02   2.0160464e+01
   3.0525000e+02   2.0159704e+01
   3.0550000e+02   2.0158947e+01
   3.0575000e+02   2.0158194e+01
   3.0600000e+02   2.0157444e+01
   3.0625000e+02   2.0156698e+01
   3.0650000e+02   2.0155955e+01
   3.0675000e+02   2.0155216e+01
   3.0700000e+02   2.0154481e+01
   3.0725000e+02   2.0153749e+01
   3.0750000e+02   2.0153020e+01
   3.0775000e+02   2.0152295e+01
   3.0800000e+02   2.0151573e+01
   3.0825000e+02   2.0150855e+01
   3.0850000e+02   2.0150140e+01
   3.0875000e+02   2.0149429e+01
   3.0900000e+02   2.0148721e+01
   3.0925000e+02   2.0148016e+01
   3.0950000e+02   2.0147314e+01
   3.0975000e+02   2.0146616e+01
   3.1000000e+02   2.0145922e+01
   3.1025000e+02   2.0145230e+01
   3.1050000e+02   2.0144542e+01
   3.1075000e+02   2.0143857e+01
   3.1100000e+02   2.0143175e+01
   3.1125000e+02   2.0142497e+01
   3.1150000e+02   2.0141822e+01
   3.1175000e+02   2.0141149e+01
   3.1200000e+02   2.0140481e+01
   3.1225000e+02   2.0139815e+01
   3.1250000e+02   2.0139152e+01
   3.1275000e+02   2.0138493e+01
   3.1300000e+02   2.0137837e+01
   3.1325000e+02   2.0137184e+01
   3.1350000e+02   2.0136533e+01
   3.1375000e+02   2.0135886e+01
   3.1400000e+02   2.0135243e+01
   3.1425000e+02   2.0134602e+01
   3.1450000e+02   2.0133964e+01
   3.1475000e+02   2.0133329e+01
   3.1500000e+02   2.0132697e+01
   3.1525000e+02   2.0132068e+01
   3.1550000e+02   2.0131443e+01
   3.1575000e+02   2.0130820e+01
   3.1600000e+02   2.0130200e+01
   3.1625000e+02   2.0129583e+01
   3.1650000e+02   2.0128969e+01
   3.1675000e+02   2.0128358e+01
   3.1700000e+02   2.0127749e+01
   3.1725000e+02   2.0127144e+01
   3.1750000e+02   2.0126541e+01
   3.1775000e+02   2.0125942e+01
   3.1800000e+02   2.0125345e+01
   3.1825000e+02   2.0124751e+01
   3.1850000e+02   2.0124160e+01
   3.1875000e+02   2.0123571e+01
   3.1900000e+02   2.0122986e+01
   3.1925000e+02   2.0122403e+01
   3.1950000e+02   2.0121823e+01
   3.1975000e+02   2.0121246e+01
   3.2000000e+02   2.0120671e+01
   3.2025000e+02   2.0120099e+01
   3.2050000e+02   2.0119530e+01
   3.2075000e+02   2.0118964e+01
   3.2100000e+02   2.0118400e+01
   3.2125000e+02   2.0117839e+01
   3.2150000e+02   2.0117281e+01
   3.2175000e+02   2.0116725e+01
   3.2200000e+02   2.0116172e+01
   3.2225000e+02   2.0115621e+01
   3.2250000e+02   2.0115073e+01
   3.2275000e+02   2.0114528e+01
   3.2300000e+02   2.0113985e+01
   3.2325000e+02   2.0113445e+01
   3.2350000e+02   2.0112908e+01
   3.2375000e+02   2.0112373e+01
   3.2400000e+02   2.0111840e+01
   3.2425000e+02   2.0111310e+01
   3.2450000e+02   2.0110783e+01
   3.2475000e+02   2.0110258e+01
   3.2500000e+02   2.0109735e+01
   3.2525000e+02   2.0109215e+01
   3.2550000e+02   2.0108698e+01
   3.2575000e+02   2.0108182e+01
   3.2600000e+02   2.0107670e+01
   3.2625000e+02   2.0107160e+01
   3.2650000e+02   2.0106652e+01
   3.2675000e+02   2.0106146e+01
   3.2700000e+02   2.0105643e+01
   3.2725000e+02   2.0105143e+01
   3.2750000e+02   2.0104645e+01
   3.2775000e+02   2.0104149e+01
   3.2800000e+02   2.0103655e+01
   3.2825000e+02   2.0103164e+01
   3.2850000e+02   2.0102675e+01
   3.2875000e+02   2.0102189e+01
   3.2900000e+02   2.0101704e+01
   3.2925000e+02   2.0101222e+01
   3.2950000e+02   2.0100743e+01
   3.2975000e+02   2.0100265e+01
   3.3000000e+02   2.0099790e+01
   3.3025000e+02   2.0099317e+01
   3.3050000e+02   2.0098847e+01
   3.3075000e+02   2.0098378e+01
   3.3100000e+02   2.0097912e+01
   3.3125000e+02   2.0097448e+01
   3.3150000e+02   2.0096986e+01
   3.3175000e+02   2.0096527e+01
   3.3200000e+02   2.0096069e+01
   3.3225000e+02   2.0095614e+01
   3.3250000e+02   2.0095161e+01
   3.3275000e+02   2.0094710e+01
   3.3300000e+02   2.0094261e+01
   3.3325000e+02   2.0093815e+01
   3.3350000e+02   2.0093370e+01
   3.3375000e+02   2.0092927e+01
   3.3400000e+02   2.0092487e+01
   3.3425000e+02   2.0092049e+01
   3.3450000e+02   2.0091613e+01
   3.3475000e+02   2.0091179e+01
   3.3500000e+02   2.0090746e+01
   3.3525000e+02   2.0090316e+01
   3.3550000e+02   2.0089888e+01
   3.3575000e+02   2.0089463e+01
   3.3600000e+02   2.0089039e+01
   3.3625000e+02   2.0088617e+01
   3.3650000e+02   2.0088197e+01
   3.3675000e+02   2.0087779e+01
   3.3700000e+02   2.0087363e+01
   3.3725000e+02   2.0086949e+01
   3.3750000e+02   2.0086537e+01
   3.3775000e+02   2.0086127e+01
   3.3800000e+02   2.0085719e+01
   3.3825000e+02   2.0085312e+01
   3.3850000e+02   2.0084908e+01
   3.3875000e+02   2.0084506e+01
   3.3900000e+02   2.0084105e+01
   3.3925000e+02   2.0083707e+01
   3.3950000e+02   2.0083310e+01
   3.3975000e+02   2.0082915e+01
   3.4000000e+02   2.0082522e+01
   3.4025000e+02   2.0082131e+01
   3.4050000e+02   2.0081742e+01
   3.4075000e+02   2.0081355e+01
   3.4100000e+02   2.0080969e+01
   3.4125000e+02   2.0080586e+01
   3.4150000e+02   2.0080204e+01
   3.4175000e+02   2.0079824e+01
   3.4200000e+02   2.0079445e+01
   3.4225000e+02   2.0079069e+01
   3.4250000e+02   2.0078694e+01
   3.4275000e+02   2.0078321e+01
   3.4300000e+02   2.0077950e+01
   3.4325000e+02   2.0077581e+01
   3.4350000e+02   2.0077213e+01
   3.4375000e+02   2.0076847e+01
   3.4400000e+02   2.0076483e+01
   3.4425000e+02   2.0076121e+01
   3.4450000e+02   2.0075760e+01
   3.4475000e+02   2.0075401e+01
   3.4500000e+02   2.0075044e+01
   3.4525000e+02   2.0074688e+01
   3.4550000e+02   2.0074334e+01
   3.4575000e+02   2.0073982e+01
   3.4600000e+02   2.0073631e+01
   3.4625000e+02   2.0073282e+01
   3.4650000e+02   2.0072935e+01
   3.4675000e+02   2.0072589e+01
   3.4700000e+02   2.0072245e+01
   3.4725000e+02   2.0071903e+01
   3.4750000e+02   2.0071562e+01
   3.4775000e+02   2.0071223e+01
   3.4800000e+02   2.0070886e+01
   3.4825000e+02   2.0070550e+01
   3.4850000e+02   2.0070216e+01
   3.4875000e+02   2.0069883e+01
   3.4900000e+02   2.0069552e+01
   3.4925000e+02   2.0069222e+01
   3.4950000e+02   2.0068894e+01
   3.4975000e+02   2.0068568e+01
   3.5000000e+02   2.0068243e+01
   3.5025000e+02   2.0067919e+01
   3.5050000e+02   2.0067597e+01
   3.5075000e+02   2.0067277e+01
   3.5100000e+02   2.0066958e+01
   3.5125000e+02   2.0066641e+01
   3.5150000e+02   2.0066325e+01
   3.5175000e+02   2.0066011e+01
   3.5200000e+02   2.0065698e+01
   3.5225000e+02   2.0065387e+01
   3.5250000e+02   2.0065077e+01
   3.5275000e+02   2.0064769e+01
   3.5300000e+02   2.0064462e+01
   3.5325000e+02   2.0064156e+01
   3.5350000e+02   2.0063852e+01
   3.5375000e+02   2.0063550e+01
   3.5400000e+02   2.0063248e+01
   3.5425000e+02   2.0062949e+01
   3.5450000e+02   2.0062650e+01
   3.5475000e+02   2.0062353e+01
   3.5500000e+02   2.0062058e+01
   3.5525000e+02   2.0061764e+01
   3.5550000e+02   2.0061471e+01
   3.5575000e+02   2.0061180e+01
   3.5600000e+02   2.0060890e+01
   3.5625000e+02   2.0060601e+01
   3.5650000e+02   2.0060314e+01
   3.5675000e+02   2.0060029e+01
   3.5700000e+02   2.0059744e+01
   3.5725000e+02   2.0059461e+01
   3.5750000e+02   2.0059179e+01
   3.5775000e+02   2.0058899e+01
   3.5800000e+02   2.0058620e+01
   3.5825000e+02   2.0058342e+01
   3.5850000e+02   2.0058065e+01
   3.5875000e+02   2.0057790e+01
   3.5900000e+02   2.0057516e+01
   3.5925000e+02   2.0057244e+01
   3.5950000e+02   2.0056973e+01
   3.5975000e+02   2.0056703e+01
   3.6000000e+02   2.0056434e+01
   3.6025000e+02   2.0056166e+01
   3.6050000e+02   2.0055900e+01
   3.6075000e+02   2.0055635e+01
   3.6100000e+02   2.0055372e+01
   3.6125000e+02   2.0055109e+01
   3.6150000e+02   2.0054848e+01
   3.6175000e+02   2.0054588e+01
   3.6200000e+02   2.0054330e+01
   3.6225000e+02   2.0054072e+01
   3.6250000e+02   2.0053816e+01
   3.6275000e+02   2.0053561e+01
   3.6300000e+02   2.0053307e+01
   3.6325000e+02   2.0053054e+01
   3.6350000e+02   2.0052803e+01
   3.6375000e+02   2.0052553e+01
   3.6400000e+02   2.0052304e+01
   3.6425000e+02   2.0052056e+01
   3.6450000e+02   2.0051809e+01
   3.6475000e+02   2.0051564e+01
   3.6500000e+02   2.0051319e+01
   3.6525000e+02   2.0051076e+01
   3.6550000e+02   2.0050834e+01
   3.6575000e+02   2.0050593e+01
   3.6600000e+02   2.0050354e+01
   3.6625000e+02   2.0050115e+01
   3.6650000e+02   2.0049877e+01
   3.6675000e+02   2.0049641e+01
   3.6700000e+02   2.0049406e+01
   3.6725000e+02   2.0049172e+01
   3.6750000e+02   2.0048939e+01
   3.6775000e+02   2.0048707e+01
   3.6800000e+02   2.0048476e+01
   3.6825000e+02   2.0048246e+01
   3.6850000e+02   2.0048018e+01
   3.6875000e+02   2.0047790e+01
   3.6900000e+02   2.0047564e+01
   3.6925000e+02   2.0047338e+01
   3.6950000e+02   2.0047114e+01
   3.6975000e+02   2.0046891e+01
   3.7000000e+02   2.0046669e+01
   3.7025000e+02   2.0046447e+01
   3.7050000e+02   2.0046227e+01
   3.7075000e+02   2.0046008e+01
   3.7100000e+02   2.0045790e+01
   3.7125000e+02   2.0045573e+01
   3.7150000e+02   2.0045357e+01
   3.7175000e+02   2.0045142e+01
   3.7200000e+02   2.0044928e+01
   3.7225000e+02   2.0044715e+01
   3.7250000e+02   2.0044504e+01
   3.7275000e+02   2.0044293e+01
   3.7300000e+02   2.0044083e+01
   3.7325000e+02   2.0043874e+01
   3.7350000e+02   2.0043666e+01
   3.7375000e+02   2.0043459e+01
   3.7400000e+02   2.0043253e+01
   3.7425000e+02   2.0043048e+01
   3.7450000e+02   2.0042844e+01
   3.7475000e+02   2.0042641e+01
   3.7500000e+02   2.0042439e+01
   3.7525000e+02   2.0042238e+01
   3.7550000e+02   2.0042038e+01
   3.7575000e+02   2.0041839e+01
   3.7600000e+02   2.0041640e+01
   3.7625000e+02   2.0041443e+01
   3.7650000e+02   2.0041247e+01
   3.7675000e+02   2.0041051e+01
   3.7700000e+02   2.0040857e+01
   3.7725000e+02   2.0040663e+01
   3.7750000e+02   2.0040470e+01
   3.7775000e+02   2.0040279e+01
   3.7800000e+02   2.0040088e+01
   3.7825000e+02   2.0039898e+01
   3.7850000e+02   2.0039709e+01
   3.7875000e+02   2.0039521e+01
   3.7900000e+02   2.0039333e+01
   3.7925000e+02   2.0039147e+01
   3.7950000e+02   2.0038961e+01
   3.7975000e+02   2.0038777e+01
   3.8000000e+02   2.0038593e+01
   3.8025000e+02   2.0038410e+01
   3.8050000e+02   2.0038228e+01
   3.8075000e+02   2.0038047e+01
   3.8100000e+02   2.0037867e+01
   3.8125000e+02   2.0037687e+01
   3.8150000e+02   2.0037509e+01
   3.8175000e+02   2.0037331e+01
   3.8200000e+02   2.0037154e+01
   3.8225000e+02   2.0036978e+01
   3.8250000e+02   2.0036803e+01
   3.8275000e+02   2.0036628e+01
   3.8300000e+02   2.0036455e+01
   3.8325000e+02   2.0036282e+01
   3.8350000e+02   2.0036110e+01
   3.8375000e+02   2.0035939e+01
   3.8400000e+02   2.0035769e+01
   3.8425000e+02   2.0035599e+01
   3.8450000e+02   2.0035430e+01
   3.8475000e+02   2.0035262e+01
   3.8500000e+02   2.0035095e+01
   3.8525000e+02   2.0034929e+01
   3.8550000e+02   2.0034764e+01
   3.8575000e+02   2.0034599e+01
   3.8600000e+02   2.0034435e+01
   3.8625000e+02   2.0034272e+01
   3.8650000e+02   2.0034109e+01
   3.8675000e+02   2.0033948e+01
   3.8700000e+02   2.0033787e+01
   3.8725000e+02   2.0033627e+01
   3.8750000e+02   2.0033467e+01
   3.8775000e+02   2.0033309e+01
   3.8800000e+02   2.0033151e+01
   3.8825000e+02   2.0032994e+01
   3.8850000e+02   2.0032837e+01
   3.8875000e+02   2.0032682e+01
   3.8900000e+02   2.0032527e+01
   3.8925000e+02   2.0032373e+01
   3.8950000e+02   2.0032219e+01
   3.8975000e+02   2.0032067e+01
   3.9000000e+02   2.0031915e+01
   3.9025000e+02   2.0031764e+01
   3.9050000e+02   2.0031613e+01
   3.9075000e+02   2.0031463e+01
   3.9100000e+02   2.0031314e+01
   3.9125000e+02   2.0031166e+01
   3.9150000e+02   2.0031018e+01
   3.9175000e+02   2.0030871e+01
   3.9200000e+02   2.0030725e+01
   3.9225000e+02   2.0030579e+01
   3.9250000e+02   2.0030434e+01
   3.9275000e+02   2.0030290e+01
   3.9300000e+02   2.0030147e+01
   3.9325000e+02   2.0030004e+01
   3.9350000e+02   2.0029861e+01
   3.9375000e+02   2.0029720e+01
   3.9400000e+02   2.0029579e+01
   3.9425000e+02   2.0029439e+01
   3.9450000e+02   2.0029299e+01
   3.9475000e+02   2.0029161e+01
   3.9500000e+02   2.0029022e+01
   3.9525000e+02   2.0028885e+01
   3.9550000e+02   2.0028748e+01
   3.9575000e+02   2.0028612e+01
   3.9600000e+02   2.0028476e+01
   3.9625000e+02   2.0028341e+01
   3.9650000e+02   2.0028207e+01
   3.9675000e+02   2.0028073e+01
   3.9700000e+02   2.0027940e+01
   3.9725000e+02   2.0027808e+01
   3.9750000e+02   2.0027676e+01
   3.9775000e+02   2.0027545e+01
   3.9800000e+02   2.0027414e+01
   3.9825000e+02   2.0027285e+01
   3.9850000e+02   2.0027155e+01
   3.9875000e+02   2.0027027e+01
   3.9900000e+02   2.0026898e+01
   3.9925000e+02   2.0026771e+01
   3.9950000e+02   2.0026644e+01
   3.9975000e+02   2.0026518e+01
   4.0000000e+02   2.0026392e+01
   4.0025000e+02   2.0026267e+01
   4.0050000e+02   2.0026143e+01
   4.0075000e+02   2.0026019e+01
   4.0100000e+02   2.0025896e+01
   4.0125000e+02   2.0025773e+01
   4.0150000e+02   2.0025651e+01
   4.0175000e+02   2.0025529e+01
   4.0200000e+02   2.0025408e+01
   4.0225000e+02   2.0025288e+01
   4.0250000e+02   2.0025168e+01
   4.0275000e+02   2.0025049e+01
   4.0300000e+02   2.0024930e+01
   4.0325000e+02   2.0024812e+01
   4.0350000e+02   2.0024694e+01
   4.0375000e+02   2.0024577e+01
   4.0400000e+02   2.0024461e+01
   4.0425000e+02   2.0024345e+01
   4.0450000e+02   2.0024229e+01
   4.0475000e+02   2.0024115e+01
   4.0500000e+02   2.0024000e+01
   4.0525000e+02   2.0023887e+01
   4.0550000e+02   2.0023773e+01
   4.0575000e+02   2.0023661e+01
   4.0600000e+02   2.0023549e+01
   4.0625000e+02   2.0023437e+01
   4.0650000e+02   2.0023326e+01
   4.0675000e+02   2.0023215e+01
   4.0700000e+02   2.0023105e+01
   4.0725000e+02   2.0022996e+01
   4.0750000e+02   2.0022887e+01
   4.0775000e+02   2.0022779e+01
   4.0800000e+02   2.0022671e+01
   4.0825000e+02   2.0022563e+01
   4.0850000e+02   2.0022456e+01
   4.0875000e+02   2.0022350e+01
   4.0900000e+02   2.0022244e+01
   4.0925000e+02   2.0022139e+01
   4.0950000e+02   2.0022034e+01
   4.0975000e+02   2.0021929e+01
   4.1000000e+02   2.0021825e+01
   4.1025000e+02   2.0021722e+01
   4.1050000e+02   2.0021619e+01
   4.1075000e+02   2.0021516e+01
   4.1100000e+02   2.0021415e+01
   4.1125000e+02   2.0021313e+01
   4.1150000e+02   2.0021212e+01
   4.1175000e+02   2.0021112e+01
   4.1200000e+02   2.0021011e+01
   4.1225000e+02   2.0020912e+01
   4.1250000e+02   2.0020813e+01
   4.1275000e+02   2.0020714e+01
   4.1300000e+02   2.0020616e+01
   4.1325000e+02   2.0020518e+01
   4.1350000e+02   2.0020421e+01
   4.1375000e+02   2.0020324e+01
   4.1400000e+02   2.0020228e+01
   4.1425000e+02   2.0020132e+01
   4.1450000e+02   2.0020037e+01
   4.1475000e+02   2.0019942e+01
   4.1500000e+02   2.0019847e+01
   4.1525000e+02   2.0019753e+01
   4.1550000e+02   2.0019660e+01
   4.1575000e+02   2.0019567e+01
   4.1600000e+02   2.0019474e+01
   4.1625000e+02   2.0019382e+01
   4.1650000e+02   2.0019290e+01
   4.1675000e+02   2.0019198e+01
   4.1700000e+02   2.0019107e+01
   4.1725000e+02   2.0019017e+01
   4.1750000e+02   2.0018927e+01
   4.1775000e+02   2.0018837e+01
   4.1800000e+02   2.0018748e+01
   4.1825000e+02   2.0018659e+01
   4.1850000e+02   2.0018570e+01
   4.1875000e+02   2.0018482e+01
   4.1900000e+02   2.0018395e+01
   4.1925000e+02   2.0018308e+01
   4.1950000e+02   2.0018221e+01
   4.1975000e+02   2.0018135e+01
   4.2000000e+02   2.0018049e+01
   4.2025000e+02   2.0017963e+01
   4.2050000e+02   2.0017878e+01
   4.2075000e+02   2.0017793e+01
   4.2100000e+02   2.0017709e+01
   4.2125000e+02   2.0017625e+01
   4.2150000e+02   2.0017542e+01
   4.2175000e+02   2.0017458e+01
   4.2200000e+02   2.0017376e+01
   4.2225000e+02   2.0017293e+01
   4.2250000e+02   2.0017211e+01
   4.2275000e+02   2.0017130e+01
   4.2300000e+02   2.0017049e+01
   4.2325000e+02   2.0016968e+01
   4.2350000e+02   2.0016887e+01
   4.2375000e+02   2.0016807e+01
   4.2400000e+02   2.0016728e+01
   4.2425000e+02   2.0016648e+01
   4.2450000e+02   2.0016570e+01
   4.2475000e+02   2.0016491e+01
   4.2500000e+02   2.0016413e+01
   4.2525000e+02   2.0016335e+01
   4.2550000e+02   2.0016258e+01
   4.2575000e+02   2.0016181e+01
   4.2600000e+02   2.0016104e+01
   4.2625000e+02   2.0016028e+01
   4.2650000e+02   2.0015952e+01
   4.2675000e+02   2.0015876e+01
   4.2700000e+02   2.0015801e+01
   4.2725000e+02   2.0015726e+01
   4.2750000e+02   2.0015652e+01
   4.2775000e+02   2.0015577e+01
   4.2800000e+02   2.0015504e+01
   4.2825000e+02   2.0015430e+01
   4.2850000e+02   2.0015357e+01
   4.2875000e+02   2.0015284e+01
   4.2900000e+02   2.0015212e+01
   4.2925000e+02   2.0015140e+01
   4.2950000e+02   2.0015068e+01
   4.2975000e+02   2.0014997e+01
   4.3000000e+02   2.0014925e+01
   4.3025000e+02   2.0014855e+01
   4.3050000e+02   2.0014784e+01
   4.3075000e+02   2.0014714e+01
   4.3100000e+02   2.0014645e+01
   4.3125000e+02   2.0014575e+01
   4.3150000e+02   2.0014506e+01
   4.3175000e+02   2.0014437e+01
   4.3200000e+02   2.0014369e+01
   4.3225000e+02   2.0014301e+01
   4.3250000e+02   2.0014233e+01
   4.3275000e+02   2.0014166e+01
   4.3300000e+02   2.0014099e+01
   4.3325000e+02   2.0014032e+01
   4.3350000e+02   2.0013965e+01
   4.3375000e+02   2.0013899e+01
   4.3400000e+02   2.0013833e+01
   4.3425000e+02   2.0013768e+01
   4.3450000e+02   2.0013702e+01
   4.3475000e+02   2.0013637e+01
   4.3500000e+02   2.0013573e+01
   4.3525000e+02   2.0013509e+01
   4.3550000e+02   2.0013444e+01
   4.3575000e+02   2.0013381e+01
   4.3600000e+02   2.0013317e+01
   4.3625000e+02   2.0013254e+01
   4.3650000e+02   2.0013191e+01
   4.3675000e+02   2.0013129e+01
   4.3700000e+02   2.0013067e+01
   4.3725000e+02   2.0013005e+01
   4.3750000e+02   2.0012943e+01
   4.3775000e+02   2.0012882e+01
   4.3800000e+02   2.0012821e+01
   4.3825000e+02   2.0012760e+01
   4.3850000e+02   2.0012700e+01
   4.3875000e+02   2.0012639e+01
   4.3900000e+02   2.0012580e+01
   4.3925000e+02   2.0012520e+01
   4.3950000e+02   2.0012461e+01
   4.3975000e+02   2.0012402e+01
   4.4000000e+02   2.0012343e+01
   4.4025000e+02   2.0012284e+01
   4.4050000e+02   2.0012226e+01
   4.4075000e+02   2.0012168e+01
   4.4100000e+02   2.0012110e+01
   4.4125000e+02   2.0012053e+01
   4.4150000e+02   2.0011996e+01
   4.4175000e+02   2.0011939e+01
   4.4200000e+02   2.0011883e+01
   4.4225000e+02   2.0011826e+01
   4.4250000e+02   2.0011770e+01
   4.4275000e+02   2.0011714e+01
   4.4300000e+02   2.0011659e+01
   4.4325000e+02   2.0011604e+01
   4.4350000e+02   2.0011549e+01
   4.4375000e+02   2.0011494e+01
   4.4400000e+02   2.0011439e+01
   4.4425000e+02   2.0011385e+01
   4.4450000e+02   2.0011331e+01
   4.4475000e+02   2.0011278e+01
   4.4500000e+02   2.0011224e+01
   4.4525000e+02   2.0011171e+01
   4.4550000e+02   2.0011118e+01
   4.4575000e+02   2.0011065e+01
   4.4600000e+02   2.0011013e+01
   4.4625000e+02   2.0010961e+01
   4.4650000e+02   2.0010909e+01
   4.4675000e+02   2.0010857e+01
   4.4700000e+02   2.0010806e+01
   4.4725000e+02   2.0010754e+01
   4.4750000e+02   2.0010703e+01
   4.4775000e+02   2.0010653e+01
   4.4800000e+02   2.0010602e+01
   4.4825000e+02   2.0010552e+01
   4.4850000e+02   2.0010502e+01
   4.4875000e+02   2.0010452e+01
   4.4900000e+02   2.0010403e+01
   4.4925000e+02   2.0010353e+01
   4.4950000e+02   2.0010304e+01
   4.4975000e+02   2.0010256e+01
   4.5000000e+02   2.0010207e+01
   4.5025000e+02   2.0010159e+01
   4.5050000e+02   2.0010110e+01
   4.5075000e+02   2.0010063e+01
   4.5100000e+02   2.0010015e+01
   4.5125000e+02   2.0009967e+01
   4.5150000e+02   2.0009920e+01
   4.5175000e+02   2.0009873e+01
   4.5200000e+02   2.0009826e+01
   4.5225000e+02   2.0009780e+01
   4.5250000e+02   2.0009733e+01
   4.5275000e+02   2.0009687e+01
   4.5300000e+02   2.0009641e+01
   4.5325000e+02   2.0009596e+01
   4.5350000e+02   2.0009550e+01
   4.5375000e+02   2.0009505e+01
   4.5400000e+02   2.0009460e+01
   4.5425000e+02   2.0009415e+01
   4.5450000e+02   2.0009371e+01
   4.5475000e+02   2.0009326e+01
   4.5500000e+02   2.0009282e+01
   4.5525000e+02   2.0009238e+01
   4.5550000e+02   2.0009194e+01
   4.5575000e+02   2.0009151e+01
   4.5600000e+02   2.0009107e+01
   4.5625000e+02   2.0009064e+01
   4.5650000e+02   2.0009021e+01
   4.5675000e+02   2.0008978e+01
   4.5700000e+02   2.0008936e+01
   4.5725000e+02   2.0008893e+01
   4.5750000e+02   2.0008851e+01
   4.5775000e+02   2.0008809e+01
   4.5800000e+02   2.0008768e+01
   4.5825000e+02   2.0008726e+01
   4.5850000e+02   2.0008685e+01
   4.5875000e+02   2.0008644e+01
   4.5900000e+02   2.0008603e+01
   4.5925000e+02   2.0008562e+01
   4.5950000e+02   2.0008521e+01
   4.5975000e+02   2.0008481e+01
   4.6000000e+02   2.0008441e+01
   4.6025000e+02   2.0008401e+01
   4.6050000e+02   2.0008361e+01
   4.6075000e+02   2.0008321e+01
   4.6100000e+02   2.0008282e+01
   4.6125000e+02   2.0008243e+01
   4.6150000e+02   2.0008204e+01
   4.6175000e+02   2.0008165e+01
   4.6200000e+02   2.0008126e+01
   4.6225000e+02   2.0008087e+01
   4.6250000e+02   2.0008049e+01
   4.6275000e+02   2.0008011e+01
   4.6300000e+02   2.0007973e+01
   4.6325000e+02   2.0007935e+01
   4.6350000e+02   2.0007898e+01
   4.6375000e+02   2.0007860e+01
   4.6400000e+02   2.0007823e+01
   4.6425000e+02   2.0007786e+01
   4.6450000e+02   2.0007749e+01
   4.6475000e+02   2.0007712e+01
   4.6500000e+02   2.0007676e+01
   4.6525000e+02   2.0007639e+01
   4.6550000e+02   2.0007603e+01
   4.6575000e+02   2.0007567e+01
   4.6600000e+02   2.0007531e+01
   4.6625000e+02   2.0007496e+01
   4.6650000e+02   2.0007460e+01
   4.6675000e+02   2.0007425e+01
   4.6700000e+02   2.0007390e+01
   4.6725000e+02   2.0007355e+01
   4.6750000e+02   2.0007320e+01
   4.6775000e+02   2.0007285e+01
   4.6800000e+02   2.0007250e+01
   4.6825000e+02   2.0007216e+01
   4.6850000e+02   2.0007182e+01
   4.6875000e+02   2.0007148e+01
   4.6900000e+02   2.0007114e+01
   4.6925000e+02   2.0007080e+01
   4.6950000e+02   2.0007047e+01
   4.6975000e+02   2.0007013e+01
   4.7000000e+02   2.0006980e+01
   4.7025000e+02   2.0006947e+01
   4.7050000e+02   2.0006914e+01
   4.7075000e+02   2.0006881e+01
   4.7100000e+02   2.0006849e+01
   4.7125000e+02   2.0006816e+01
   4.7150000e+02   2.0006784e+01
   4.7175000e+02   2.0006752e+01
   4.7200000e+02   2.0006720e+01
   4.7225000e+02   2.0006688e+01
   4.7250000e+02   2.0006656e+01
   4.7275000e+02   2.0006625e+01
   4.7300000e+02   2.0006593e+01
   4.7325000e+02   2.0006562e+01
   4.7350000e+02   2.0006531e+01
   4.7375000e+02   2.0006500e+01
   4.7400000e+02   2.0006469e+01
   4.7425000e+02   2.0006439e+01
   4.7450000e+02   2.0006408e+01
   4.7475000e+02   2.0006378e+01
   4.7500000e+02   2.0006348e+01
   4.7525000e+02   2.0006317e+01
   4.7550000e+02   2.0006288e+01
   4.7575000e+02   2.0006258e+01
   4.7600000e+02   2.0006228e+01
   4.7625000e+02   2.0006199e+01
   4.7650000e+02   2.0006169e+01
   4.7675000e+02   2.0006140e+01
   4.7700000e+02   2.0006111e+01
   4.7725000e+02   2.0006082e+01
   4.7750000e+02   2.0006053e+01
   4.7775000e+02   2.0006024e+01
   4.7800000e+02   2.0005996e+01
   4.7825000e+02   2.0005967e+01
   4.7850000e+02   2.0005939e+01
   4.7875000e+02   2.0005911e+01
   4.7900000e+02   2.0005883e+01
   4.7925000e+02   2.0005855e+01
   4.7950000e+02   2.0005827e+01
   4.7975000e+02   2.0005800e+01
   4.8000000e+02   2.0005772e+01
   4.8025000e+02   2.0005745e+01
   4.8050000e+02   2.0005718e+01
   4.8075000e+02   2.0005691e+01
   4.8100000e+02   2.0005664e+01
   4.8125000e+02   2.0005637e+01
   4.8150000e+02   2.0005610e+01
   4.8175000e+02   2.0005584e+01
   4.8200000e+02   2.0005557e+01
   4.8225000e+02   2.0005531e+01
   4.8250000e+02   2.0005505e+01
   4.8275000e+02   2.0005478e+01
   4.8300000e+02   2.0005452e+01
   4.8325000e+02   2.0005427e+01
   4.8350000e+02   2.0005401e+01
   4.8375000e+02   2.0005375e+01
   4.8400000e+02   2.0005350e+01
   4.8425000e+02   2.0005325e+01
   4.8450000e+02   2.0005299e+01
   4.8475000e+02   2.0005274e+01
   4.8500000e+02   2.0005249e+01
   4.8525000e+02   2.0005224e+01
   4.8550000e+02   2.0005200e+01
   4.8575000e+02   2.0005175e+01
   4.8600000e+02   2.0005150e+01
   4.8625000e+02   2.0005126e+01
   4.8650000e+02   2.0005102e+01
   4.8675000e+02   2.0005078e+01
   4.8700000e+02   2.0005053e+01
   4.8725000e+02   2.0005029e+01
   4.8750000e+02   2.0005006e+01
   4.8775000e+02   2.0004982e+01
   4.8800000e+02   2.0004958e+01
   4.8825000e+02   2.0004935e+01
   4.8850000e+02   2.0004911e+01
   4.8875000e+02   2.0004888e+01
   4.8900000e+02   2.0004865e+01
   4.8925000e+02   2.0004842e+01
   4.8950000e+02   2.0004819e+01
   4.8975000e+02   2.0004796e+01
   4.9000000e+02   2.0004773e+01
   4.9025000e+02   2.0004751e+01
   4.9050000e+02   2.0004728e+01
   4.9075000e+02   2.0004706e+01
   4.9100000e+02   2.0004684e+01
   4.9125000e+02   2.0004661e+01
   4.9150000e+02   2.0004639e+01
   4.9175000e+02   2.0004617e+01
   4.9200000e+02   2.0004595e+01
   4.9225000e+02   2.0004574e+01
   4.9250000e+02   2.0004552e+01
   4.9275000e+02   2.0004530e+01
   4.9300000e+02   2.0004509e+01
   4.9325000e+02   2.0004488e+01
   4.9350000e+02   2.0004466e+01
   4.9375000e+02   2.0004445e+01
   4.9400000e+02   2.0004424e+01
   4.9425000e+02   2.0004403e+01
   4.9450000e+02   2.0004382e+01
   4.9475000e+02   2.0004362e+01
   4.9500000e+02   2.0004341e+01
   4.9525000e+02   2.0004320e+01
   4.9550000e+02   2.0004300e+01
   4.9575000e+02   2.0004279e+01
   4.9600000e+02   2.0004259e+01
   4.9625000e+02   2.0004239e+01
   4.9650000e+02   2.0004219e+01
   4.9675000e+02   2.0004199e+01
   4.9700000e+02   2.0004179e+01
   4.9725000e+02   2.0004159e+01
   4.9750000e+02   2.0004139e+01
   4.9775000e+02   2.0004120e+01
   4.9800000e+02   2.0004100e+01
   4.9825000e+02   2.0004081e+01
   4.9850000e+02   2.0004062e+01
   4.9875000e+02   2.0004042e+01
   4.9900000e+02   2.0004023e+01
   4.9925000e+02   2.0004004e+01
   4.9950000e+02   2.0003985e+01
   4.9975000e+02   2.0003966e+01
   5.0000000e+02   2.0003947e+01
   5.0025000e+02   2.0003929e+01
   5.0050000e+02   2.0003910e+01
   5.0075000e+02   2.0003892e+01
   5.0100000e+02   2.0003873e+01
   5.0125000e+02   2.0003855e+01
   5.0150000e+02   2.0003837e+01
   5.0175000e+02   2.0003818e+01
   5.0200000e+02   2.0003800e+01
   5.0225000e+02   2.0003782e+01
   5.0250000e+02   2.0003764e+01
   5.0275000e+02   2.0003746e+01
   5.0300000e+02   2.0003729e+01
   5.0325000e+02   2.0003711e+01
   5.0350000e+02   2.0003693e+01
   5.0375000e+02   2.0003676e+01
   5.0400000e+02   2.0003659e+01
   5.0425000e+02   2.0003641e+01
   5.0450000e+02   2.0003624e+01
   5.0475000e+02   2.0003607e+01
   5.0500000e+02   2.0003590e+01
   5.0525000e+02   2.0003573e+01
   5.0550000e+02   2.0003556e+01
   5.0575000e+02   2.0003539e+01
   5.0600000e+02   2.0003522e+01
   5.0625000e+02   2.0003505e+01
   5.0650000e+02   2.0003489e+01
   5.0675000e+02   2.0003472e+01
   5.0700000e+02   2.0003456e+01
   5.0725000e+02   2.0003439e+01
   5.0750000e+02   2.0003423e+01
   5.0775000e+02   2.0003407e+01
   5.0800000e+02   2.0003391e+01
   5.0825000e+02   2.0003375e+01
   5.0850000e+02   2.0003359e+01
   5.0875000e+02   2.0003343e+01
   5.0900000e+02   2.0003327e+01
   5.0925000e+02   2.0003311e+01
   5.0950000e+02   2.0003296e+01
   5.0975000e+02   2.0003280e+01
   5.1000000e+02   2.0003264e+01
   5.1025000e+02   2.0003249e+01
   5.1050000e+02   2.0003234e+01
   5.1075000e+02   2.0003218e+01
   5.1100000e+02   2.0003203e+01
   5.1125000e+02   2.0003188e+01
   5.1150000e+02   2.0003173e+01
   5.1175000e+02   2.0003158e+01
   5.1200000e+02   2.0003143e+01
   5.1225000e+02   2.0003128e+01
   5.1250000e+02   2.0003113e+01
   5.1275000e+02   2.0003098e+01
   5.1300000e+02   2.0003084e+01
   5.1325000e+02   2.0003069e+01
   5.1350000e+02   2.0003054e+01
   5.1375000e+02   2.0003040e+01
   5.1400000e+02   2.0003025e+01
   5.1425000e+02   2.0003011e+01
   5.1450000e+02   2.0002997e+01
   5.1475000e+02   2.0002983e+01
   5.1500000e+02   2.0002969e+01
   5.1525000e+02   2.0002954e+01
   5.1550000e+02   2.0002940e+01
   5.1575000e+02   2.0002927e+01
   5.1600000e+02   2.0002913e+01
   5.1625000e+02   2.0002899e+01
   5.1650000e+02   2.0002885e+01
   5.1675000e+02   2.0002871e+01
   5.1700000e+02   2.0002858e+01
   5.1725000e+02   2.0002844e+01
   5.1750000e+02   2.0002831e+01
   5.1775000e+02   2.0002817e+01
   5.1800000e+02   2.0002804e+01
   5.1825000e+02   2.0002791e+01
   5.1850000e+02   2.0002778e+01
   5.1875000e+02   2.0002764e+01
   5.1900000e+02   2.0002751e+01
   5.1925000e+02   2.0002738e+01
   5.1950000e+02   2.0002725e+01
   5.1975000e+02   2.0002712e+01
   5.2000000e+02   2.0002700e+01
   5.2025000e+02   2.0002687e+01
   5.2050000e+02   2.0002674e+01
   5.2075000e+02   2.0002661e+01
   5.2100000e+02   2.0002649e+01
   5.2125000e+02   2.0002636e+01
   5.2150000e+02   2.0002624e+01
   5.2175000e+02   2.0002611e+01
   5.2200000e+02   2.0002599e+01
   5.2225000e+02   2.0002587e+01
   5.2250000e+02   2.0002574e+01
   5.2275000e+02   2.0002562e+01
   5.2300000e+02   2.0002550e+01
   5.2325000e+02   2.0002538e+01
   5.2350000e+02   2.0002526e+01
   5.2375000e+02   2.0002514e+01
   5.2400000e+02   2.0002502e+01
   5.2425000e+02   2.0002490e+01
   5.2450000e+02   2.0002478e+01
   5.2475000e+02   2.0002467e+01
   5.2500000e+02   2.0002455e+01
   5.2525000e+02   2.0002443e+01
   5.2550000e+02   2.0002432e+01
   5.2575000e+02   2.0002420e+01
   5.2600000e+02   2.0002409e+01
   5.2625000e+02   2.0002397e+01
   5.2650000e+02   2.0002386e+01
   5.2675000e+02   2.0002375e+01
   5.2700000e+02   2.0002363e+01
   5.2725000e+02   2.0002352e+01
   5.2750000e+02   2.0002341e+01
   5.2775000e+02   2.0002330e+01
   5.2800000e+02   2.0002319e+01
   5.2825000e+02   2.0002308e+01
   5.2850000e+02   2.0002297e+01
   5.2875000e+02   2.0002286e+01
   5.2900000e+02   2.0002275e+01
   5.2925000e+02   2.0002264e+01
   5.2950000e+02   2.0002254e+01
   5.2975000e+02   2.0002243e+01
   5.3000000e+02   2.0002232e+01
   5.3025000e+02   2.0002222e+01
   5.3050000e+02   2.0002211e+01
   5.3075000e+02   2.0002201e+01
   5.3100000e+02   2.0002190e+01
   5.3125000e+02   2.0002180e+01
   5.3150000e+02   2.0002170e+01
   5.3175000e+02   2.0002159e+01
   5.3200000e+02   2.0002149e+01
   5.3225000e+02   2.0002139e+01
   5.3250000e+02   2.0002129e+01
   5.3275000e+02   2.0002119e+01
   5.3300000e+02   2.0002109e+01
   5.3325000e+02   2.0002099e+01
   5.3350000e+02   2.0002089e+01
   5.3375000e+02   2.0002079e+01
   5.3400000e+02   2.0002069e+01
   5.3425000e+02   2.0002059e+01
   5.3450000e+02   2.0002049e+01
   5.3475000e+02   2.0002040e+01
   5.3500000e+02   2.0002030e+01
   5.3525000e+02   2.0002020e+01
   5.3550000e+02   2.0002011e+01
   5.3575000e+02   2.0002001e+01
   5.3600000e+02   2.0001992e+01
   5.3625000e+02   2.0001982e+01
   5.3650000e+02   2.0001973e+01
   5.3675000e+02   2.0001964e+01
   5.3700000e+02   2.0001954e+01
   5.3725000e+02   2.0001945e+01
   5.3750000e+02   2.0001936e+01
   5.3775000e+02   2.0001927e+01
   5.3800000e+02   2.0001918e+01
   5.3825000e+02   2.0001909e+01
   5.3850000e+02   2.0001899e+01
   5.3875000e+02   2.0001890e+01
   5.3900000e+02   2.0001882e+01
   5.3925000e+02   2.0001873e+01
   5.3950000e+02   2.0001864e+01
   5.3975000e+02   2.0001855e+01
   5.4000000e+02   2.0001846e+01
   5.4025000e+02   2.0001837e+01
   5.4050000e+02   2.0001829e+01
   5.4075000e+02   2.0001820e+01
   5.4100000e+02   2.0001811e+01
   5.4125000e+02   2.0001803e+01
   5.4150000e+02   2.0001794e+01
   5.4175000e+02   2.0001786e+01
   5.4200000e+02   2.0001777e+01
   5.4225000e+02   2.0001769e+01
   5.4250000e+02   2.0001760e+01
   5.4275000e+02   2.0001752e+01
   5.4300000e+02   2.0001744e+01
   5.4325000e+02   2.0001736e+01
   5.4350000e+02   2.0001727e+01
   5.4375000e+02   2.0001719e+01
   5.4400000e+02   2.0001711e+01
   5.4425000e+02   2.0001703e+01
   5.4450000e+02   2.0001695e+01
   5.4475000e+02   2.0001687e+01
   5.4500000e+02   2.0001679e+01
   5.4525000e+02   2.0001671e+01
   5.4550000e+02   2.0001663e+01
   5.4575000e+02   2.0001655e+01
   5.4600000e+02   2.0001647e+01
   5.4625000e+02   2.0001639e+01
   5.4650000e+02   2.0001632e+01
   5.4675000e+02   2.0001624e+01
   5.4700000e+02   2.0001616e+01
   5.4725000e+02   2.0001609e+01
   5.4750000e+02   2.0001601e+01
   5.4775000e+02   2.0001593e+01
   5.4800000e+02   2.0001586e+01
   5.4825000e+02   2.0001578e+01
   5.4850000e+02   2.0001571e+01
   5.4875000e+02   2.0001563e+01
   5.4900000e+02   2.0001556e+01
   5.4925000e+02   2.0001549e+01
   5.4950000e+02   2.0001541e+01
   5.4975000e+02   2.0001534e+01
   5.5000000e+02   2.0001527e+01
   5.5025000e+02   2.0001519e+01
   5.5050000e+02   2.0001512e+01
   5.5075000e+02   2.0001505e+01
   5.5100000e+02   2.0001498e+01
   5.5125000e+02   2.0001491e+01
   5.5150000e+02   2.0001484e+01
   5.5175000e+02   2.0001477e+01
   5.5200000e+02   2.0001470e+01
   5.5225000e+02   2.0001463e+01
   5.5250000e+02   2.0001456e+01
   5.5275000e+02   2.0001449e+01
   5.5300000e+02   2.0001442e+01
   5.5325000e+02   2.0001435e+01
   5.5350000e+02   2.0001428e+01
   5.5375000e+02   2.0001422e+01
   5.5400000e+02   2.0001415e+01
   5.5425000e+02   2.0001408e+01
   5.5450000e+02   2.0001402e+01
   5.5475000e+02   2.0001395e+01
   5.5500000e+02   2.0001388e+01
   5.5525000e+02   2.0001382e+01
   5.5550000e+02   2.0001375e+01
   5.5575000e+02   2.0001369e+01
   5.5600000e+02   2.0001362e+01
   5.5625000e+02   2.0001356e+01
   5.5650000e+02   2.0001349e+01
   5.5675000e+02   2.0001343e+01
   5.5700000e+02   2.0001337e+01
   5.5725000e+02   2.0001330e+01
   5.5750000e+02   2.0001324e+01
   5.5775000e+02   2.0001318e+01
   5.5800000e+02   2.0001311e+01
   5.5825000e+02   2.0001305e+01
   5.5850000e+02   2.0001299e+01
   5.5875000e+02   2.0001293e+01
   5.5900000e+02   2.0001287e+01
   5.5925000e+02   2.0001281e+01
   5.5950000e+02   2.0001275e+01
   5.5975000e+02   2.0001268e+01
   5.6000000e+02   2.0001262e+01
   5.6025000e+02   2.0001256e+01
   5.6050000e+02   2.0001251e+01
   5.6075000e+02   2.0001245e+01
   5.6100000e+02   2.0001239e+01
   5.6125000e+02   2.0001233e+01
   5.6150000e+02   2.0001227e+01
   5.6175000e+02   2.0001221e+01
   5.6200000e+02   2.0001215e+01
   5.6225000e+02   2.0001210e+01
   5.6250000e+02   2.0001204e+01
   5.6275000e+02   2.0001198e+01
   5.6300000e+02   2.0001193e+01
   5.6325000e+02   2.0001187e+01
   5.6350000e+02   2.0001181e+01
   5.6375000e+02   2.0001176e+01
   5.6400000e+02   2.0001170e+01
   5.6425000e+02   2.0001165e+01
   5.6450000e+02   2.0001159e+01
   5.6475000e+02   2.0001154e+01
   5.6500000e+02   2.0001148e+01
   5.6525000e+02   2.0001143e+01
   5.6550000e+02   2.0001137e+01
   5.6575000e+02   2.0001132e+01
   5.6600000e+02   2.0001126e+01
   5.6625000e+02   2.0001121e+01
   5.6650000e+02   2.0001116e+01
   5.6675000e+02   2.0001111e+01
   5.6700000e+02   2.0001105e+01
   5.6725000e+02   2.0001100e+01
   5.6750000e+02   2.0001095e+01
   5.6775000e+02   2.0001090e+01
   5.6800000e+02   2.0001084e+01
   5.6825000e+02   2.0001079e+01
   5.6850000e+02   2.0001074e+01
   5.6875000e+02   2.0001069e+01
   5.6900000e+02   2.0001064e+01
   5.6925000e+02   2.0001059e+01
   5.6950000e+02   2.0001054e+01
   5.6975000e+02   2.0001049e+01
   5.7000000e+02   2.0001044e+01
   5.7025000e+02   2.0001039e+01
   5.7050000e+02   2.0001034e+01
   5.7075000e+02   2.0001029e+01
   5.7100000e+02   2.0001024e+01
   5.7125000e+02   2.0001020e+01
   5.7150000e+02   2.0001015e+01
   5.7175000e+02   2.0001010e+01
   5.7200000e+02   2.0001005e+01
   5.7225000e+02   2.0001000e+01
   5.7250000e+02   2.0000996e+01
   5.7275000e+02   2.0000991e+01
   5.7300000e+02   2.0000986e+01
   5.7325000e+02   2.0000981e+01
   5.7350000e+02   2.0000977e+01
   5.7375000e+02   2.0000972e+01
   5.7400000e+02   2.0000968e+01
   5.7425000e+02   2.0000963e+01
   5.7450000e+02   2.0000958e+01
   5.7475000e+02   2.0000954e+01
   5.7500000e+02   2.0000949e+01
   5.7525000e+02   2.0000945e+01
   5.7550000e+02   2.0000940e+01
   5.7575000e+02   2.0000936e+01
   5.7600000e+02   2.0000932e+01
   5.7625000e+02   2.0000927e+01
   5.7650000e+02   2.0000923e+01
   5.7675000e+02   2.0000918e+01
   5.7700000e+02   2.0000914e+01
   5.7725000e+02   2.0000910e+01
   5.7750000e+02   2.0000905e+01
   5.7775000e+02   2.0000901e+01
   5.7800000e+02   2.0000897e+01
   5.7825000e+02   2.0000893e+01
   5.7850000e+02   2.0000888e+01
   5.7875000e+02   2.0000884e+01
   5.7900000e+02   2.0000880e+01
   5.7925000e+02   2.0000876e+01
   5.7950000e+02   2.0000872e+01
   5.7975000e+02   2.0000867e+01
   5.8000000e+02   2.0000863e+01
   5.8025000e+02   2.0000859e+01
   5.8050000e+02   2.0000855e+01
   5.8075000e+02   2.0000851e+01
   5.8100000e+02   2.0000847e+01
   5.8125000e+02   2.0000843e+01
   5.8150000e+02   2.0000839e+01
   5.8175000e+02   2.0000835e+01
   5.8200000e+02   2.0000831e+01
   5.8225000e+02   2.0000827e+01
   5.8250000e+02   2.0000823e+01
   5.8275000e+02   2.0000819e+01
   5.8300000e+02   2.0000816e+01
   5.8325000e+02   2.0000812e+01
   5.8350000e+02   2.0000808e+01
   5.8375000e+02   2.0000804e+01
   5.8400000e+02   2.0000800e+01
   5.8425000e+02   2.0000796e+01
   5.8450000e+02   2.0000793e+01
   5.8475000e+02   2.0000789e+01
   5.8500000e+02   2.0000785e+01
   5.8525000e+02   2.0000781e+01
   5.8550000e+02   2.0000778e+01
   5.8575000e+02   2.0000774e+01
   5.8600000e+02   2.0000770e+01
   5.8625000e+02   2.0000767e+01
   5.8650000e+02   2.0000763e+01
   5.8675000e+02   2.0000759e+01
   5.8700000e+02   2.0000756e+01
   5.8725000e+02   2.0000752e+01
   5.8750000e+02   2.0000749e+01
   5.8775000e+02   2.0000745e+01
   5.8800000e+02   2.0000742e+01
   5.8825000e+02   2.0000738e+01
   5.8850000e+02   2.0000735e+01
   5.8875000e+02   2.0000731e+01
   5.8900000e+02   2.0000728e+01
   5.8925000e+02   2.0000724e+01
   5.8950000e+02   2.0000721e+01
   5.8975000e+02   2.0000717e+01
   5.9000000e+02   2.0000714e+01
   5.9025000e+02   2.0000711e+01
   5.9050000e+02   2.0000707e+01
   5.9075000e+02   2.0000704e+01
   5.9100000e+02   2.0000701e+01
   5.9125000e+02   2.0000697e+01
   5.9150000e+02   2.0000694e+01
   5.9175000e+02   2.0000691e+01
   5.9200000e+02   2.0000687e+01
   5.9225000e+02   2.0000684e+01
   5.9250000e+02   2.0000681e+01
   5.9275000e+02   2.0000678e+01
   5.9300000e+02   2.0000674e+01
   5.9325000e+02   2.0000671e+01
   5.9350000e+02   2.0000668e+01
   5.9375000e+02   2.0000665e+01
   5.9400000e+02   2.0000662e+01
   5.9425000e+02   2.0000659e+01
   5.9450000e+02   2.0000655e+01
   5.9475000e+02   2.0000652e+01
   5.9500000e+02   2.0000649e+01
   5.9525000e+02   2.0000646e+01
   5.9550000e+02   2.0000643e+01
   5.9575000e+02   2.0000640e+01
   5.9600000e+02   2.0000637e+01
   5.9625000e+02   2.0000634e+01
   5.9650000e+02   2.0000631e+01
   5.9675000e+02   2.0000628e+01
   5.9700000e+02   2.0000625e+01
   5.9725000e+02   2.0000622e+01
   5.9750000e+02   2.0000619e+01
   5.9775000e+02   2.0000616e+01
   5.9800000e+02   2.0000613e+01
   5.9825000e+02   2.0000610e+01
   5.9850000e+02   2.0000607e+01
   5.9875000e+02   2.0000605e+01
   5.9900000e+02   2.0000602e+01
   5.9925000e+02   2.0000599e+01
   5.9950000e+02   2.0000596e+01
   5.9975000e+02   2.0000593e+01
   6.0000000e+02   2.0000590e+01
