   0.0000000e+00   8.0315789e+01
   2.5000000e-01   8.0113019e+01
   5.0000000e-01   7.9911006e+01
   7.5000000e-01   7.9709747e+01
   1.0000000e+00   7.9509239e+01
   1.2500000e+00   7.9309480e+01
   1.5000000e+00   7.9110467e+01
   1.7500000e+00   7.8912196e+01
   2.0000000e+00   7.8714666e+01
   2.2500000e+00   7.8517873e+01
   2.5000000e+00   7.8321815e+01
   2.7500000e+00   7.8126488e+01
   3.0000000e+00   7.7931891e+01
   3.2500000e+00   7.7738021e+01
   3.5000000e+00   7.7544874e+01
   3.7500000e+00   7.7352448e+01
   4.0000000e+00   7.7160740e+01
   4.2500000e+00   7.6969748e+01
   4.5000000e+00   7.6779470e+01
   4.7500000e+00   7.6589901e+01
   5.0000000e+00   7.6401040e+01
   5.2500000e+00   7.6212885e+01
   5.5000000e+00   7.6025431e+01
   5.7500000e+00   7.5838678e+01
   6.0000000e+00   7.5652621e+01
   6.2500000e+00   7.5467260e+01
   6.5000000e+00   7.5282590e+01
   6.7500000e+00   7.5098610e+01
   7.0000000e+00   7.4915316e+01
   7.2500000e+00   7.4732707e+01
   7.5000000e+00   7.4550779e+01
   7.7500000e+00   7.4369531e+01
   8.0000000e+00   7.4188959e+01
   8.2500000e+00   7.4009061e+01
   8.5000000e+00   7.3829835e+01
   8.7500000e+00   7.3651278e+01
   9.0000000e+00   7.3473388e+01
   9.2500000e+00   7.3296162e+01
   9.5000000e+00   7.3119597e+01
   9.7500000e+00   7.2943691e+01
   1.0000000e+01   7.2768442e+01
   1.0250000e+01   7.2593848e+01
   1.0500000e+01   7.2419905e+01
   1.0750000e+01   7.2246611e+01
   1.1000000e+01   7.2073965e+01
   1.1250000e+01   7.1901963e+01
   1.1500000e+01   7.1730603e+01
   1.1750000e+01   7.1559883e+01
   1.2000000e+01   7.1389800e+01
   1.2250000e+01   7.1220352e+01
   1.2500000e+01   7.1051537e+01
   1.2750000e+01   7.0883352e+01
   1.3000000e+01   7.0715794e+01
   1.3250000e+01   7.0548862e+01
   1.3500000e+01   7.0382554e+01
   1.3750000e+01   7.0216866e+01
   1.4000000e+01   7.0051797e+01
   1.4250000e+01   6.9887344e+01
   1.4500000e+01   6.9723505e+01
   1.4750000e+01   6.9560278e+01
   1.5000000e+01   6.9397660e+01
   1.5250000e+01   6.9235649e+01
   1.5500000e+01   6.9074243e+01
   1.5750000e+01   6.8913439e+01
   1.6000000e+01   6.8753236e+01
   1.6250000e+01   6.8593631e+01
   1.6500000e+01   6.8434621e+01
   1.6750000e+01   6.8276206e+01
   1.7000000e+01   6.8118381e+01
   1.7250000e+01   6.7961146e+01
   1.7500000e+01   6.7804498e+01
   1.7750000e+01   6.7648435e+01
   1.8000000e+01   6.7492954e+01
   1.8250000e+01   6.7338054e+01
   1.8500000e+01   6.7183732e+01
   1.8750000e+01   6.7029986e+01
   1.9000000e+01   6.6876814e+01
   1.9250000e+01   6.6724213e+01
   1.9500000e+01   6.6572183e+01
   1.9750000e+01   6.6420720e+01
   2.0000000e+01   6.6269823e+01
   2.0250000e+01   6.6119488e+01
   2.0500000e+01   6.5969715e+01
   2.0750000e+01   6.5820502e+01
   2.1000000e+01   6.5671845e+01
   2.1250000e+01   6.5523743e+01
   2.1500000e+01   6.5376194e+01
   2.1750000e+01   6.5229196e+01
   2.2000000e+01   6.5082747e+01
   2.2250000e+01   6.4936844e+01
   2.2500000e+01   6.4791486e+01
   2.2750000e+01   6.4646671e+01
   2.3000000e+01   6.4502396e+01
   2.3250000e+01   6.4358660e+01
   2.3500000e+01   6.4215461e+01
   2.3750000e+01   6.4072796e+01
   2.4000000e+01   6.3930664e+01
   2.4250000e+01   6.3789062e+01
   2.4500000e+01   6.3647989e+01
   2.4750000e+01   6.3507442e+01
   2.5000000e+01   6.3367421e+01
   2.5250000e+01   6.3227922e+01
   2.5500000e+01   6.3088943e+01
   2.5750000e+01   6.2950484e+01
   2.6000000e+01   6.2812542e+01
   2.6250000e+01   6.2675114e+01
   2.6500000e+01   6.2538199e+01
   2.6750000e+01   6.2401796e+01
   2.7000000e+01   6.2265902e+01
   2.7250000e+01   6.2130515e+01
   2.7500000e+01   6.1995634e+01
   2.7750000e+01   6.1861256e+01
   2.8000000e+01   6.1727380e+01
   2.8250000e+01   6.1594003e+01
   2.8500000e+01   6.1461125e+01
   2.8750000e+01   6.1328742e+01
   2.9000000e+01   6.1196854e+01
   2.9250000e+01   6.1065458e+01
   2.9500000e+01   6.0934553e+01
   2.9750000e+01   6.0804136e+01
   3.0000000e+01   6.0674206e+01
   3.0250000e+01   6.0544761e+01
   3.0500000e+01   6.0415800e+01
   3.0750000e+01   6.0287320e+01
   3.1000000e+01   6.0159319e+01
   3.1250000e+01   6.0031797e+01
   3.1500000e+01   5.9904750e+01
   3.1750000e+01   5.9778178e+01
   3.2000000e+01   5.9652078e+01
   3.2250000e+01   5.9526449e+01
   3.2500000e+01   5.9401289e+01
   3.2750000e+01   5.9276596e+01
   3.3000000e+01   5.9152369e+01
   3.3250000e+01   5.9028606e+01
   3.3500000e+01   5.8905304e+01
   3.3750000e+01   5.8782463e+01
   3.4000000e+01   5.8660080e+01
   3.4250000e+01   5.8538155e+01
   3.4500000e+01   5.8416684e+01
   3.4750000e+01   5.8295667e+01
   3.5000000e+01   5.8175102e+01
   3.5250000e+01   5.8054987e+01
   3.5500000e+01   5.7935320e+01
   3.5750000e+01   5.7816100e+01
   3.6000000e+01   5.7697325e+01
   3.6250000e+01   5.7578993e+01
   3.6500000e+01   5.7461104e+01
   3.6750000e+01   5.7343654e+01
   3.7000000e+01   5.7226643e+01
   3.7250000e+01   5.7110068e+01
   3.7500000e+01   5.6993929e+01
   3.7750000e+01   5.6878223e+01
   3.8000000e+01   5.6762950e+01
   3.8250000e+01   5.6648106e+01
   3.8500000e+01   5.6533692e+01
   3.8750000e+01   5.6419704e+01
   3.9000000e+01   5.6306142e+01
   3.9250000e+01   5.6193004e+01
   3.9500000e+01   5.6080288e+01
   3.9750000e+01   5.5967993e+01
   4.0000000e+01   5.5856118e+01
   4.0250000e+01   5.5744660e+01
   4.0500000e+01   5.5633618e+01
   4.0750000e+01   5.5522990e+01
   4.1000000e+01   5.5412776e+01
   4.1250000e+01   5.5302973e+01
   4.1500000e+01   5.5193580e+01
   4.1750000e+01   5.5084595e+01
   4.2000000e+01   5.4976018e+01
   4.2250000e+01   5.4867845e+01
   4.2500000e+01   5.4760077e+01
   4.2750000e+01   5.4652710e+01
   4.3000000e+01   5.4545745e+01
   4.3250000e+01   5.4439179e+01
   4.3500000e+01   5.4333010e+01
   4.3750000e+01   5.4227238e+01
   4.4000000e+01   5.4121861e+01
   4.4250000e+01   5.4016877e+01
   4.4500000e+01   5.3912286e+01
   4.4750000e+01   5.3808084e+01
   4.5000000e+01   5.3704272e+01
   4.5250000e+01   5.3600847e+01
   4.5500000e+01   5.3497808e+01
   4.5750000e+01   5.3395154e+01
   4.6000000e+01   5.3292883e+01
   4.6250000e+01   5.3190994e+01
   4.6500000e+01   5.3089486e+01
   4.6750000e+01   5.2988356e+01
   4.7000000e+01   5.2887604e+01
   4.7250000e+01   5.2787228e+01
   4.7500000e+01   5.2687227e+01
   4.7750000e+01   5.2587599e+01
   4.8000000e+01   5.2488343e+01
   4.8250000e+01   5.2389457e+01
   4.8500000e+01   5.2290941e+01
   4.8750000e+01   5.2192792e+01
   4.9000000e+01   5.2095010e+01
   4.9250000e+01   5.1997593e+01
   4.9500000e+01   5.1900539e+01
   4.9750000e+01   5.1803848e+01
   5.0000000e+01   5.1707518e+01
   5.0250000e+01   5.1611547e+01
   5.0500000e+01   5.1515935e+01
   5.0750000e+01   5.1420680e+01
   5.1000000e+01   5.1325780e+01
   5.1250000e+01   5.1231234e+01
   5.1500000e+01   5.1137042e+01
   5.1750000e+01   5.1043201e+01
   5.2000000e+01   5.0949710e+01
   5.2250000e+01   5.0856569e+01
   5.2500000e+01   5.0763775e+01
   5.2750000e+01   5.0671327e+01
   5.3000000e+01   5.0579225e+01
   5.3250000e+01   5.0487467e+01
   5.3500000e+01   5.0396051e+01
   5.3750000e+01   5.0304976e+01
   5.4000000e+01   5.0214241e+01
   5.4250000e+01   5.0123846e+01
   5.4500000e+01   5.0033787e+01
   5.4750000e+01   4.9944065e+01
   5.5000000e+01   4.9854678e+01
   5.5250000e+01   4.9765624e+01
   5.5500000e+01   4.9676903e+01
   5.5750000e+01   4.9588513e+01
   5.6000000e+01   4.9500453e+01
   5.6250000e+01   4.9412722e+01
   5.6500000e+01   4.9325318e+01
   5.6750000e+01   4.9238240e+01
   5.7000000e+01   4.9151488e+01
   5.7250000e+01   4.9065060e+01
   5.7500000e+01   4.8978954e+01
   5.7750000e+01   4.8893169e+01
   5.8000000e+01   4.8807705e+01
   5.8250000e+01   4.8722560e+01
   5.8500000e+01   4.8637733e+01
   5.8750000e+01   4.8553222e+01
   5.9000000e+01   4.8469027e+01
   5.9250000e+01   4.8385147e+01
   5.9500000e+01   4.8301579e+01
   5.9750000e+01   4.8218323e+01
   6.0000000e+01   4.8135379e+01
   6.0250000e+01   4.8052743e+01
   6.0500000e+01   4.7970417e+01
   6.0750000e+01   4.7888397e+01
   6.1000000e+01   4.7806684e+01
   6.1250000e+01   4.7725276e+01
   6.1500000e+01   4.7644172e+01
   6.1750000e+01   4.7563371e+01
   6.2000000e+01   4.7482871e+01
   6.2250000e+01   4.7402672e+01
   6.2500000e+01   4.7322772e+01
   6.2750000e+01   4.7243170e+01
   6.3000000e+01   4.7163866e+01
   6.3250000e+01   4.7084857e+01
   6.3500000e+01   4.7006144e+01
   6.3750000e+01   4.6927724e+01
   6.4000000e+01   4.6849598e+01
   6.4250000e+01   4.6771763e+01
   6.4500000e+01   4.6694218e+01
   6.4750000e+01   4.6616963e+01
   6.5000000e+01   4.6539996e+01
   6.5250000e+01   4.6463317e+01
   6.5500000e+01   4.6386924e+01
   6.5750000e+01   4.6310816e+01
   6.6000000e+01   4.6234992e+01
   6.6250000e+01   4.6159451e+01
   6.6500000e+01   4.6084193e+01
   6.6750000e+01   4.6009215e+01
   6.7000000e+01   4.5934517e+01
   6.7250000e+01   4.5860098e+01
   6.7500000e+01   4.5785957e+01
   6.7750000e+01   4.5712093e+01
   6.8000000e+01   4.5638504e+01
   6.8250000e+01   4.5565190e+01
   6.8500000e+01   4.5492150e+01
   6.8750000e+01   4.5419382e+01
   6.9000000e+01   4.5346887e+01
   6.9250000e+01   4.5274661e+01
   6.9500000e+01   4.5202706e+01
   6.9750000e+01   4.5131019e+01
   7.0000000e+01   4.5059599e+01
   7.0250000e+01   4.4988446e+01
   7.0500000e+01   4.4917559e+01
   7.0750000e+01   4.4846937e+01
   7.1000000e+01   4.4776578e+01
   7.1250000e+01   4.4706482e+01
   7.1500000e+01   4.4636647e+01
   7.1750000e+01   4.4567073e+01
   7.2000000e+01   4.4497759e+01
   7.2250000e+01   4.4428704e+01
   7.2500000e+01   4.4359907e+01
   7.2750000e+01   4.4291366e+01
   7.3000000e+01   4.4223081e+01
   7.3250000e+01   4.4155051e+01
   7.3500000e+01   4.4087275e+01
   7.3750000e+01   4.4019752e+01
   7.4000000e+01   4.3952482e+01
   7.4250000e+01   4.3885462e+01
   7.4500000e+01   4.3818692e+01
   7.4750000e+01   4.3752172e+01
   7.5000000e+01   4.3685900e+01
   7.5250000e+01   4.3619876e+01
   7.5500000e+01   4.3554098e+01
   7.5750000e+01   4.3488565e+01
   7.6000000e+01   4.3423277e+01
   7.6250000e+01   4.3358233e+01
   7.6500000e+01   4.3293432e+01
   7.6750000e+01   4.3228873e+01
   7.7000000e+01   4.3164554e+01
   7.7250000e+01   4.3100476e+01
   7.7500000e+01   4.3036637e+01
   7.7750000e+01   4.2973036e+01
   7.8000000e+01   4.2909673e+01
   7.8250000e+01   4.2846546e+01
   7.8500000e+01   4.2783655e+01
   7.8750000e+01   4.2720999e+01
   7.9000000e+01   4.2658577e+01
   7.9250000e+01   4.2596387e+01
   7.9500000e+01   4.2534430e+01
   7.9750000e+01   4.2472704e+01
   8.0000000e+01   4.2411209e+01
   8.0250000e+01   4.2349943e+01
   8.0500000e+01   4.2288906e+01
   8.0750000e+01   4.2228097e+01
   8.1000000e+01   4.2167514e+01
   8.1250000e+01   4.2107158e+01
   8.1500000e+01   4.2047027e+01
   8.1750000e+01   4.1987121e+01
   8.2000000e+01   4.1927438e+01
   8.2250000e+01   4.1867979e+01
   8.2500000e+01   4.1808741e+01
   8.2750000e+01   4.1749724e+01
   8.3000000e+01   4.1690928e+01
   8.3250000e+01   4.1632351e+01
   8.3500000e+01   4.1573992e+01
   8.3750000e+01   4.1515852e+01
   8.4000000e+01   4.1457929e+01
   8.4250000e+01   4.1400222e+01
   8.4500000e+01   4.1342730e+01
   8.4750000e+01   4.1285453e+01
   8.5000000e+01   4.1228390e+01
   8.5250000e+01   4.1171539e+01
   8.5500000e+01   4.1114901e+01
   8.5750000e+01   4.1058475e+01
   8.6000000e+01   4.1002259e+01
   8.6250000e+01   4.0946253e+01
   8.6500000e+01   4.0890456e+01
   8.6750000e+01   4.0834867e+01
   8.7000000e+01   4.0779486e+01
   8.7250000e+01   4.0724312e+01
   8.7500000e+01   4.0669344e+01
   8.7750000e+01   4.0614580e+01
   8.8000000e+01   4.0560022e+01
   8.8250000e+01   4.0505667e+01
   8.8500000e+01   4.0451515e+01
   8.8750000e+01   4.0397565e+01
   8.9000000e+01   4.0343816e+01
   8.9250000e+01   4.0290268e+01
   8.9500000e+01   4.0236920e+01
   8.9750000e+01   4.0183771e+01
   9.0000000e+01   4.0130821e+01
   9.0250000e+01   4.0078068e+01
   9.0500000e+01   4.0025512e+01
   9.0750000e+01   3.9973152e+01
   9.1000000e+01   3.9920988e+01
   9.1250000e+01   3.9869019e+01
   9.1500000e+01   3.9817243e+01
   9.1750000e+01   3.9765661e+01
   9.2000000e+01   3.9714272e+01
   9.2250000e+01   3.9663074e+01
   9.2500000e+01   3.9612067e+01
   9.2750000e+01   3.9561251e+01
   9.3000000e+01   3.9510625e+01
   9.3250000e+01   3.9460187e+01
   9.3500000e+01   3.9409938e+01
   9.3750000e+01   3.9359876e+01
   9.4000000e+01   3.9310002e+01
   9.4250000e+01   3.9260313e+01
   9.4500000e+01   3.9210810e+01
   9.4750000e+01   3.9161492e+01
   9.5000000e+01   3.9112358e+01
   9.5250000e+01   3.9063407e+01
   9.5500000e+01   3.9014639e+01
   9.5750000e+01   3.8966053e+01
   9.6000000e+01   3.8917649e+01
   9.6250000e+01   3.8869425e+01
   9.6500000e+01   3.8821381e+01
   9.6750000e+01   3.8773517e+01
   9.7000000e+01   3.8725831e+01
   9.7250000e+01   3.8678323e+01
   9.7500000e+01   3.8630993e+01
   9.7750000e+01   3.8583839e+01
   9.8000000e+01   3.8536862e+01
   9.8250000e+01   3.8490059e+01
   9.8500000e+01   3.8443432e+01
   9.8750000e+01   3.8396978e+01
   9.9000000e+01   3.8350698e+01
   9.9250000e+01   3.8304591e+01
   9.9500000e+01   3.8258656e+01
   9.9750000e+01   3.8212892e+01
   1.0000000e+02   3.8167299e+01
   1.0025000e+02   3.8121877e+01
   1.0050000e+02   3.8076624e+01
   1.0075000e+02   3.8031540e+01
   1.0100000e+02   3.7986624e+01
   1.0125000e+02   3.7941876e+01
   1.0150000e+02   3.7897295e+01
   1.0175000e+02   3.7852880e+01
   1.0200000e+02   3.7808631e+01
   1.0225000e+02   3.7764547e+01
   1.0250000e+02   3.7720628e+01
   1.0275000e+02   3.7676873e+01
   1.0300000e+02   3.7633282e+01
   1.0325000e+02   3.7589852e+01
   1.0350000e+02   3.7546586e+01
   1.0375000e+02   3.7503480e+01
   1.0400000e+02   3.7460536e+01
   1.0425000e+02   3.7417752e+01
   1.0450000e+02   3.7375127e+01
   1.0475000e+02   3.7332662e+01
   1.0500000e+02   3.7290355e+01
   1.0525000e+02   3.7248206e+01
   1.0550000e+02   3.7206215e+01
   1.0575000e+02   3.7164380e+01
   1.0600000e+02   3.7122701e+01
   1.0625000e+02   3.7081178e+01
   1.0650000e+02   3.7039811e+01
   1.0675000e+02   3.6998597e+01
   1.0700000e+02   3.6957537e+01
   1.0725000e+02   3.6916631e+01
   1.0750000e+02   3.6875877e+01
   1.0775000e+02   3.6835276e+01
   1.0800000e+02   3.6794826e+01
   1.0825000e+02   3.6754527e+01
   1.0850000e+02   3.6714378e+01
   1.0875000e+02   3.6674380e+01
   1.0900000e+02   3.6634531e+01
   1.0925000e+02   3.6594830e+01
   1.0950000e+02   3.6555278e+01
   1.0975000e+02   3.6515873e+01
   1.1000000e+02   3.6476615e+01
   1.1025000e+02   3.6437504e+01
   1.1050000e+02   3.6398539e+01
   1.1075000e+02   3.6359720e+01
   1.1100000e+02   3.6321045e+01
   1.1125000e+02   3.6282515e+01
   1.1150000e+02   3.6244129e+01
   1.1175000e+02   3.6205886e+01
   1.1200000e+02   3.6167785e+01
   1.1225000e+02   3.6129827e+01
   1.1250000e+02   3.6092011e+01
   1.1275000e+02   3.6054336e+01
   1.1300000e+02   3.6016801e+01
   1.1325000e+02   3.5979407e+01
   1.1350000e+02   3.5942152e+01
   1.1375000e+02   3.5905036e+01
   1.1400000e+02   3.5868059e+01
   1.1425000e+02   3.5831220e+01
   1.1450000e+02   3.5794518e+01
   1.1475000e+02   3.5757953e+01
   1.1500000e+02   3.5721525e+01
   1.1525000e+02   3.5685233e+01
   1.1550000e+02   3.5649076e+01
   1.1575000e+02   3.5613055e+01
   1.1600000e+02   3.5577168e+01
   1.1625000e+02   3.5541414e+01
   1.1650000e+02   3.5505795e+01
   1.1675000e+02   3.5470308e+01
   1.1700000e+02   3.5434954e+01
   1.1725000e+02   3.5399731e+01
   1.1750000e+02   3.5364641e+01
   1.1775000e+02   3.5329681e+01
   1.1800000e+02   3.5294851e+01
   1.1825000e+02   3.5260152e+01
   1.1850000e+02   3.5225582e+01
   1.1875000e+02   3.5191142e+01
   1.1900000e+02   3.5156830e+01
   1.1925000e+02   3.5122646e+01
   1.1950000e+02   3.5088589e+01
   1.1975000e+02   3.5054660e+01
   1.2000000e+02   3.5020857e+01
   1.2025000e+02   3.4987181e+01
   1.2050000e+02   3.4953630e+01
   1.2075000e+02   3.4920205e+01
   1.2100000e+02   3.4886904e+01
   1.2125000e+02   3.4853728e+01
   1.2150000e+02   3.4820675e+01
   1.2175000e+02   3.4787746e+01
   1.2200000e+02   3.4754940e+01
   1.2225000e+02   3.4722256e+01
   1.2250000e+02   3.4689695e+01
   1.2275000e+02   3.4657255e+01
   1.2300000e+02   3.4624936e+01
   1.2325000e+02   3.4592737e+01
   1.2350000e+02   3.4560659e+01
   1.2375000e+02   3.4528701e+01
   1.2400000e+02   3.4496861e+01
   1.2425000e+02   3.4465141e+01
   1.2450000e+02   3.4433539e+01
   1.2475000e+02   3.4402056e+01
   1.2500000e+02   3.4370689e+01
   1.2525000e+02   3.4339440e+01
   1.2550000e+02   3.4308307e+01
   1.2575000e+02   3.4277291e+01
   1.2600000e+02   3.4246391e+01
   1.2625000e+02   3.4215605e+01
   1.2650000e+02   3.4184935e+01
   1.2675000e+02   3.4154379e+01
   1.2700000e+02   3.4123938e+01
   1.2725000e+02   3.4093610e+01
   1.2750000e+02   3.4063395e+01
   1.2775000e+02   3.4033293e+01
   1.2800000e+02   3.4003303e+01
   1.2825000e+02   3.3973425e+01
   1.2850000e+02   3.3943659e+01
   1.2875000e+02   3.3914004e+01
   1.2900000e+02   3.3884460e+01
   1.2925000e+02   3.3855026e+01
   1.2950000e+02   3.3825702e+01
   1.2975000e+02   3.3796487e+01
   1.3000000e+02   3.3767381e+01
   1.3025000e+02   3.3738384e+01
   1.3050000e+02   3.3709496e+01
   1.3075000e+02   3.3680715e+01
   1.3100000e+02   3.3652041e+01
   1.3125000e+02   3.3623475e+01
   1.3150000e+02   3.3595015e+01
   1.3175000e+02   3.3566662e+01
   1.3200000e+02   3.3538414e+01
   1.3225000e+02   3.3510272e+01
   1.3250000e+02   3.3482235e+01
   1.3275000e+02   3.3454302e+01
   1.3300000e+02   3.3426474e+01
   1.3325000e+02   3.3398750e+01
   1.3350000e+02   3.3371129e+01
   1.3375000e+02   3.3343611e+01
   1.3400000e+02   3.3316196e+01
   1.3425000e+02   3.3288884e+01
   1.3450000e+02   3.3261673e+01
   1.3475000e+02   3.3234564e+01
   1.3500000e+02   3.3207556e+01
   1.3525000e+02   3.3180649e+01
   1.3550000e+02   3.3153842e+01
   1.3575000e+02   3.3127136e+01
   1.3600000e+02   3.3100529e+01
   1.3625000e+02   3.3074022e+01
   1.3650000e+02   3.3047613e+01
   1.3675000e+02   3.3021303e+01
   1.3700000e+02   3.2995091e+01
   1.3725000e+02   3.2968977e+01
   1.3750000e+02   3.2942961e+01
   1.3775000e+02   3.2917042e+01
   1.3800000e+02   3.2891219e+01
   1.3825000e+02   3.2865493e+01
   1.3850000e+02   3.2839863e+01
   1.3875000e+02   3.2814329e+01
   1.3900000e+02   3.2788890e+01
   1.3925000e+02   3.2763546e+01
   1.3950000e+02   3.2738296e+01
   1.3975000e+02   3.2713141e+01
   1.4000000e+02   3.2688080e+01
   1.4025000e+02   3.2663112e+01
   1.4050000e+02   3.2638237e+01
   1.4075000e+02   3.2613456e+01
   1.4100000e+02   3.2588766e+01
   1.4125000e+02   3.2564169e+01
   1.4150000e+02   3.2539664e+01
   1.4175000e+02   3.2515251e+01
   1.4200000e+02   3.2490928e+01
   1.4225000e+02   3.2466696e+01
   1.4250000e+02   3.2442555e+01
   1.4275000e+02   3.2418504e+01
   1.4300000e+02   3.2394542e+01
   1.4325000e+02   3.2370671e+01
   1.4350000e+02   3.2346888e+01
   1.4375000e+02   3.2323194e+01
   1.4400000e+02   3.2299588e+01
   1.4425000e+02   3.2276071e+01
   1.4450000e+02   3.2252641e+01
   1.4475000e+02   3.2229299e+01
   1.4500000e+02   3.2206044e+01
   1.4525000e+02   3.2182876e+01
   1.4550000e+02   3.2159794e+01
   1.4575000e+02   3.2136798e+01
   1.4600000e+02   3.2113889e+01
   1.4625000e+02   3.2091064e+01
   1.4650000e+02   3.2068325e+01
   1.4675000e+02   3.2045671e+01
   1.4700000e+02   3.2023102e+01
   1.4725000e+02   3.2000616e+01
   1.4750000e+02   3.1978215e+01
   1.4775000e+02   3.1955897e+01
   1.4800000e+02   3.1933663e+01
   1.4825000e+02   3.1911512e+01
   1.4850000e+02   3.1889443e+01
   1.4875000e+02   3.1867457e+01
   1.4900000e+02   3.1845552e+01
   1.4925000e+02   3.1823730e+01
   1.4950000e+02   3.1801989e+01
   1.4975000e+02   3.1780329e+01
   1.5000000e+02   3.1758750e+01
   1.5025000e+02   3.1737252e+01
   1.5050000e+02   3.1715834e+01
   1.5075000e+02   3.1694495e+01
   1.5100000e+02   3.1673237e+01
   1.5125000e+02   3.1652058e+01
   1.5150000e+02   3.1630958e+01
   1.5175000e+02   3.1609936e+01
   1.5200000e+02   3.1588994e+01
   1.5225000e+02   3.1568129e+01
   1.5250000e+02   3.1547342e+01
   1.5275000e+02   3.1526633e+01
   1.5300000e+02   3.1506001e+01
   1.5325000e+02   3.1485446e+01
   1.5350000e+02   3.1464968e+01
   1.5375000e+02   3.1444566e+01
   1.5400000e+02   3.1424241e+01
   1.5425000e+02   3.1403991e+01
   1.5450000e+02   3.1383817e+01
   1.5475000e+02   3.1363719e+01
   1.5500000e+02   3.1343695e+01
   1.5525000e+02   3.1323746e+01
   1.5550000e+02   3.1303871e+01
   1.5575000e+02   3.1284071e+01
   1.5600000e+02   3.1264345e+01
   1.5625000e+02   3.1244692e+01
   1.5650000e+02   3.1225113e+01
   1.5675000e+02   3.1205607e+01
   1.5700000e+02   3.1186173e+01
   1.5725000e+02   3.1166812e+01
   1.5750000e+02   3.1147524e+01
   1.5775000e+02   3.1128307e+01
   1.5800000e+02   3.1109162e+01
   1.5825000e+02   3.1090089e+01
   1.5850000e+02   3.1071087e+01
   1.5875000e+02   3.1052155e+01
   1.5900000e+02   3.1033295e+01
   1.5925000e+02   3.1014505e+01
   1.5950000e+02   3.0995785e+01
   1.5975000e+02   3.0977135e+01
   1.6000000e+02   3.0958554e+01
   1.6025000e+02   3.0940043e+01
   1.6050000e+02   3.0921601e+01
   1.6075000e+02   3.0903228e+01
   1.6100000e+02   3.0884923e+01
   1.6125000e+02   3.0866687e+01
   1.6150000e+02   3.0848519e+01
   1.6175000e+02   3.0830418e+01
   1.6200000e+02   3.0812386e+01
   1.6225000e+02   3.0794420e+01
   1.6250000e+02   3.0776522e+01
   1.6275000e+02   3.0758690e+01
   1.6300000e+02   3.0740925e+01
   1.6325000e+02   3.0723226e+01
   1.6350000e+02   3.0705594e+01
   1.6375000e+02   3.0688027e+01
   1.6400000e+02   3.0670526e+01
   1.6425000e+02   3.0653090e+01
   1.6450000e+02   3.0635719e+01
   1.6475000e+02   3.0618413e+01
   1.6500000e+02   3.0601172e+01
   1.6525000e+02   3.0583995e+01
   1.6550000e+02   3.0566882e+01
   1.6575000e+02   3.0549833e+01
   1.6600000e+02   3.0532848e+01
   1.6625000e+02   3.0515926e+01
   1.6650000e+02   3.0499067e+01
   1.6675000e+02   3.0482271e+01
   1.6700000e+02   3.0465538e+01
   1.6725000e+02   3.0448868e+01
   1.6750000e+02   3.0432259e+01
   1.6775000e+02   3.0415713e+01
   1.6800000e+02   3.0399228e+01
   1.6825000e+02   3.0382805e+01
   1.6850000e+02   3.0366443e+01
   1.6875000e+02   3.0350143e+01
   1.6900000e+02   3.0333903e+01
   1.6925000e+02   3.0317724e+01
   1.6950000e+02   3.0301605e+01
   1.6975000e+02   3.0285546e+01
   1.7000000e+02   3.0269548e+01
   1.7025000e+02   3.0253609e+01
   1.7050000e+02   3.0237729e+01
   1.7075000e+02   3.0221909e+01
   1.7100000e+02   3.0206148e+01
   1.7125000e+02   3.0190446e+01
   1.7150000e+02   3.0174802e+01
   1.7175000e+02   3.0159217e+01
   1.7200000e+02   3.0143690e+01
   1.7225000e+02   3.0128221e+01
   1.7250000e+02   3.0112809e+01
   1.7275000e+02   3.0097455e+01
   1.7300000e+02   3.0082159e+01
   1.7325000e+02   3.0066919e+01
   1.7350000e+02   3.0051737e+01
   1.7375000e+02   3.0036611e+01
   1.7400000e+02   3.0021542e+01
   1.7425000e+02   3.0006529e+01
   1.7450000e+02   2.9991572e+01
   1.7475000e+02   2.9976670e+01
   1.7500000e+02   2.9961825e+01
   1.7525000e+02   2.9947035e+01
   1.7550000e+02   2.9932300e+01
   1.7575000e+02   2.9917620e+01
   1.7600000e+02   2.9902995e+01
   1.7625000e+02   2.9888424e+01
   1.7650000e+02   2.9873908e+01
   1.7675000e+02   2.9859446e+01
   1.7700000e+02   2.9845038e+01
   1.7725000e+02   2.9830684e+01
   1.7750000e+02   2.9816383e+01
   1.7775000e+02   2.9802136e+01
   1.7800000e+02   2.9787942e+01
   1.7825000e+02   2.9773801e+01
   1.7850000e+02   2.9759713e+01
   1.7875000e+02   2.9745677e+01
   1.7900000e+02   2.9731694e+01
   1.7925000e+02   2.9717763e+01
   1.7950000e+02   2.9703884e+01
   1.7975000e+02   2.9690056e+01
   1.8000000e+02   2.9676281e+01
   1.8025000e+02   2.9662557e+01
   1.8050000e+02   2.9648884e+01
   1.8075000e+02   2.9635262e+01
   1.8100000e+02   2.9621691e+01
   1.8125000e+02   2.9608170e+01
   1.8150000e+02   2.9594700e+01
   1.8175000e+02   2.9581281e+01
   1.8200000e+02   2.9567911e+01
   1.8225000e+02   2.9554592e+01
   1.8250000e+02   2.9541322e+01
   1.8275000e+02   2.9528101e+01
   1.8300000e+02   2.9514930e+01
   1.8325000e+02   2.9501808e+01
   1.8350000e+02   2.9488736e+01
   1.8375000e+02   2.9475712e+01
   1.8400000e+02   2.9462736e+01
   1.8425000e+02   2.9449809e+01
   1.8450000e+02   2.9436930e+01
   1.8475000e+02   2.9424100e+01
   1.8500000e+02   2.9411317e+01
   1.8525000e+02   2.9398582e+01
   1.8550000e+02   2.9385894e+01
   1.8575000e+02   2.9373254e+01
   1.8600000e+02   2.9360661e+01
   1.8625000e+02   2.9348115e+01
   1.8650000e+02   2.9335616e+01
   1.8675000e+02   2.9323164e+01
   1.8700000e+02   2.9310758e+01
   1.8725000e+02   2.9298398e+01
   1.8750000e+02   2.9286085e+01
   1.8775000e+02   2.9273817e+01
   1.8800000e+02   2.9261596e+01
   1.8825000e+02   2.9249420e+01
   1.8850000e+02   2.9237289e+01
   1.8875000e+02   2.9225204e+01
   1.8900000e+02   2.9213163e+01
   1.8925000e+02   2.9201168e+01
   1.8950000e+02   2.9189218e+01
   1.8975000e+02   2.9177312e+01
   1.9000000e+02   2.9165450e+01
   1.9025000e+02   2.9153633e+01
   1.9050000e+02   2.9141860e+01
   1.9075000e+02   2.9130131e+01
   1.9100000e+02   2.9118446e+01
   1.9125000e+02   2.9106804e+01
   1.9150000e+02   2.9095206e+01
   1.9175000e+02   2.9083651e+01
   1.9200000e+02   2.9072139e+01
   1.9225000e+02   2.9060670e+01
   1.9250000e+02   2.9049244e+01
   1.9275000e+02   2.9037861e+01
   1.9300000e+02   2.9026520e+01
   1.9325000e+02   2.9015221e+01
   1.9350000e+02   2.9003965e+01
   1.9375000e+02   2.8992751e+01
   1.9400000e+02   2.8981578e+01
   1.9425000e+02   2.8970447e+01
   1.9450000e+02   2.8959358e+01
   1.9475000e+02   2.8948310e+01
   1.9500000e+02   2.8937304e+01
   1.9525000e+02   2.8926338e+01
   1.9550000e+02   2.8915414e+01
   1.9575000e+02   2.8904530e+01
   1.9600000e+02   2.8893687e+01
   1.9625000e+02   2.8882884e+01
   1.9650000e+02   2.8872122e+01
   1.9675000e+02   2.8861400e+01
   1.9700000e+02   2.8850718e+01
   1.9725000e+02   2.8840076e+01
   1.9750000e+02   2.8829473e+01
   1.9775000e+02   2.8818910e+01
   1.9800000e+02   2.8808387e+01
   1.9825000e+02   2.8797903e+01
   1.9850000e+02   2.8787458e+01
   1.9875000e+02   2.8777052e+01
   1.9900000e+02   2.8766684e+01
   1.9925000e+02   2.8756356e+01
   1.9950000e+02   2.8746066e+01
   1.9975000e+02   2.8735814e+01
   2.0000000e+02   2.8725601e+01
   2.0025000e+02   2.8715426e+01
   2.0050000e+02   2.8705289e+01
   2.0075000e+02   2.8695189e+01
   2.0100000e+02   2.8685128e+01
   2.0125000e+02   2.8675104e+01
   2.0150000e+02   2.8665117e+01
   2.0175000e+02   2.8655168e+01
   2.0200000e+02   2.8645256e+01
   2.0225000e+02   2.8635380e+01
   2.0250000e+02   2.8625542e+01
   2.0275000e+02   2.8615741e+01
   2.0300000e+02   2.8605976e+01
   2.0325000e+02   2.8596247e+01
   2.0350000e+02   2.8586555e+01
   2.0375000e+02   2.8576899e+01
   2.0400000e+02   2.8567279e+01
   2.0425000e+02   2.8557695e+01
   2.0450000e+02   2.8548146e+01
   2.0475000e+02   2.8538634e+01
   2.0500000e+02   2.8529156e+01
   2.0525000e+02   2.8519715e+01
   2.0550000e+02   2.8510308e+01
   2.0575000e+02   2.8500937e+01
   2.0600000e+02   2.8491600e+01
   2.0625000e+02   2.8482299e+01
   2.0650000e+02   2.8473032e+01
   2.0675000e+02   2.8463800e+01
   2.0700000e+02   2.8454602e+01
   2.0725000e+02   2.8445438e+01
   2.0750000e+02   2.8436309e+01
   2.0775000e+02   2.8427214e+01
   2.0800000e+02   2.8418153e+01
   2.0825000e+02   2.8409125e+01
   2.0850000e+02   2.8400132e+01
   2.0875000e+02   2.8391172e+01
   2.0900000e+02   2.8382245e+01
   2.0925000e+02   2.8373352e+01
   2.0950000e+02   2.8364492e+01
   2.0975000e+02   2.8355664e+01
   2.1000000e+02   2.8346870e+01
   2.1025000e+02   2.8338109e+01
   2.1050000e+02   2.8329381e+01
   2.1075000e+02   2.8320685e+01
   2.1100000e+02   2.8312021e+01
   2.1125000e+02   2.8303390e+01
   2.1150000e+02   2.8294791e+01
   2.1175000e+02   2.8286224e+01
   2.1200000e+02   2.8277689e+01
   2.1225000e+02   2.8269186e+01
   2.1250000e+02   2.8260715e+01
   2.1275000e+02   2.8252275e+01
   2.1300000e+02   2.8243867e+01
   2.1325000e+02   2.8235490e+01
   2.1350000e+02   2.8227145e+01
   2.1375000e+02   2.8218831e+01
   2.1400000e+02   2.8210547e+01
   2.1425000e+02   2.8202295e+01
   2.1450000e+02   2.8194073e+01
   2.1475000e+02   2.8185883e+01
   2.1500000e+02   2.8177722e+01
   2.1525000e+02   2.8169593e+01
   2.1550000e+02   2.8161493e+01
   2.1575000e+02   2.8153424e+01
   2.1600000e+02   2.8145385e+01
   2.1625000e+02   2.8137376e+01
   2.1650000e+02   2.8129396e+01
   2.1675000e+02   2.8121447e+01
   2.1700000e+02   2.8113527e+01
   2.1725000e+02   2.8105637e+01
   2.1750000e+02   2.8097776e+01
   2.1775000e+02   2.8089945e+01
   2.1800000e+02   2.8082143e+01
   2.1825000e+02   2.8074370e+01
   2.1850000e+02   2.8066626e+01
   2.1875000e+02   2.8058911e+01
   2.1900000e+02   2.8051225e+01
   2.1925000e+02   2.8043567e+01
   2.1950000e+02   2.8035938e+01
   2.1975000e+02   2.8028338e+01
   2.2000000e+02   2.8020765e+01
   2.2025000e+02   2.8013222e+01
   2.2050000e+02   2.8005706e+01
   2.2075000e+02   2.7998218e+01
   2.2100000e+02   2.7990759e+01
   2.2125000e+02   2.7983327e+01
   2.2150000e+02   2.7975923e+01
   2.2175000e+02   2.7968546e+01
   2.2200000e+02   2.7961197e+01
   2.2225000e+02   2.7953876e+01
   2.2250000e+02   2.7946582e+01
   2.2275000e+02   2.7939315e+01
   2.2300000e+02   2.7932075e+01
   2.2325000e+02   2.7924862e+01
   2.2350000e+02   2.7917676e+01
   2.2375000e+02   2.7910517e+01
   2.2400000e+02   2.7903385e+01
   2.2425000e+02   2.7896279e+01
   2.2450000e+02   2.7889200e+01
   2.2475000e+02   2.7882147e+01
   2.2500000e+02   2.7875121e+01
   2.2525000e+02   2.7868121e+01
   2.2550000e+02   2.7861147e+01
   2.2575000e+02   2.7854199e+01
   2.2600000e+02   2.7847277e+01
   2.2625000e+02   2.7840381e+01
   2.2650000e+02   2.7833510e+01
   2.2675000e+02   2.7826665e+01
   2.2700000e+02   2.7819846e+01
   2.2725000e+02   2.7813052e+01
   2.2750000e+02   2.7806284e+01
   2.2775000e+02   2.7799541e+01
   2.2800000e+02   2.7792823e+01
   2.2825000e+02   2.7786130e+01
   2.2850000e+02   2.7779462e+01
   2.2875000e+02   2.7772819e+01
   2.2900000e+02   2.7766201e+01
   2.2925000e+02   2.7759607e+01
   2.2950000e+02   2.7753038e+01
   2.2975000e+02   2.7746494e+01
   2.3000000e+02   2.7739974e+01
   2.3025000e+02   2.7733478e+01
   2.3050000e+02   2.7727007e+01
   2.3075000e+02   2.7720560e+01
   2.3100000e+02   2.7714136e+01
   2.3125000e+02   2.7707737e+01
   2.3150000e+02   2.7701362e+01
   2.3175000e+02   2.7695011e+01
   2.3200000e+02   2.7688683e+01
   2.3225000e+02   2.7682379e+01
   2.3250000e+02   2.7676098e+01
   2.3275000e+02   2.7669841e+01
   2.3300000e+02   2.7663607e+01
   2.3325000e+02   2.7657397e+01
   2.3350000e+02   2.7651209e+01
   2.3375000e+02   2.7645045e+01
   2.3400000e+02   2.7638904e+01
   2.3425000e+02   2.7632785e+01
   2.3450000e+02   2.7626690e+01
   2.3475000e+02   2.7620617e+01
   2.3500000e+02   2.7614567e+01
   2.3525000e+02   2.7608540e+01
   2.3550000e+02   2.7602535e+01
   2.3575000e+02   2.7596552e+01
   2.3600000e+02   2.7590592e+01
   2.3625000e+02   2.7584654e+01
   2.3650000e+02   2.7578738e+01
   2.3675000e+02   2.7572845e+01
   2.3700000e+02   2.7566973e+01
   2.3725000e+02   2.7561123e+01
   2.3750000e+02   2.7555295e+01
   2.3775000e+02   2.7549489e+01
   2.3800000e+02   2.7543704e+01
   2.3825000e+02   2.7537942e+01
   2.3850000e+02   2.7532200e+01
   2.3875000e+02   2.7526480e+01
   2.3900000e+02   2.7520782e+01
   2.3925000e+02   2.7515104e+01
   2.3950000e+02   2.7509448e+01
   2.3975000e+02   2.7503813e+01
   2.4000000e+02   2.7498199e+01
   2.4025000e+02   2.7492606e+01
   2.4050000e+02   2.7487034e+01
   2.4075000e+02   2.7481483e+01
   2.4100000e+02   2.7475952e+01
   2.4125000e+02   2.7470442e+01
   2.4150000e+02   2.7464953e+01
   2.4175000e+02   2.7459484e+01
   2.4200000e+02   2.7454035e+01
   2.4225000e+02   2.7448607e+01
   2.4250000e+02   2.7443199e+01
   2.4275000e+02   2.7437811e+01
   2.4300000e+02   2.7432444e+01
   2.4325000e+02   2.7427096e+01
   2.4350000e+02   2.7421769e+01
   2.4375000e+02   2.7416461e+01
   2.4400000e+02   2.7411173e+01
   2.4425000e+02   2.7405905e+01
   2.4450000e+02   2.7400656e+01
   2.4475000e+02   2.7395427e+01
   2.4500000e+02   2.7390218e+01
   2.4525000e+02   2.7385028e+01
   2.4550000e+02   2.7379858e+01
   2.4575000e+02   2.7374706e+01
   2.4600000e+02   2.7369574e+01
   2.4625000e+02   2.7364462e+01
   2.4650000e+02   2.7359368e+01
   2.4675000e+02   2.7354293e+01
   2.4700000e+02   2.7349237e+01
   2.4725000e+02   2.7344200e+01
   2.4750000e+02   2.7339182e+01
   2.4775000e+02   2.7334183e+01
   2.4800000e+02   2.7329202e+01
   2.4825000e+02   2.7324240e+01
   2.4850000e+02   2.7319296e+01
   2.4875000e+02   2.7314371e+01
   2.4900000e+02   2.7309464e+01
   2.4925000e+02   2.7304576e+01
   2.4950000e+02   2.7299706e+01
   2.4975000e+02   2.7294854e+01
   2.5000000e+02   2.7290020e+01
   2.5025000e+02   2.7285204e+01
   2.5050000e+02   2.7280406e+01
   2.5075000e+02   2.7275626e+01
   2.5100000e+02   2.7270864e+01
   2.5125000e+02   2.7266119e+01
   2.5150000e+02   2.7261393e+01
   2.5175000e+02   2.7256684e+01
   2.5200000e+02   2.7251992e+01
   2.5225000e+02   2.7247319e+01
   2.5250000e+02   2.7242662e+01
   2.5275000e+02   2.7238023e+01
   2.5300000e+02   2.7233401e+01
   2.5325000e+02   2.7228797e+01
   2.5350000e+02   2.7224209e+01
   2.5375000e+02   2.7219639e+01
   2.5400000e+02   2.7215086e+01
   2.5425000e+02   2.7210550e+01
   2.5450000e+02   2.7206031e+01
   2.5475000e+02   2.7201528e+01
   2.5500000e+02   2.7197043e+01
   2.5525000e+02   2.7192574e+01
   2.5550000e+02   2.7188122e+01
   2.5575000e+02   2.7183687e+01
   2.5600000e+02   2.7179268e+01
   2.5625000e+02   2.7174865e+01
   2.5650000e+02   2.7170479e+01
   2.5675000e+02   2.7166110e+01
   2.5700000e+02   2.7161756e+01
   2.5725000e+02   2.7157419e+01
   2.5750000e+02   2.7153099e+01
   2.5775000e+02   2.7148794e+01
   2.5800000e+02   2.7144505e+01
   2.5825000e+02   2.7140233e+01
   2.5850000e+02   2.7135976e+01
   2.5875000e+02   2.7131735e+01
   2.5900000e+02   2.7127510e+01
   2.5925000e+02   2.7123301e+01
   2.5950000e+02   2.7119108e+01
   2.5975000e+02   2.7114930e+01
   2.6000000e+02   2.7110767e+01
   2.6025000e+02   2.7106621e+01
   2.6050000e+02   2.7102490e+01
   2.6075000e+02   2.7098374e+01
   2.6100000e+02   2.7094273e+01
   2.6125000e+02   2.7090188e+01
   2.6150000e+02   2.7086118e+01
   2.6175000e+02   2.7082064e+01
   2.6200000e+02   2.7078024e+01
   2.6225000e+02   2.7074000e+01
   2.6250000e+02   2.7069990e+01
   2.6275000e+02   2.7065996e+01
   2.6300000e+02   2.7062016e+01
   2.6325000e+02   2.7058052e+01
   2.6350000e+02   2.7054102e+01
   2.6375000e+02   2.7050167e+01
   2.6400000e+02   2.7046246e+01
   2.6425000e+02   2.7042340e+01
   2.6450000e+02   2.7038449e+01
   2.6475000e+02   2.7034572e+01
   2.6500000e+02   2.7030710e+01
   2.6525000e+02   2.7026862e+01
   2.6550000e+02   2.7023029e+01
   2.6575000e+02   2.7019210e+01
   2.6600000e+02   2.7015405e+01
   2.6625000e+02   2.7011614e+01
   2.6650000e+02   2.7007838e+01
   2.6675000e+02   2.7004075e+01
   2.6700000e+02   2.7000327e+01
   2.6725000e+02   2.6996592e+01
   2.6750000e+02   2.6992872e+01
   2.6775000e+02   2.6989165e+01
   2.6800000e+02   2.6985473e+01
   2.6825000e+02   2.6981794e+01
   2.6850000e+02   2.6978129e+01
   2.6875000e+02   2.6974477e+01
   2.6900000e+02   2.6970839e+01
   2.6925000e+02   2.6967215e+01
   2.6950000e+02   2.6963604e+01
   2.6975000e+02   2.6960007e+01
   2.7000000e+02   2.6956423e+01
   2.7025000e+02   2.6952852e+01
   2.7050000e+02   2.6949295e+01
   2.7075000e+02   2.6945751e+01
   2.7100000e+02   2.6942221e+01
   2.7125000e+02   2.6938703e+01
   2.7150000e+02   2.6935199e+01
   2.7175000e+02   2.6931708e+01
   2.7200000e+02   2.6928229e+01
   2.7225000e+02   2.6924764e+01
   2.7250000e+02   2.6921312e+01
   2.7275000e+02   2.6917872e+01
   2.7300000e+02   2.6914446e+01
   2.7325000e+02   2.6911032e+01
   2.7350000e+02   2.6907631e+01
   2.7375000e+02   2.6904243e+01
   2.7400000e+02   2.6900867e+01
   2.7425000e+02   2.6897504e+01
   2.7450000e+02   2.6894153e+01
   2.7475000e+02   2.6890815e+01
   2.7500000e+02   2.6887490e+01
   2.7525000e+02   2.6884177e+01
   2.7550000e+02   2.6880876e+01
   2.7575000e+02   2.6877587e+01
   2.7600000e+02   2.6874311e+01
   2.7625000e+02   2.6871047e+01
   2.7650000e+02   2.6867795e+01
   2.7675000e+02   2.6864556e+01
   2.7700000e+02   2.6861328e+01
   2.7725000e+02   2.6858113e+01
   2.7750000e+02   2.6854909e+01
   2.7775000e+02   2.6851718e+01
   2.7800000e+02   2.6848538e+01
   2.7825000e+02   2.6845370e+01
   2.7850000e+02   2.6842215e+01
   2.7875000e+02   2.6839070e+01
   2.7900000e+02   2.6835938e+01
   2.7925000e+02   2.6832817e+01
   2.7950000e+02   2.6829708e+01
   2.7975000e+02   2.6826611e+01
   2.8000000e+02   2.6823525e+01
   2.8025000e+02   2.6820451e+01
   2.8050000e+02   2.6817388e+01
   2.8075000e+02   2.6814336e+01
   2.8100000e+02   2.6811296e+01
   2.8125000e+02   2.6808268e+01
   2.8150000e+02   2.6805250e+01
   2.8175000e+02   2.6802244e+01
   2.8200000e+02   2.6799249e+01
   2.8225000e+02   2.6796265e+01
   2.8250000e+02   2.6793293e+01
   2.8275000e+02   2.6790331e+01
   2.8300000e+02   2.6787381e+01
   2.8325000e+02   2.6784441e+01
   2.8350000e+02   2.6781513e+01
   2.8375000e+02   2.6778595e+01
   2.8400000e+02   2.6775689e+01
   2.8425000e+02   2.6772793e+01
   2.8450000e+02   2.6769908e+01
   2.8475000e+02   2.6767034e+01
   2.8500000e+02   2.6764170e+01
   2.8525000e+02   2.6761318e+01
   2.8550000e+02   2.6758475e+01
   2.8575000e+02   2.6755644e+01
   2.8600000e+02   2.6752823e+01
   2.8625000e+02   2.6750013e+01
   2.8650000e+02   2.6747213e+01
   2.8675000e+02   2.6744423e+01
   2.8700000e+02   2.6741644e+01
   2.8725000e+02   2.6738875e+01
   2.8750000e+02   2.6736117e+01
   2.8775000e+02   2.6733369e+01
   2.8800000e+02   2.6730631e+01
   2.8825000e+02   2.6727904e+01
   2.8850000e+02   2.6725186e+01
   2.8875000e+02   2.6722479e+01
   2.8900000e+02   2.6719782e+01
   2.8925000e+02   2.6717095e+01
   2.8950000e+02   2.6714418e+01
   2.8975000e+02   2.6711751e+01
   2.9000000e+02   2.6709094e+01
   2.9025000e+02   2.6706446e+01
   2.9050000e+02   2.6703809e+01
   2.9075000e+02   2.6701182e+01
   2.9100000e+02   2.6698564e+01
   2.9125000e+02   2.6695956e+01
   2.9150000e+02   2.6693358e+01
   2.9175000e+02   2.6690770e+01
   2.9200000e+02   2.6688191e+01
   2.9225000e+02   2.6685622e+01
   2.9250000e+02   2.6683062e+01
   2.9275000e+02   2.6680512e+01
   2.9300000e+02   2.6677972e+01
   2.9325000e+02   2.6675441e+01
   2.9350000e+02   2.6672919e+01
   2.9375000e+02   2.6670407e+01
   2.9400000e+02   2.6667904e+01
   2.9425000e+02   2.6665411e+01
   2.9450000e+02   2.6662927e+01
   2.9475000e+02   2.6660452e+01
   2.9500000e+02   2.6657987e+01
   2.9525000e+02   2.6655530e+01
   2.9550000e+02   2.6653083e+01
   2.9575000e+02   2.6650645e+01
   2.9600000e+02   2.6648216e+01
   2.9625000e+02   2.6645796e+01
   2.9650000e+02   2.6643385e+01
   2.9675000e+02   2.6640983e+01
   2.9700000e+02   2.6638590e+01
   2.9725000e+02   2.6636206e+01
   2.9750000e+02   2.6633831e+01
   2.9775000e+02   2.6631465e+01
   2.9800000e+02   2.6629108e+01
   2.9825000e+02   2.6626759e+01
   2.9850000e+02   2.6624419e+01
   2.9875000e+02   2.6622088e+01
   2.9900000e+02   2.6619766e+01
   2.9925000e+02   2.6617452e+01
   2.9950000e+02   2.6615147e+01
   2.9975000e+02   2.6612851e+01
   3.0000000e+02   2.6610563e+01
   3.0025000e+02   2.6608284e+01
   3.0050000e+02   2.6606013e+01
   3.0075000e+02   2.6603750e+01
   3.0100000e+02   2.6601496e+01
   3.0125000e+02   2.6599251e+01
   3.0150000e+02   2.6597014e+01
   3.0175000e+02   2.6594785e+01
   3.0200000e+02   2.6592565e+01
   3.0225000e+02   2.6590353e+01
   3.0250000e+02   2.6588149e+01
   3.0275000e+02   2.6585953e+01
   3.0300000e+02   2.6583766e+01
   3.0325000e+02   2.6581586e+01
   3.0350000e+02   2.6579415e+01
   3.0375000e+02   2.6577252e+01
   3.0400000e+02   2.6575097e+01
   3.0425000e+02   2.6572950e+01
   3.0450000e+02   2.6570811e+01
   3.0475000e+02   2.6568680e+01
   3.0500000e+02   2.6566557e+01
   3.0525000e+02   2.6564442e+01
   3.0550000e+02   2.6562335e+01
   3.0575000e+02   2.6560236e+01
   3.0600000e+02   2.6558144e+01
   3.0625000e+02   2.6556061e+01
   3.0650000e+02   2.6553985e+01
   3.0675000e+02   2.6551917e+01
   3.0700000e+02   2.6549856e+01
   3.0725000e+02   2.6547804e+01
   3.0750000e+02   2.6545758e+01
   3.0775000e+02   2.6543721e+01
   3.0800000e+02   2.6541691e+01
   3.0825000e+02   2.6539669e+01
   3.0850000e+02   2.6537654e+01
   3.0875000e+02   2.6535647e+01
   3.0900000e+02   2.6533648e+01
   3.0925000e+02   2.6531655e+01
   3.0950000e+02   2.6529671e+01
   3.0975000e+02   2.6527693e+01
   3.1000000e+02   2.6525723e+01
   3.1025000e+02   2.6523761e+01
   3.1050000e+02   2.6521805e+01
   3.1075000e+02   2.6519857e+01
   3.1100000e+02   2.6517917e+01
   3.1125000e+02   2.6515983e+01
   3.1150000e+02   2.6514057e+01
   3.1175000e+02   2.6512138e+01
   3.1200000e+02   2.6510226e+01
   3.1225000e+02   2.6508321e+01
   3.1250000e+02   2.6506424e+01
   3.1275000e+02   2.6504533e+01
   3.1300000e+02   2.6502649e+01
   3.1325000e+02   2.6500773e+01
   3.1350000e+02   2.6498904e+01
   3.1375000e+02   2.6497041e+01
   3.1400000e+02   2.6495186e+01
   3.1425000e+02   2.6493337e+01
   3.1450000e+02   2.6491495e+01
   3.1475000e+02   2.6489660e+01
   3.1500000e+02   2.6487832e+01
   3.1525000e+02   2.6486011e+01
   3.1550000e+02   2.6484197e+01
   3.1575000e+02   2.6482389e+01
   3.1600000e+02   2.6480588e+01
   3.1625000e+02   2.6478794e+01
   3.1650000e+02   2.6477007e+01
   3.1675000e+02   2.6475226e+01
   3.1700000e+02   2.6473452e+01
   3.1725000e+02   2.6471685e+01
   3.1750000e+02   2.6469924e+01
   3.1775000e+02   2.6468169e+01
   3.1800000e+02   2.6466422e+01
   3.1825000e+02   2.6464680e+01
   3.1850000e+02   2.6462946e+01
   3.1875000e+02   2.6461217e+01
   3.1900000e+02   2.6459496e+01
   3.1925000e+02   2.6457780e+01
   3.1950000e+02   2.6456071e+01
   3.1975000e+02   2.6454369e+01
   3.2000000e+02   2.6452672e+01
   3.2025000e+02   2.6450982e+01
   3.2050000e+02   2.6449299e+01
   3.2075000e+02   2.6447622e+01
   3.2100000e+02   2.6445951e+01
   3.2125000e+02   2.6444286e+01
   3.2150000e+02   2.6442627e+01
   3.2175000e+02   2.6440975e+01
   3.2200000e+02   2.6439328e+01
   3.2225000e+02   2.6437688e+01
   3.2250000e+02   2.6436054e+01
   3.2275000e+02   2.6434427e+01
   3.2300000e+02   2.6432805e+01
   3.2325000e+02   2.6431189e+01
   3.2350000e+02   2.6429579e+01
   3.2375000e+02   2.6427976e+01
   3.2400000e+02   2.6426378e+01
   3.2425000e+02   2.6424786e+01
   3.2450000e+02   2.6423200e+01
   3.2475000e+02   2.6421621e+01
   3.2500000e+02   2.6420047e+01
   3.2525000e+02   2.6418478e+01
   3.2550000e+02   2.6416916e+01
   3.2575000e+02   2.6415360e+01
   3.2600000e+02   2.6413809e+01
   3.2625000e+02   2.6412264e+01
   3.2650000e+02   2.6410725e+01
   3.2675000e+02   2.6409192e+01
   3.2700000e+02   2.6407664e+01
   3.2725000e+02   2.6406143e+01
   3.2750000e+02   2.6404626e+01
   3.2775000e+02   2.6403116e+01
   3.2800000e+02   2.6401611e+01
   3.2825000e+02   2.6400112e+01
   3.2850000e+02   2.6398618e+01
   3.2875000e+02   2.6397130e+01
   3.2900000e+02   2.6395647e+01
   3.2925000e+02   2.6394170e+01
   3.2950000e+02   2.6392699e+01
   3.2975000e+02   2.6391233e+01
   3.3000000e+02   2.6389772e+01
   3.3025000e+02   2.6388317e+01
   3.3050000e+02   2.6386867e+01
   3.3075000e+02   2.6385423e+01
   3.3100000e+02   2.6383984e+01
   3.3125000e+02   2.6382551e+01
   3.3150000e+02   2.6381123e+01
   3.3175000e+02   2.6379700e+01
   3.3200000e+02   2.6378282e+01
   3.3225000e+02   2.6376870e+01
   3.3250000e+02   2.6375463e+01
   3.3275000e+02   2.6374062e+01
   3.3300000e+02   2.6372665e+01
   3.3325000e+02   2.6371274e+01
   3.3350000e+02   2.6369888e+01
   3.3375000e+02   2.6368507e+01
   3.3400000e+02   2.6367131e+01
   3.3425000e+02   2.6365761e+01
   3.3450000e+02   2.6364395e+01
   3.3475000e+02   2.6363035e+01
   3.3500000e+02   2.6361680e+01
   3.3525000e+02   2.6360330e+01
   3.3550000e+02   2.6358984e+01
   3.3575000e+02   2.6357644e+01
   3.3600000e+02   2.6356309e+01
   3.3625000e+02   2.6354979e+01
   3.3650000e+02   2.6353654e+01
   3.3675000e+02   2.6352333e+01
   3.3700000e+02   2.6351018e+01
   3.3725000e+02   2.6349708e+01
   3.3750000e+02   2.6348402e+01
   3.3775000e+02   2.6347102e+01
   3.3800000e+02   2.6345806e+01
   3.3825000e+02   2.6344515e+01
   3.3850000e+02   2.6343229e+01
   3.3875000e+02   2.6341947e+01
   3.3900000e+02   2.6340671e+01
   3.3925000e+02   2.6339399e+01
   3.3950000e+02   2.6338132e+01
   3.3975000e+02   2.6336870e+01
   3.4000000e+02   2.6335612e+01
   3.4025000e+02   2.6334359e+01
   3.4050000e+02   2.6333111e+01
   3.4075000e+02   2.6331867e+01
   3.4100000e+02   2.6330629e+01
   3.4125000e+02   2.6329394e+01
   3.4150000e+02   2.6328165e+01
   3.4175000e+02   2.6326939e+01
   3.4200000e+02   2.6325719e+01
   3.4225000e+02   2.6324503e+01
   3.4250000e+02   2.6323292e+01
   3.4275000e+02   2.6322085e+01
   3.4300000e+02   2.6320882e+01
   3.4325000e+02   2.6319684e+01
   3.4350000e+02   2.6318491e+01
   3.4375000e+02   2.6317302e+01
   3.4400000e+02   2.6316117e+01
   3.4425000e+02   2.6314937e+01
   3.4450000e+02   2.6313762e+01
   3.4475000e+02   2.6312590e+01
   3.4500000e+02   2.6311423e+01
   3.4525000e+02   2.6310261e+01
   3.4550000e+02   2.6309102e+01
   3.4575000e+02   2.6307948e+01
   3.4600000e+02   2.6306799e+01
   3.4625000e+02   2.6305654e+01
   3.4650000e+02   2.6304512e+01
   3.4675000e+02   2.6303376e+01
   3.4700000e+02   2.6302243e+01
   3.4725000e+02   2.6301115e+01
   3.4750000e+02   2.6299991e+01
   3.4775000e+02   2.6298871e+01
   3.4800000e+02   2.6297755e+01
   3.4825000e+02   2.6296643e+01
   3.4850000e+02   2.6295536e+01
   3.4875000e+02   2.6294433e+01
   3.4900000e+02   2.6293334e+01
   3.4925000e+02   2.6292238e+01
   3.4950000e+02   2.6291148e+01
   3.4975000e+02   2.6290061e+01
   3.5000000e+02   2.6288978e+01
   3.5025000e+02   2.6287899e+01
   3.5050000e+02   2.6286824e+01
   3.5075000e+02   2.6285753e+01
   3.5100000e+02   2.6284687e+01
   3.5125000e+02   2.6283624e+01
   3.5150000e+02   2.6282565e+01
   3.5175000e+02   2.6281510e+01
   3.5200000e+02   2.6280459e+01
   3.5225000e+02   2.6279412e+01
   3.5250000e+02   2.6278369e+01
   3.5275000e+02   2.6277330e+01
   3.5300000e+02   2.6276295e+01
   3.5325000e+02   2.6275263e+01
   3.5350000e+02   2.6274236e+01
   3.5375000e+02   2.6273212e+01
   3.5400000e+02   2.6272192e+01
   3.5425000e+02   2.6271176e+01
   3.5450000e+02   2.6270163e+01
   3.5475000e+02   2.6269155e+01
   3.5500000e+02   2.6268150e+01
   3.5525000e+02   2.6267149e+01
   3.5550000e+02   2.6266152e+01
   3.5575000e+02   2.6265158e+01
   3.5600000e+02   2.6264168e+01
   3.5625000e+02   2.6263182e+01
   3.5650000e+02   2.6262200e+01
   3.5675000e+02   2.6261221e+01
   3.5700000e+02   2.6260245e+01
   3.5725000e+02   2.6259274e+01
   3.5750000e+02   2.6258306e+01
   3.5775000e+02   2.6257342e+01
   3.5800000e+02   2.6256381e+01
   3.5825000e+02   2.6255424e+01
   3.5850000e+02   2.6254470e+01
   3.5875000e+02   2.6253520e+01
   3.5900000e+02   2.6252574e+01
   3.5925000e+02   2.6251631e+01
   3.5950000e+02   2.6250692e+01
   3.5975000e+02   2.6249756e+01
   3.6000000e+02   2.6248823e+01
   3.6025000e+02   2.6247895e+01
   3.6050000e+02   2.6246969e+01
   3.6075000e+02   2.6246047e+01
   3.6100000e+02   2.6245129e+01
   3.6125000e+02   2.6244213e+01
   3.6150000e+02   2.6243302e+01
   3.6175000e+02   2.6242393e+01
   3.6200000e+02   2.6241489e+01
   3.6225000e+02   2.6240587e+01
   3.6250000e+02   2.6239689e+01
   3.6275000e+02   2.6238794e+01
   3.6300000e+02   2.6237903e+01
   3.6325000e+02   2.6237015e+01
   3.6350000e+02   2.6236130e+01
   3.6375000e+02   2.6235248e+01
   3.6400000e+02   2.6234370e+01
   3.6425000e+02   2.6233495e+01
   3.6450000e+02   2.6232623e+01
   3.6475000e+02   2.6231755e+01
   3.6500000e+02   2.6230890e+01
   3.6525000e+02   2.6230028e+01
   3.6550000e+02   2.6229169e+01
   3.6575000e+02   2.6228314e+01
   3.6600000e+02   2.6227461e+01
   3.6625000e+02   2.6226612e+01
   3.6650000e+02   2.6225766e+01
   3.6675000e+02   2.6224923e+01
   3.6700000e+02   2.6224084e+01
   3.6725000e+02   2.6223247e+01
   3.6750000e+02   2.6222414e+01
   3.6775000e+02   2.6221583e+01
   3.6800000e+02   2.6220756e+01
   3.6825000e+02   2.6219932e+01
   3.6850000e+02   2.6219111e+01
   3.6875000e+02   2.6218293e+01
   3.6900000e+02   2.6217478e+01
   3.6925000e+02   2.6216666e+01
   3.6950000e+02   2.6215857e+01
   3.6975000e+02   2.6215051e+01
   3.7000000e+02   2.6214249e+01
   3.7025000e+02   2.6213449e+01
   3.7050000e+02   2.6212652e+01
   3.7075000e+02   2.6211858e+01
   3.7100000e+02   2.6211067e+01
   3.7125000e+02   2.6210279e+01
   3.7150000e+02   2.6209494e+01
   3.7175000e+02   2.6208712e+01
   3.7200000e+02   2.6207933e+01
   3.7225000e+02   2.6207157e+01
   3.7250000e+02   2.6206383e+01
   3.7275000e+02   2.6205613e+01
   3.7300000e+02   2.6204845e+01
   3.7325000e+02   2.6204081e+01
   3.7350000e+02   2.6203319e+01
   3.7375000e+02   2.6202560e+01
   3.7400000e+02   2.6201804e+01
   3.7425000e+02   2.6201050e+01
   3.7450000e+02   2.6200300e+01
   3.7475000e+02   2.6199552e+01
   3.7500000e+02   2.6198807e+01
   3.7525000e+02   2.6198065e+01
   3.7550000e+02   2.6197325e+01
   3.7575000e+02   2.6196589e+01
   3.7600000e+02   2.6195855e+01
   3.7625000e+02   2.6195124e+01
   3.7650000e+02   2.6194395e+01
   3.7675000e+02   2.6193669e+01
   3.7700000e+02   2.6192946e+01
   3.7725000e+02   2.6192226e+01
   3.7750000e+02   2.6191509e+01
   3.7775000e+02   2.6190794e+01
   3.7800000e+02   2.6190081e+01
   3.7825000e+02   2.6189372e+01
   3.7850000e+02   2.6188665e+01
   3.7875000e+02   2.6187960e+01
   3.7900000e+02   2.6187259e+01
   3.7925000e+02   2.6186560e+01
   3.7950000e+02   2.6185863e+01
   3.7975000e+02   2.6185169e+01
   3.8000000e+02   2.6184478e+01
   3.8025000e+02   2.6183789e+01
   3.8050000e+02   2.6183103e+01
   3.8075000e+02   2.6182420e+01
   3.8100000e+02   2.6181739e+01
   3.8125000e+02   2.6181060e+01
   3.8150000e+02   2.6180384e+01
   3.8175000e+02   2.6179711e+01
   3.8200000e+02   2.6179040e+01
   3.8225000e+02   2.6178372e+01
   3.8250000e+02   2.6177706e+01
   3.8275000e+02   2.6177042e+01
   3.8300000e+02   2.6176381e+01
   3.8325000e+02   2.6175723e+01
   3.8350000e+02   2.6175067e+01
   3.8375000e+02   2.6174413e+01
   3.8400000e+02   2.6173762e+01
   3.8425000e+02   2.6173114e+01
   3.8450000e+02   2.6172467e+01
   3.8475000e+02   2.6171824e+01
   3.8500000e+02   2.6171182e+01
   3.8525000e+02   2.6170543e+01
   3.8550000e+02   2.6169906e+01
   3.8575000e+02   2.6169272e+01
   3.8600000e+02   2.6168640e+01
   3.8625000e+02   2.6168011e+01
   3.8650000e+02   2.6167383e+01
   3.8675000e+02   2.6166758e+01
   3.8700000e+02   2.6166136e+01
   3.8725000e+02   2.6165516e+01
   3.8750000e+02   2.6164898e+01
   3.8775000e+02   2.6164282e+01
   3.8800000e+02   2.6163669e+01
   3.8825000e+02   2.6163058e+01
   3.8850000e+02   2.6162449e+01
   3.8875000e+02   2.6161843e+01
   3.8900000e+02   2.6161239e+01
   3.8925000e+02   2.6160637e+01
   3.8950000e+02   2.6160037e+01
   3.8975000e+02   2.6159440e+01
   3.9000000e+02   2.6158844e+01
   3.9025000e+02   2.6158251e+01
   3.9050000e+02   2.6157661e+01
   3.9075000e+02   2.6157072e+01
   3.9100000e+02   2.6156486e+01
   3.9125000e+02   2.6155901e+01
   3.9150000e+02   2.6155319e+01
   3.9175000e+02   2.6154740e+01
   3.9200000e+02   2.6154162e+01
   3.9225000e+02   2.6153586e+01
   3.9250000e+02   2.6153013e+01
   3.9275000e+02   2.6152442e+01
   3.9300000e+02   2.6151873e+01
   3.9325000e+02   2.6151306e+01
   3.9350000e+02   2.6150741e+01
   3.9375000e+02   2.6150178e+01
   3.9400000e+02   2.6149618e+01
   3.9425000e+02   2.6149059e+01
   3.9450000e+02   2.6148502e+01
   3.9475000e+02   2.6147948e+01
   3.9500000e+02   2.6147396e+01
   3.9525000e+02   2.6146846e+01
   3.9550000e+02   2.6146297e+01
   3.9575000e+02   2.6145751e+01
   3.9600000e+02   2.6145207e+01
   3.9625000e+02   2.6144665e+01
   3.9650000e+02   2.6144125e+01
   3.9675000e+02   2.6143587e+01
   3.9700000e+02   2.6143051e+01
   3.9725000e+02   2.6142517e+01
   3.9750000e+02   2.6141985e+01
   3.9775000e+02   2.6141455e+01
   3.9800000e+02   2.6140927e+01
   3.9825000e+02   2.6140401e+01
   3.9850000e+02   2.6139876e+01
   3.9875000e+02   2.6139354e+01
   3.9900000e+02   2.6138834e+01
   3.9925000e+02   2.6138316e+01
   3.9950000e+02   2.6137799e+01
   3.9975000e+02   2.6137285e+01
   4.0000000e+02   2.6136772e+01
   4.0025000e+02   2.6136262e+01
   4.0050000e+02   2.6135753e+01
   4.0075000e+02   2.6135246e+01
   4.0100000e+02   2.6134741e+01
   4.0125000e+02   2.6134238e+01
   4.0150000e+02   2.6133737e+01
   4.0175000e+02   2.6133238e+01
   4.0200000e+02   2.6132741e+01
   4.0225000e+02   2.6132245e+01
   4.0250000e+02   2.6131751e+01
   4.0275000e+02   2.6131260e+01
   4.0300000e+02   2.6130770e+01
   4.0325000e+02   2.6130281e+01
   4.0350000e+02   2.6129795e+01
   4.0375000e+02   2.6129310e+01
   4.0400000e+02   2.6128828e+01
   4.0425000e+02   2.6128347e+01
   4.0450000e+02   2.6127868e+01
   4.0475000e+02   2.6127390e+01
   4.0500000e+02   2.6126915e+01
   4.0525000e+02   2.6126441e+01
   4.0550000e+02   2.6125969e+01
   4.0575000e+02   2.6125499e+01
   4.0600000e+02   2.6125030e+01
   4.0625000e+02   2.6124563e+01
   4.0650000e+02   2.6124098e+01
   4.0675000e+02   2.6123635e+01
   4.0700000e+02   2.6123173e+01
   4.0725000e+02   2.6122714e+01
   4.0750000e+02   2.6122256e+01
   4.0775000e+02   2.6121799e+01
   4.0800000e+02   2.6121344e+01
   4.0825000e+02   2.6120891e+01
   4.0850000e+02   2.6120440e+01
   4.0875000e+02   2.6119991e+01
   4.0900000e+02   2.6119543e+01
   4.0925000e+02   2.6119096e+01
   4.0950000e+02   2.6118652e+01
   4.0975000e+02   2.6118209e+01
   4.1000000e+02   2.6117767e+01
   4.1025000e+02   2.6117328e+01
   4.1050000e+02   2.6116890e+01
   4.1075000e+02   2.6116453e+01
   4.1100000e+02   2.6116019e+01
   4.1125000e+02   2.6115586e+01
   4.1150000e+02   2.6115154e+01
   4.1175000e+02   2.6114724e+01
   4.1200000e+02   2.6114296e+01
   4.1225000e+02   2.6113869e+01
   4.1250000e+02   2.6113444e+01
   4.1275000e+02   2.6113021e+01
   4.1300000e+02   2.6112599e+01
   4.1325000e+02   2.6112178e+01
   4.1350000e+02   2.6111760e+01
   4.1375000e+02   2.6111342e+01
   4.1400000e+02   2.6110927e+01
   4.1425000e+02   2.6110513e+01
   4.1450000e+02   2.6110100e+01
   4.1475000e+02   2.6109689e+01
   4.1500000e+02   2.6109280e+01
   4.1525000e+02   2.6108872e+01
   4.1550000e+02   2.6108465e+01
   4.1575000e+02   2.6108060e+01
   4.1600000e+02   2.6107657e+01
   4.1625000e+02   2.6107255e+01
   4.1650000e+02   2.6106854e+01
   4.1675000e+02   2.6106456e+01
   4.1700000e+02   2.6106058e+01
   4.1725000e+02   2.6105662e+01
   4.1750000e+02   2.6105268e+01
   4.1775000e+02   2.6104875e+01
   4.1800000e+02   2.6104483e+01
   4.1825000e+02   2.6104093e+01
   4.1850000e+02   2.6103705e+01
   4.1875000e+02   2.6103317e+01
   4.1900000e+02   2.6102932e+01
   4.1925000e+02   2.6102548e+01
   4.1950000e+02   2.6102165e+01
   4.1975000e+02   2.6101783e+01
   4.2000000e+02   2.6101403e+01
   4.2025000e+02   2.6101025e+01
   4.2050000e+02   2.6100648e+01
   4.2075000e+02   2.6100272e+01
   4.2100000e+02   2.6099898e+01
   4.2125000e+02   2.6099525e+01
   4.2150000e+02   2.6099153e+01
   4.2175000e+02   2.6098783e+01
   4.2200000e+02   2.6098414e+01
   4.2225000e+02   2.6098047e+01
   4.2250000e+02   2.6097681e+01
   4.2275000e+02   2.6097316e+01
   4.2300000e+02   2.6096953e+01
   4.2325000e+02   2.6096591e+01
   4.2350000e+02   2.6096230e+01
   4.2375000e+02   2.6095871e+01
   4.2400000e+02   2.6095513e+01
   4.2425000e+02   2.6095157e+01
   4.2450000e+02   2.6094801e+01
   4.2475000e+02   2.6094447e+01
   4.2500000e+02   2.6094095e+01
   4.2525000e+02   2.6093744e+01
   4.2550000e+02   2.6093394e+01
   4.2575000e+02   2.6093045e+01
   4.2600000e+02   2.6092698e+01
   4.2625000e+02   2.6092351e+01
   4.2650000e+02   2.6092007e+01
   4.2675000e+02   2.6091663e+01
   4.2700000e+02   2.6091321e+01
   4.2725000e+02   2.6090980e+01
   4.2750000e+02   2.6090640e+01
   4.2775000e+02   2.6090302e+01
   4.2800000e+02   2.6089965e+01
   4.2825000e+02   2.6089629e+01
   4.2850000e+02   2.6089295e+01
   4.2875000e+02   2.6088961e+01
   4.2900000e+02   2.6088629e+01
   4.2925000e+02   2.6088298e+01
   4.2950000e+02   2.6087969e+01
   4.2975000e+02   2.6087640e+01
   4.3000000e+02   2.6087313e+01
   4.3025000e+02   2.6086987e+01
   4.3050000e+02   2.6086662e+01
   4.3075000e+02   2.6086339e+01
   4.3100000e+02   2.6086016e+01
   4.3125000e+02   2.6085695e+01
   4.3150000e+02   2.6085375e+01
   4.3175000e+02   2.6085057e+01
   4.3200000e+02   2.6084739e+01
   4.3225000e+02   2.6084423e+01
   4.3250000e+02   2.6084108e+01
   4.3275000e+02   2.6083794e+01
   4.3300000e+02   2.6083481e+01
   4.3325000e+02   2.6083169e+01
   4.3350000e+02   2.6082859e+01
   4.3375000e+02   2.6082549e+01
   4.3400000e+02   2.6082241e+01
   4.3425000e+02   2.6081934e+01
   4.3450000e+02   2.6081628e+01
   4.3475000e+02   2.6081324e+01
   4.3500000e+02   2.6081020e+01
   4.3525000e+02   2.6080718e+01
   4.3550000e+02   2.6080416e+01
   4.3575000e+02   2.6080116e+01
   4.3600000e+02   2.6079817e+01
   4.3625000e+02   2.6079519e+01
   4.3650000e+02   2.6079222e+01
   4.3675000e+02   2.6078926e+01
   4.3700000e+02   2.6078632e+01
   4.3725000e+02   2.6078338e+01
   4.3750000e+02   2.6078046e+01
   4.3775000e+02   2.6077754e+01
   4.3800000e+02   2.6077464e+01
   4.3825000e+02   2.6077175e+01
   4.3850000e+02   2.6076887e+01
   4.3875000e+02   2.6076600e+01
   4.3900000e+02   2.6076314e+01
   4.3925000e+02   2.6076029e+01
   4.3950000e+02   2.6075745e+01
   4.3975000e+02   2.6075462e+01
   4.4000000e+02   2.6075181e+01
   4.4025000e+02   2.6074900e+01
   4.4050000e+02   2.6074620e+01
   4.4075000e+02   2.6074342e+01
   4.4100000e+02   2.6074064e+01
   4.4125000e+02   2.6073788e+01
   4.4150000e+02   2.6073512e+01
   4.4175000e+02   2.6073238e+01
   4.4200000e+02   2.6072964e+01
   4.4225000e+02   2.6072692e+01
   4.4250000e+02   2.6072421e+01
   4.4275000e+02   2.6072150e+01
   4.4300000e+02   2.6071881e+01
   4.4325000e+02   2.6071613e+01
   4.4350000e+02   2.6071345e+01
   4.4375000e+02   2.6071079e+01
   4.4400000e+02   2.6070814e+01
   4.4425000e+02   2.6070549e+01
   4.4450000e+02   2.6070286e+01
   4.4475000e+02   2.6070023e+01
   4.4500000e+02   2.6069762e+01
   4.4525000e+02   2.6069502e+01
   4.4550000e+02   2.6069242e+01
   4.4575000e+02   2.6068984e+01
   4.4600000e+02   2.6068726e+01
   4.4625000e+02   2.6068470e+01
   4.4650000e+02   2.6068214e+01
   4.4675000e+02   2.6067959e+01
   4.4700000e+02   2.6067706e+01
   4.4725000e+02   2.6067453e+01
   4.4750000e+02   2.6067201e+01
   4.4775000e+02   2.6066950e+01
   4.4800000e+02   2.6066700e+01
   4.4825000e+02   2.6066451e+01
   4.4850000e+02   2.6066203e+01
   4.4875000e+02   2.6065956e+01
   4.4900000e+02   2.6065710e+01
   4.4925000e+02   2.6065464e+01
   4.4950000e+02   2.6065220e+01
   4.4975000e+02   2.6064977e+01
   4.5000000e+02   2.6064734e+01
   4.5025000e+02   2.6064492e+01
   4.5050000e+02   2.6064252e+01
   4.5075000e+02   2.6064012e+01
   4.5100000e+02   2.6063773e+01
   4.5125000e+02   2.6063535e+01
   4.5150000e+02   2.6063298e+01
   4.5175000e+02   2.6063061e+01
   4.5200000e+02   2.6062826e+01
   4.5225000e+02   2.6062591e+01
   4.5250000e+02   2.6062358e+01
   4.5275000e+02   2.6062125e+01
   4.5300000e+02   2.6061893e+01
   4.5325000e+02   2.6061662e+01
   4.5350000e+02   2.6061432e+01
   4.5375000e+02   2.6061202e+01
   4.5400000e+02   2.6060974e+01
   4.5425000e+02   2.6060746e+01
   4.5450000e+02   2.6060519e+01
   4.5475000e+02   2.6060293e+01
   4.5500000e+02   2.6060068e+01
   4.5525000e+02   2.6059844e+01
   4.5550000e+02   2.6059621e+01
   4.5575000e+02   2.6059398e+01
   4.5600000e+02   2.6059176e+01
   4.5625000e+02   2.6058955e+01
   4.5650000e+02   2.6058735e+01
   4.5675000e+02   2.6058516e+01
   4.5700000e+02   2.6058298e+01
   4.5725000e+02   2.6058080e+01
   4.5750000e+02   2.6057863e+01
   4.5775000e+02   2.6057647e+01
   4.5800000e+02   2.6057432e+01
   4.5825000e+02   2.6057218e+01
   4.5850000e+02   2.6057004e+01
   4.5875000e+02   2.6056791e+01
   4.5900000e+02   2.6056579e+01
   4.5925000e+02   2.6056368e+01
   4.5950000e+02   2.6056158e+01
   4.5975000e+02   2.6055948e+01
   4.6000000e+02   2.6055739e+01
   4.6025000e+02   2.6055531e+01
   4.6050000e+02   2.6055324e+01
   4.6075000e+02   2.6055117e+01
   4.6100000e+02   2.6054911e+01
   4.6125000e+02   2.6054706e+01
   4.6150000e+02   2.6054502e+01
   4.6175000e+02   2.6054299e+01
   4.6200000e+02   2.6054096e+01
   4.6225000e+02   2.6053894e+01
   4.6250000e+02   2.6053693e+01
   4.6275000e+02   2.6053492e+01
   4.6300000e+02   2.6053293e+01
   4.6325000e+02   2.6053094e+01
   4.6350000e+02   2.6052896e+01
   4.6375000e+02   2.6052698e+01
   4.6400000e+02   2.6052501e+01
   4.6425000e+02   2.6052305e+01
   4.6450000e+02   2.6052110e+01
   4.6475000e+02   2.6051916e+01
   4.6500000e+02   2.6051722e+01
   4.6525000e+02   2.6051529e+01
   4.6550000e+02   2.6051336e+01
   4.6575000e+02   2.6051145e+01
   4.6600000e+02   2.6050954e+01
   4.6625000e+02   2.6050763e+01
   4.6650000e+02   2.6050574e+01
   4.6675000e+02   2.6050385e+01
   4.6700000e+02   2.6050197e+01
   4.6725000e+02   2.6050010e+01
   4.6750000e+02   2.6049823e+01
   4.6775000e+02   2.6049637e+01
   4.6800000e+02   2.6049452e+01
   4.6825000e+02   2.6049267e+01
   4.6850000e+02   2.6049083e+01
   4.6875000e+02   2.6048900e+01
   4.6900000e+02   2.6048717e+01
   4.6925000e+02   2.6048535e+01
   4.6950000e+02   2.6048354e+01
   4.6975000e+02   2.6048174e+01
   4.7000000e+02   2.6047994e+01
   4.7025000e+02   2.6047815e+01
   4.7050000e+02   2.6047636e+01
   4.7075000e+02   2.6047458e+01
   4.7100000e+02   2.6047281e+01
   4.7125000e+02   2.6047105e+01
   4.7150000e+02   2.6046929e+01
   4.7175000e+02   2.6046754e+01
   4.7200000e+02   2.6046579e+01
   4.7225000e+02   2.6046405e+01
   4.7250000e+02   2.6046232e+01
   4.7275000e+02   2.6046059e+01
   4.7300000e+02   2.6045887e+01
   4.7325000e+02   2.6045716e+01
   4.7350000e+02   2.6045546e+01
   4.7375000e+02   2.6045375e+01
   4.7400000e+02   2.6045206e+01
   4.7425000e+02   2.6045037e+01
   4.7450000e+02   2.6044869e+01
   4.7475000e+02   2.6044702e+01
   4.7500000e+02   2.6044535e+01
   4.7525000e+02   2.6044369e+01
   4.7550000e+02   2.6044203e+01
   4.7575000e+02   2.6044038e+01
   4.7600000e+02   2.6043873e+01
   4.7625000e+02   2.6043710e+01
   4.7650000e+02   2.6043547e+01
   4.7675000e+02   2.6043384e+01
   4.7700000e+02   2.6043222e+01
   4.7725000e+02   2.6043061e+01
   4.7750000e+02   2.6042900e+01
   4.7775000e+02   2.6042740e+01
   4.7800000e+02   2.6042580e+01
   4.7825000e+02   2.6042421e+01
   4.7850000e+02   2.6042263e+01
   4.7875000e+02   2.6042105e+01
   4.7900000e+02   2.6041948e+01
   4.7925000e+02   2.6041791e+01
   4.7950000e+02   2.6041635e+01
   4.7975000e+02   2.6041480e+01
   4.8000000e+02   2.6041325e+01
   4.8025000e+02   2.6041171e+01
   4.8050000e+02   2.6041017e+01
   4.8075000e+02   2.6040864e+01
   4.8100000e+02   2.6040711e+01
   4.8125000e+02   2.6040559e+01
   4.8150000e+02   2.6040408e+01
   4.8175000e+02   2.6040257e+01
   4.8200000e+02   2.6040107e+01
   4.8225000e+02   2.6039957e+01
   4.8250000e+02   2.6039808e+01
   4.8275000e+02   2.6039659e+01
   4.8300000e+02   2.6039511e+01
   4.8325000e+02   2.6039364e+01
   4.8350000e+02   2.6039217e+01
   4.8375000e+02   2.6039070e+01
   4.8400000e+02   2.6038925e+01
   4.8425000e+02   2.6038779e+01
   4.8450000e+02   2.6038634e+01
   4.8475000e+02   2.6038490e+01
   4.8500000e+02   2.6038347e+01
   4.8525000e+02   2.6038203e+01
   4.8550000e+02   2.6038061e+01
   4.8575000e+02   2.6037919e+01
   4.8600000e+02   2.6037777e+01
   4.8625000e+02   2.6037636e+01
   4.8650000e+02   2.6037496e+01
   4.8675000e+02   2.6037356e+01
   4.8700000e+02   2.6037216e+01
   4.8725000e+02   2.6037077e+01
   4.8750000e+02   2.6036939e+01
   4.8775000e+02   2.6036801e+01
   4.8800000e+02   2.6036664e+01
   4.8825000e+02   2.6036527e+01
   4.8850000e+02   2.6036390e+01
   4.8875000e+02   2.6036254e+01
   4.8900000e+02   2.6036119e+01
   4.8925000e+02   2.6035984e+01
   4.8950000e+02   2.6035850e+01
   4.8975000e+02   2.6035716e+01
   4.9000000e+02   2.6035583e+01
   4.9025000e+02   2.6035450e+01
   4.9050000e+02   2.6035318e+01
   4.9075000e+02   2.6035186e+01
   4.9100000e+02   2.6035054e+01
   4.9125000e+02   2.6034924e+01
   4.9150000e+02   2.6034793e+01
   4.9175000e+02   2.6034663e+01
   4.9200000e+02   2.6034534e+01
   4.9225000e+02   2.6034405e+01
   4.9250000e+02   2.6034277e+01
   4.9275000e+02   2.6034149e+01
   4.9300000e+02   2.6034021e+01
   4.9325000e+02   2.6033894e+01
   4.9350000e+02   2.6033768e+01
   4.9375000e+02   2.6033641e+01
   4.9400000e+02   2.6033516e+01
   4.9425000e+02   2.6033391e+01
   4.9450000e+02   2.6033266e+01
   4.9475000e+02   2.6033142e+01
   4.9500000e+02   2.6033018e+01
   4.9525000e+02   2.6032895e+01
   4.9550000e+02   2.6032772e+01
   4.9575000e+02   2.6032650e+01
   4.9600000e+02   2.6032528e+01
   4.9625000e+02   2.6032406e+01
   4.9650000e+02   2.6032285e+01
   4.9675000e+02   2.6032165e+01
   4.9700000e+02   2.6032045e+01
   4.9725000e+02   2.6031925e+01
   4.9750000e+02   2.6031806e+01
   4.9775000e+02   2.6031687e+01
   4.9800000e+02   2.6031569e+01
   4.9825000e+02   2.6031451e+01
   4.9850000e+02   2.6031334e+01
   4.9875000e+02   2.6031217e+01
   4.9900000e+02   2.6031100e+01
   4.9925000e+02   2.6030984e+01
   4.9950000e+02   2.6030868e+01
   4.9975000e+02   2.6030753e+01
   5.0000000e+02   2.6030638e+01
   5.0025000e+02   2.6030524e+01
   5.0050000e+02   2.6030410e+01
   5.0075000e+02   2.6030297e+01
   5.0100000e+02   2.6030183e+01
   5.0125000e+02   2.6030071e+01
   5.0150000e+02   2.6029959e+01
   5.0175000e+02   2.6029847e+01
   5.0200000e+02   2.6029735e+01
   5.0225000e+02   2.6029624e+01
   5.0250000e+02   2.6029514e+01
   5.0275000e+02   2.6029403e+01
   5.0300000e+02   2.6029294e+01
   5.0325000e+02   2.6029184e+01
   5.0350000e+02   2.6029075e+01
   5.0375000e+02   2.6028967e+01
   5.0400000e+02   2.6028859e+01
   5.0425000e+02   2.6028751e+01
   5.0450000e+02   2.6028644e+01
   5.0475000e+02   2.6028537e+01
   5.0500000e+02   2.6028430e+01
   5.0525000e+02   2.6028324e+01
   5.0550000e+02   2.6028218e+01
   5.0575000e+02   2.6028113e+01
   5.0600000e+02   2.6028008e+01
   5.0625000e+02   2.6027903e+01
   5.0650000e+02   2.6027799e+01
   5.0675000e+02   2.6027696e+01
   5.0700000e+02   2.6027592e+01
   5.0725000e+02   2.6027489e+01
   5.0750000e+02   2.6027387e+01
   5.0775000e+02   2.6027284e+01
   5.0800000e+02   2.6027182e+01
   5.0825000e+02   2.6027081e+01
   5.0850000e+02   2.6026980e+01
   5.0875000e+02   2.6026879e+01
   5.0900000e+02   2.6026779e+01
   5.0925000e+02   2.6026679e+01
   5.0950000e+02   2.6026579e+01
   5.0975000e+02   2.6026480e+01
   5.1000000e+02   2.6026381e+01
   5.1025000e+02   2.6026283e+01
   5.1050000e+02   2.6026185e+01
   5.1075000e+02   2.6026087e+01
   5.1100000e+02   2.6025989e+01
   5.1125000e+02   2.6025892e+01
   5.1150000e+02   2.6025796e+01
   5.1175000e+02   2.6025699e+01
   5.1200000e+02   2.6025603e+01
   5.1225000e+02   2.6025508e+01
   5.1250000e+02   2.6025413e+01
   5.1275000e+02   2.6025318e+01
   5.1300000e+02   2.6025223e+01
   5.1325000e+02   2.6025129e+01
   5.1350000e+02   2.6025035e+01
   5.1375000e+02   2.6024942e+01
   5.1400000e+02   2.6024849e+01
   5.1425000e+02   2.6024756e+01
   5.1450000e+02   2.6024664e+01
   5.1475000e+02   2.6024571e+01
   5.1500000e+02   2.6024480e+01
   5.1525000e+02   2.6024388e+01
   5.1550000e+02   2.6024297e+01
   5.1575000e+02   2.6024207e+01
   5.1600000e+02   2.6024116e+01
   5.1625000e+02   2.6024026e+01
   5.1650000e+02   2.6023937e+01
   5.1675000e+02   2.6023847e+01
   5.1700000e+02   2.6023758e+01
   5.1725000e+02   2.6023669e+01
   5.1750000e+02   2.6023581e+01
   5.1775000e+02   2.6023493e+01
   5.1800000e+02   2.6023405e+01
   5.1825000e+02   2.6023318e+01
   5.1850000e+02   2.6023231e+01
   5.1875000e+02   2.6023144e+01
   5.1900000e+02   2.6023058e+01
   5.1925000e+02   2.6022972e+01
   5.1950000e+02   2.6022886e+01
   5.1975000e+02   2.6022801e+01
   5.2000000e+02   2.6022715e+01
   5.2025000e+02   2.6022631e+01
   5.2050000e+02   2.6022546e+01
   5.2075000e+02   2.6022462e+01
   5.2100000e+02   2.6022378e+01
   5.2125000e+02   2.6022295e+01
   5.2150000e+02   2.6022211e+01
   5.2175000e+02   2.6022128e+01
   5.2200000e+02   2.6022046e+01
   5.2225000e+02   2.6021963e+01
   5.2250000e+02   2.6021881e+01
   5.2275000e+02   2.6021800e+01
   5.2300000e+02   2.6021718e+01
   5.2325000e+02   2.6021637e+01
   5.2350000e+02   2.6021557e+01
   5.2375000e+02   2.6021476e+01
   5.2400000e+02   2.6021396e+01
   5.2425000e+02   2.6021316e+01
   5.2450000e+02   2.6021236e+01
   5.2475000e+02   2.6021157e+01
   5.2500000e+02   2.6021078e+01
   5.2525000e+02   2.6021000e+01
   5.2550000e+02   2.6020921e+01
   5.2575000e+02   2.6020843e+01
   5.2600000e+02   2.6020765e+01
   5.2625000e+02   2.6020688e+01
   5.2650000e+02   2.6020610e+01
   5.2675000e+02   2.6020534e+01
   5.2700000e+02   2.6020457e+01
   5.2725000e+02   2.6020380e+01
   5.2750000e+02   2.6020304e+01
   5.2775000e+02   2.6020229e+01
   5.2800000e+02   2.6020153e+01
   5.2825000e+02   2.6020078e+01
   5.2850000e+02   2.6020003e+01
   5.2875000e+02   2.6019928e+01
   5.2900000e+02   2.6019854e+01
   5.2925000e+02   2.6019780e+01
   5.2950000e+02   2.6019706e+01
   5.2975000e+02   2.6019632e+01
   5.3000000e+02   2.6019559e+01
   5.3025000e+02   2.6019486e+01
   5.3050000e+02   2.6019413e+01
   5.3075000e+02   2.6019341e+01
   5.3100000e+02   2.6019269e+01
   5.3125000e+02   2.6019197e+01
   5.3150000e+02   2.6019125e+01
   5.3175000e+02   2.6019054e+01
   5.3200000e+02   2.6018982e+01
   5.3225000e+02   2.6018912e+01
   5.3250000e+02   2.6018841e+01
   5.3275000e+02   2.6018771e+01
   5.3300000e+02   2.6018701e+01
   5.3325000e+02   2.6018631e+01
   5.3350000e+02   2.6018561e+01
   5.3375000e+02   2.6018492e+01
   5.3400000e+02   2.6018423e+01
   5.3425000e+02   2.6018354e+01
   5.3450000e+02   2.6018286e+01
   5.3475000e+02   2.6018217e+01
   5.3500000e+02   2.6018149e+01
   5.3525000e+02   2.6018082e+01
   5.3550000e+02   2.6018014e+01
   5.3575000e+02   2.6017947e+01
   5.3600000e+02   2.6017880e+01
   5.3625000e+02   2.6017813e+01
   5.3650000e+02   2.6017747e+01
   5.3675000e+02   2.6017680e+01
   5.3700000e+02   2.6017614e+01
   5.3725000e+02   2.6017549e+01
   5.3750000e+02   2.6017483e+01
   5.3775000e+02   2.6017418e+01
   5.3800000e+02   2.6017353e+01
   5.3825000e+02   2.6017288e+01
   5.3850000e+02   2.6017223e+01
   5.3875000e+02   2.6017159e+01
   5.3900000e+02   2.6017095e+01
   5.3925000e+02   2.6017031e+01
   5.3950000e+02   2.6016968e+01
   5.3975000e+02   2.6016904e+01
   5.4000000e+02   2.6016841e+01
   5.4025000e+02   2.6016778e+01
   5.4050000e+02   2.6016716e+01
   5.4075000e+02   2.6016653e+01
   5.4100000e+02   2.6016591e+01
   5.4125000e+02   2.6016529e+01
   5.4150000e+02   2.6016468e+01
   5.4175000e+02   2.6016406e+01
   5.4200000e+02   2.6016345e+01
   5.4225000e+02   2.6016284e+01
   5.4250000e+02   2.6016223e+01
   5.4275000e+02   2.6016162e+01
   5.4300000e+02   2.6016102e+01
   5.4325000e+02   2.6016042e+01
   5.4350000e+02   2.6015982e+01
   5.4375000e+02   2.6015922e+01
   5.4400000e+02   2.6015863e+01
   5.4425000e+02   2.6015804e+01
   5.4450000e+02   2.6015745e+01
   5.4475000e+02   2.6015686e+01
   5.4500000e+02   2.6015627e+01
   5.4525000e+02   2.6015569e+01
   5.4550000e+02   2.6015511e+01
   5.4575000e+02   2.6015453e+01
   5.4600000e+02   2.6015395e+01
   5.4625000e+02   2.6015338e+01
   5.4650000e+02   2.6015281e+01
   5.4675000e+02   2.6015224e+01
   5.4700000e+02   2.6015167e+01
   5.4725000e+02   2.6015110e+01
   5.4750000e+02   2.6015054e+01
   5.4775000e+02   2.6014998e+01
   5.4800000e+02   2.6014942e+01
   5.4825000e+02   2.6014886e+01
   5.4850000e+02   2.6014830e+01
   5.4875000e+02   2.6014775e+01
   5.4900000e+02   2.6014720e+01
   5.4925000e+02   2.6014665e+01
   5.4950000e+02   2.6014610e+01
   5.4975000e+02   2.6014555e+01
   5.5000000e+02   2.6014501e+01
   5.5025000e+02   2.6014447e+01
   5.5050000e+02   2.6014393e+01
   5.5075000e+02   2.6014339e+01
   5.5100000e+02   2.6014286e+01
   5.5125000e+02   2.6014232e+01
   5.5150000e+02   2.6014179e+01
   5.5175000e+02   2.6014126e+01
   5.5200000e+02   2.6014074e+01
   5.5225000e+02   2.6014021e+01
   5.5250000e+02   2.6013969e+01
   5.5275000e+02   2.6013917e+01
   5.5300000e+02   2.6013865e+01
   5.5325000e+02   2.6013813e+01
   5.5350000e+02   2.6013761e+01
   5.5375000e+02   2.6013710e+01
   5.5400000e+02   2.6013659e+01
   5.5425000e+02   2.6013608e+01
   5.5450000e+02   2.6013557e+01
   5.5475000e+02   2.6013506e+01
   5.5500000e+02   2.6013456e+01
   5.5525000e+02   2.6013406e+01
   5.5550000e+02   2.6013356e+01
   5.5575000e+02   2.6013306e+01
   5.5600000e+02   2.6013256e+01
   5.5625000e+02   2.6013207e+01
   5.5650000e+02   2.6013157e+01
   5.5675000e+02   2.6013108e+01
   5.5700000e+02   2.6013059e+01
   5.5725000e+02   2.6013011e+01
   5.5750000e+02   2.6012962e+01
   5.5775000e+02   2.6012914e+01
   5.5800000e+02   2.6012865e+01
   5.5825000e+02   2.6012817e+01
   5.5850000e+02   2.6012769e+01
   5.5875000e+02   2.6012722e+01
   5.5900000e+02   2.6012674e+01
   5.5925000e+02   2.6012627e+01
   5.5950000e+02   2.6012580e+01
   5.5975000e+02   2.6012533e+01
   5.6000000e+02   2.6012486e+01
   5.6025000e+02   2.6012440e+01
   5.6050000e+02   2.6012393e+01
   5.6075000e+02   2.6012347e+01
   5.6100000e+02   2.6012301e+01
   5.6125000e+02   2.6012255e+01
   5.6150000e+02   2.6012209e+01
   5.6175000e+02   2.6012163e+01
   5.6200000e+02   2.6012118e+01
   5.6225000e+02   2.6012073e+01
   5.6250000e+02   2.6012028e+01
   5.6275000e+02   2.6011983e+01
   5.6300000e+02   2.6011938e+01
   5.6325000e+02   2.6011894e+01
   5.6350000e+02   2.6011849e+01
   5.6375000e+02   2.6011805e+01
   5.6400000e+02   2.6011761e+01
   5.6425000e+02   2.6011717e+01
   5.6450000e+02   2.6011673e+01
   5.6475000e+02   2.6011630e+01
   5.6500000e+02   2.6011586e+01
   5.6525000e+02   2.6011543e+01
   5.6550000e+02   2.6011500e+01
   5.6575000e+02   2.6011457e+01
   5.6600000e+02   2.6011414e+01
   5.6625000e+02   2.6011372e+01
   5.6650000e+02   2.6011329e+01
   5.6675000e+02   2.6011287e+01
   5.6700000e+02   2.6011245e+01
   5.6725000e+02   2.6011203e+01
   5.6750000e+02   2.6011161e+01
   5.6775000e+02   2.6011119e+01
   5.6800000e+02   2.6011078e+01
   5.6825000e+02   2.6011036e+01
   5.6850000e+02   2.6010995e+01
   5.6875000e+02   2.6010954e+01
   5.6900000e+02   2.6010913e+01
   5.6925000e+02   2.6010872e+01
   5.6950000e+02   2.6010832e+01
   5.6975000e+02   2.6010791e+01
   5.7000000e+02   2.6010751e+01
   5.7025000e+02   2.6010711e+01
   5.7050000e+02   2.6010671e+01
   5.7075000e+02   2.6010631e+01
   5.7100000e+02   2.6010591e+01
   5.7125000e+02   2.6010552e+01
   5.7150000e+02   2.6010513e+01
   5.7175000e+02   2.6010473e+01
   5.7200000e+02   2.6010434e+01
   5.7225000e+02   2.6010395e+01
   5.7250000e+02   2.6010356e+01
   5.7275000e+02   2.6010318e+01
   5.7300000e+02   2.6010279e+01
   5.7325000e+02   2.6010241e+01
   5.7350000e+02   2.6010203e+01
   5.7375000e+02   2.6010165e+01
   5.7400000e+02   2.6010127e+01
   5.7425000e+02   2.6010089e+01
   5.7450000e+02   2.6010051e+01
   5.7475000e+02   2.6010014e+01
   5.7500000e+02   2.6009976e+01
   5.7525000e+02   2.6009939e+01
   5.7550000e+02   2.6009902e+01
   5.7575000e+02   2.6009865e+01
   5.7600000e+02   2.6009828e+01
   5.7625000e+02   2.6009791e+01
   5.7650000e+02   2.6009755e+01
   5.7675000e+02   2.6009718e+01
   5.7700000e+02   2.6009682e+01
   5.7725000e+02   2.6009646e+01
   5.7750000e+02   2.6009610e+01
   5.7775000e+02   2.6009574e+01
   5.7800000e+02   2.6009538e+01
   5.7825000e+02   2.6009503e+01
   5.7850000e+02   2.6009467e+01
   5.7875000e+02   2.6009432e+01
   5.7900000e+02   2.6009397e+01
   5.7925000e+02   2.6009362e+01
   5.7950000e+02   2.6009327e+01
   5.7975000e+02   2.6009292e+01
   5.8000000e+02   2.6009257e+01
   5.8025000e+02   2.6009223e+01
   5.8050000e+02   2.6009188e+01
   5.8075000e+02   2.6009154e+01
   5.8100000e+02   2.6009120e+01
   5.8125000e+02   2.6009086e+01
   5.8150000e+02   2.6009052e+01
   5.8175000e+02   2.6009018e+01
   5.8200000e+02   2.6008984e+01
   5.8225000e+02   2.6008951e+01
   5.8250000e+02   2.6008917e+01
   5.8275000e+02   2.6008884e+01
   5.8300000e+02   2.6008851e+01
   5.8325000e+02   2.6008818e+01
   5.8350000e+02   2.6008785e+01
   5.8375000e+02   2.6008752e+01
   5.8400000e+02   2.6008720e+01
   5.8425000e+02   2.6008687e+01
   5.8450000e+02   2.6008655e+01
   5.8475000e+02   2.6008622e+01
   5.8500000e+02   2.6008590e+01
   5.8525000e+02   2.6008558e+01
   5.8550000e+02   2.6008526e+01
   5.8575000e+02   2.6008494e+01
   5.8600000e+02   2.6008462e+01
   5.8625000e+02   2.6008431e+01
   5.8650000e+02   2.6008399e+01
   5.8675000e+02   2.6008368e+01
   5.8700000e+02   2.6008337e+01
   5.8725000e+02   2.6008306e+01
   5.8750000e+02   2.6008275e+01
   5.8775000e+02   2.6008244e+01
   5.8800000e+02   2.6008213e+01
   5.8825000e+02   2.6008182e+01
   5.8850000e+02   2.6008152e+01
   5.8875000e+02   2.6008121e+01
   5.8900000e+02   2.6008091e+01
   5.8925000e+02   2.6008061e+01
   5.8950000e+02   2.6008031e+01
   5.8975000e+02   2.6008001e+01
   5.9000000e+02   2.6007971e+01
   5.9025000e+02   2.6007941e+01
   5.9050000e+02   2.6007912e+01
   5.9075000e+02   2.6007882e+01
   5.9100000e+02   2.6007853e+01
   5.9125000e+02   2.6007823e+01
   5.9150000e+02   2.6007794e+01
   5.9175000e+02   2.6007765e+01
   5.9200000e+02   2.6007736e+01
   5.9225000e+02   2.6007707e+01
   5.9250000e+02   2.6007678e+01
   5.9275000e+02   2.6007650e+01
   5.9300000e+02   2.6007621e+01
   5.9325000e+02   2.6007593e+01
   5.9350000e+02   2.6007564e+01
   5.9375000e+02   2.6007536e+01
   5.9400000e+02   2.6007508e+01
   5.9425000e+02   2.6007480e+01
   5.9450000e+02   2.6007452e+01
   5.9475000e+02   2.6007424e+01
   5.9500000e+02   2.6007396e+01
   5.9525000e+02   2.6007369e+01
   5.9550000e+02   2.6007341e+01
   5.9575000e+02   2.6007314e+01
   5.9600000e+02   2.6007287e+01
   5.9625000e+02   2.6007259e+01
   5.9650000e+02   2.6007232e+01
   5.9675000e+02   2.6007205e+01
   5.9700000e+02   2.6007178e+01
   5.9725000e+02   2.6007152e+01
   5.9750000e+02   2.6007125e+01
   5.9775000e+02   2.6007098e+01
   5.9800000e+02   2.6007072e+01
   5.9825000e+02   2.6007045e+01
   5.9850000e+02   2.6007019e+01
   5.9875000e+02   2.6006993e+01
   5.9900000e+02   2.6006967e+01
   5.9925000e+02   2.6006941e+01
   5.9950000e+02   2.6006915e+01
   5.9975000e+02   2.6006889e+01
   6.0000000e+02   2.6006863e+01
