   0.0000000e+00   8.7894737e+01
   2.5000000e-01   8.7722600e+01
   5.0000000e-01   8.7550993e+01
   7.5000000e-01   8.7379915e+01
   1.0000000e+00   8.7209363e+01
   1.2500000e+00   8.7039337e+01
   1.5000000e+00   8.6869834e+01
   1.7500000e+00   8.6700854e+01
   2.0000000e+00   8.6532393e+01
   2.2500000e+00   8.6364452e+01
   2.5000000e+00   8.6197028e+01
   2.7500000e+00   8.6030119e+01
   3.0000000e+00   8.5863724e+01
   3.2500000e+00   8.5697842e+01
   3.5000000e+00   8.5532471e+01
   3.7500000e+00   8.5367609e+01
   4.0000000e+00   8.5203255e+01
   4.2500000e+00   8.5039407e+01
   4.5000000e+00   8.4876063e+01
   4.7500000e+00   8.4713223e+01
   5.0000000e+00   8.4550884e+01
   5.2500000e+00   8.4389045e+01
   5.5000000e+00   8.4227704e+01
   5.7500000e+00   8.4066860e+01
   6.0000000e+00   8.3906512e+01
   6.2500000e+00   8.3746657e+01
   6.5000000e+00   8.3587295e+01
   6.7500000e+00   8.3428423e+01
   7.0000000e+00   8.3270041e+01
   7.2500000e+00   8.3112147e+01
   7.5000000e+00   8.2954738e+01
   7.7500000e+00   8.2797815e+01
   8.0000000e+00   8.2641375e+01
   8.2500000e+00   8.2485416e+01
   8.5000000e+00   8.2329938e+01
   8.7500000e+00   8.2174939e+01
   9.0000000e+00   8.2020417e+01
   9.2500000e+00   8.1866371e+01
   9.5000000e+00   8.1712799e+01
   9.7500000e+00   8.1559701e+01
   1.0000000e+01   8.1407073e+01
   1.0250000e+01   8.1254916e+01
   1.0500000e+01   8.1103228e+01
   1.0750000e+01   8.0952006e+01
   1.1000000e+01   8.0801250e+01
   1.1250000e+01   8.0650959e+01
   1.1500000e+01   8.0501130e+01
   1.1750000e+01   8.0351763e+01
   1.2000000e+01   8.0202856e+01
   1.2250000e+01   8.0054408e+01
   1.2500000e+01   7.9906416e+01
   1.2750000e+01   7.9758880e+01
   1.3000000e+01   7.9611799e+01
   1.3250000e+01   7.9465171e+01
   1.3500000e+01   7.9318994e+01
   1.3750000e+01   7.9173267e+01
   1.4000000e+01   7.9027990e+01
   1.4250000e+01   7.8883159e+01
   1.4500000e+01   7.8738775e+01
   1.4750000e+01   7.8594835e+01
   1.5000000e+01   7.8451339e+01
   1.5250000e+01   7.8308284e+01
   1.5500000e+01   7.8165670e+01
   1.5750000e+01   7.8023496e+01
   1.6000000e+01   7.7881759e+01
   1.6250000e+01   7.7740458e+01
   1.6500000e+01   7.7599593e+01
   1.6750000e+01   7.7459162e+01
   1.7000000e+01   7.7319163e+01
   1.7250000e+01   7.7179595e+01
   1.7500000e+01   7.7040457e+01
   1.7750000e+01   7.6901748e+01
   1.8000000e+01   7.6763465e+01
   1.8250000e+01   7.6625609e+01
   1.8500000e+01   7.6488177e+01
   1.8750000e+01   7.6351168e+01
   1.9000000e+01   7.6214582e+01
   1.9250000e+01   7.6078416e+01
   1.9500000e+01   7.5942669e+01
   1.9750000e+01   7.5807340e+01
   2.0000000e+01   7.5672428e+01
   2.0250000e+01   7.5537932e+01
   2.0500000e+01   7.5403850e+01
   2.0750000e+01   7.5270181e+01
   2.1000000e+01   7.5136923e+01
   2.1250000e+01   7.5004076e+01
   2.1500000e+01   7.4871638e+01
   2.1750000e+01   7.4739608e+01
   2.2000000e+01   7.4607984e+01
   2.2250000e+01   7.4476766e+01
   2.2500000e+01   7.4345951e+01
   2.2750000e+01   7.4215540e+01
   2.3000000e+01   7.4085531e+01
   2.3250000e+01   7.3955921e+01
   2.3500000e+01   7.3826711e+01
   2.3750000e+01   7.3697899e+01
   2.4000000e+01   7.3569483e+01
   2.4250000e+01   7.3441463e+01
   2.4500000e+01   7.3313838e+01
   2.4750000e+01   7.3186605e+01
   2.5000000e+01   7.3059764e+01
   2.5250000e+01   7.2933314e+01
   2.5500000e+01   7.2807253e+01
   2.5750000e+01   7.2681580e+01
   2.6000000e+01   7.2556295e+01
   2.6250000e+01   7.2431395e+01
   2.6500000e+01   7.2306880e+01
   2.6750000e+01   7.2182748e+01
   2.7000000e+01   7.2058999e+01
   2.7250000e+01   7.1935631e+01
   2.7500000e+01   7.1812642e+01
   2.7750000e+01   7.1690033e+01
   2.8000000e+01   7.1567801e+01
   2.8250000e+01   7.1445945e+01
   2.8500000e+01   7.1324465e+01
   2.8750000e+01   7.1203359e+01
   2.9000000e+01   7.1082626e+01
   2.9250000e+01   7.0962264e+01
   2.9500000e+01   7.0842274e+01
   2.9750000e+01   7.0722653e+01
   3.0000000e+01   7.0603400e+01
   3.0250000e+01   7.0484514e+01
   3.0500000e+01   7.0365995e+01
   3.0750000e+01   7.0247841e+01
   3.1000000e+01   7.0130050e+01
   3.1250000e+01   7.0012622e+01
   3.1500000e+01   6.9895556e+01
   3.1750000e+01   6.9778851e+01
   3.2000000e+01   6.9662505e+01
   3.2250000e+01   6.9546517e+01
   3.2500000e+01   6.9430886e+01
   3.2750000e+01   6.9315612e+01
   3.3000000e+01   6.9200692e+01
   3.3250000e+01   6.9086126e+01
   3.3500000e+01   6.8971914e+01
   3.3750000e+01   6.8858053e+01
   3.4000000e+01   6.8744542e+01
   3.4250000e+01   6.8631381e+01
   3.4500000e+01   6.8518569e+01
   3.4750000e+01   6.8406104e+01
   3.5000000e+01   6.8293986e+01
   3.5250000e+01   6.8182212e+01
   3.5500000e+01   6.8070783e+01
   3.5750000e+01   6.7959697e+01
   3.6000000e+01   6.7848954e+01
   3.6250000e+01   6.7738551e+01
   3.6500000e+01   6.7628488e+01
   3.6750000e+01   6.7518764e+01
   3.7000000e+01   6.7409379e+01
   3.7250000e+01   6.7300330e+01
   3.7500000e+01   6.7191616e+01
   3.7750000e+01   6.7083238e+01
   3.8000000e+01   6.6975194e+01
   3.8250000e+01   6.6867482e+01
   3.8500000e+01   6.6760102e+01
   3.8750000e+01   6.6653052e+01
   3.9000000e+01   6.6546332e+01
   3.9250000e+01   6.6439941e+01
   3.9500000e+01   6.6333878e+01
   3.9750000e+01   6.6228141e+01
   4.0000000e+01   6.6122730e+01
   4.0250000e+01   6.6017643e+01
   4.0500000e+01   6.5912880e+01
   4.0750000e+01   6.5808440e+01
   4.1000000e+01   6.5704322e+01
   4.1250000e+01   6.5600524e+01
   4.1500000e+01   6.5497045e+01
   4.1750000e+01   6.5393886e+01
   4.2000000e+01   6.5291044e+01
   4.2250000e+01   6.5188519e+01
   4.2500000e+01   6.5086309e+01
   4.2750000e+01   6.4984414e+01
   4.3000000e+01   6.4882833e+01
   4.3250000e+01   6.4781565e+01
   4.3500000e+01   6.4680609e+01
   4.3750000e+01   6.4579964e+01
   4.4000000e+01   6.4479629e+01
   4.4250000e+01   6.4379602e+01
   4.4500000e+01   6.4279884e+01
   4.4750000e+01   6.4180473e+01
   4.5000000e+01   6.4081368e+01
   4.5250000e+01   6.3982568e+01
   4.5500000e+01   6.3884072e+01
   4.5750000e+01   6.3785880e+01
   4.6000000e+01   6.3687990e+01
   4.6250000e+01   6.3590402e+01
   4.6500000e+01   6.3493114e+01
   4.6750000e+01   6.3396126e+01
   4.7000000e+01   6.3299436e+01
   4.7250000e+01   6.3203045e+01
   4.7500000e+01   6.3106950e+01
   4.7750000e+01   6.3011151e+01
   4.8000000e+01   6.2915647e+01
   4.8250000e+01   6.2820437e+01
   4.8500000e+01   6.2725521e+01
   4.8750000e+01   6.2630896e+01
   4.9000000e+01   6.2536563e+01
   4.9250000e+01   6.2442521e+01
   4.9500000e+01   6.2348768e+01
   4.9750000e+01   6.2255304e+01
   5.0000000e+01   6.2162128e+01
   5.0250000e+01   6.2069239e+01
   5.0500000e+01   6.1976636e+01
   5.0750000e+01   6.1884318e+01
   5.1000000e+01   6.1792284e+01
   5.1250000e+01   6.1700534e+01
   5.1500000e+01   6.1609066e+01
   5.1750000e+01   6.1517880e+01
   5.2000000e+01   6.1426975e+01
   5.2250000e+01   6.1336350e+01
   5.2500000e+01   6.1246004e+01
   5.2750000e+01   6.1155936e+01
   5.3000000e+01   6.1066146e+01
   5.3250000e+01   6.0976632e+01
   5.3500000e+01   6.0887393e+01
   5.3750000e+01   6.0798430e+01
   5.4000000e+01   6.0709741e+01
   5.4250000e+01   6.0621324e+01
   5.4500000e+01   6.0533180e+01
   5.4750000e+01   6.0445308e+01
   5.5000000e+01   6.0357706e+01
   5.5250000e+01   6.0270373e+01
   5.5500000e+01   6.0183310e+01
   5.5750000e+01   6.0096515e+01
   5.6000000e+01   6.0009987e+01
   5.6250000e+01   5.9923726e+01
   5.6500000e+01   5.9837730e+01
   5.6750000e+01   5.9751999e+01
   5.7000000e+01   5.9666532e+01
   5.7250000e+01   5.9581329e+01
   5.7500000e+01   5.9496388e+01
   5.7750000e+01   5.9411708e+01
   5.8000000e+01   5.9327289e+01
   5.8250000e+01   5.9243130e+01
   5.8500000e+01   5.9159231e+01
   5.8750000e+01   5.9075589e+01
   5.9000000e+01   5.8992206e+01
   5.9250000e+01   5.8909079e+01
   5.9500000e+01   5.8826208e+01
   5.9750000e+01   5.8743592e+01
   6.0000000e+01   5.8661231e+01
   6.0250000e+01   5.8579123e+01
   6.0500000e+01   5.8497268e+01
   6.0750000e+01   5.8415666e+01
   6.1000000e+01   5.8334314e+01
   6.1250000e+01   5.8253214e+01
   6.1500000e+01   5.8172363e+01
   6.1750000e+01   5.8091760e+01
   6.2000000e+01   5.8011407e+01
   6.2250000e+01   5.7931300e+01
   6.2500000e+01   5.7851441e+01
   6.2750000e+01   5.7771827e+01
   6.3000000e+01   5.7692458e+01
   6.3250000e+01   5.7613334e+01
   6.3500000e+01   5.7534454e+01
   6.3750000e+01   5.7455816e+01
   6.4000000e+01   5.7377421e+01
   6.4250000e+01   5.7299267e+01
   6.4500000e+01   5.7221354e+01
   6.4750000e+01   5.7143680e+01
   6.5000000e+01   5.7066246e+01
   6.5250000e+01   5.6989051e+01
   6.5500000e+01   5.6912093e+01
   6.5750000e+01   5.6835372e+01
   6.6000000e+01   5.6758887e+01
   6.6250000e+01   5.6682638e+01
   6.6500000e+01   5.6606624e+01
   6.6750000e+01   5.6530844e+01
   6.7000000e+01   5.6455297e+01
   6.7250000e+01   5.6379983e+01
   6.7500000e+01   5.6304901e+01
   6.7750000e+01   5.6230050e+01
   6.8000000e+01   5.6155430e+01
   6.8250000e+01   5.6081039e+01
   6.8500000e+01   5.6006878e+01
   6.8750000e+01   5.5932944e+01
   6.9000000e+01   5.5859239e+01
   6.9250000e+01   5.5785761e+01
   6.9500000e+01   5.5712508e+01
   6.9750000e+01   5.5639482e+01
   7.0000000e+01   5.5566680e+01
   7.0250000e+01   5.5494103e+01
   7.0500000e+01   5.5421749e+01
   7.0750000e+01   5.5349618e+01
   7.1000000e+01   5.5277709e+01
   7.1250000e+01   5.5206021e+01
   7.1500000e+01   5.5134554e+01
   7.1750000e+01   5.5063308e+01
   7.2000000e+01   5.4992281e+01
   7.2250000e+01   5.4921472e+01
   7.2500000e+01   5.4850882e+01
   7.2750000e+01   5.4780509e+01
   7.3000000e+01   5.4710352e+01
   7.3250000e+01   5.4640412e+01
   7.3500000e+01   5.4570687e+01
   7.3750000e+01   5.4501177e+01
   7.4000000e+01   5.4431881e+01
   7.4250000e+01   5.4362798e+01
   7.4500000e+01   5.4293929e+01
   7.4750000e+01   5.4225271e+01
   7.5000000e+01   5.4156824e+01
   7.5250000e+01   5.4088589e+01
   7.5500000e+01   5.4020563e+01
   7.5750000e+01   5.3952747e+01
   7.6000000e+01   5.3885140e+01
   7.6250000e+01   5.3817742e+01
   7.6500000e+01   5.3750550e+01
   7.6750000e+01   5.3683566e+01
   7.7000000e+01   5.3616788e+01
   7.7250000e+01   5.3550215e+01
   7.7500000e+01   5.3483848e+01
   7.7750000e+01   5.3417685e+01
   7.8000000e+01   5.3351726e+01
   7.8250000e+01   5.3285969e+01
   7.8500000e+01   5.3220416e+01
   7.8750000e+01   5.3155064e+01
   7.9000000e+01   5.3089914e+01
   7.9250000e+01   5.3024964e+01
   7.9500000e+01   5.2960214e+01
   7.9750000e+01   5.2895664e+01
   8.0000000e+01   5.2831312e+01
   8.0250000e+01   5.2767158e+01
   8.0500000e+01   5.2703203e+01
   8.0750000e+01   5.2639444e+01
   8.1000000e+01   5.2575881e+01
   8.1250000e+01   5.2512514e+01
   8.1500000e+01   5.2449343e+01
   8.1750000e+01   5.2386366e+01
   8.2000000e+01   5.2323582e+01
   8.2250000e+01   5.2260993e+01
   8.2500000e+01   5.2198596e+01
   8.2750000e+01   5.2136391e+01
   8.3000000e+01   5.2074377e+01
   8.3250000e+01   5.2012555e+01
   8.3500000e+01   5.1950923e+01
   8.3750000e+01   5.1889481e+01
   8.4000000e+01   5.1828228e+01
   8.4250000e+01   5.1767164e+01
   8.4500000e+01   5.1706288e+01
   8.4750000e+01   5.1645599e+01
   8.5000000e+01   5.1585097e+01
   8.5250000e+01   5.1524782e+01
   8.5500000e+01   5.1464652e+01
   8.5750000e+01   5.1404707e+01
   8.6000000e+01   5.1344947e+01
   8.6250000e+01   5.1285371e+01
   8.6500000e+01   5.1225979e+01
   8.6750000e+01   5.1166769e+01
   8.7000000e+01   5.1107742e+01
   8.7250000e+01   5.1048897e+01
   8.7500000e+01   5.0990233e+01
   8.7750000e+01   5.0931749e+01
   8.8000000e+01   5.0873446e+01
   8.8250000e+01   5.0815322e+01
   8.8500000e+01   5.0757377e+01
   8.8750000e+01   5.0699610e+01
   8.9000000e+01   5.0642022e+01
   8.9250000e+01   5.0584611e+01
   8.9500000e+01   5.0527376e+01
   8.9750000e+01   5.0470318e+01
   9.0000000e+01   5.0413436e+01
   9.0250000e+01   5.0356729e+01
   9.0500000e+01   5.0300196e+01
   9.0750000e+01   5.0243838e+01
   9.1000000e+01   5.0187653e+01
   9.1250000e+01   5.0131641e+01
   9.1500000e+01   5.0075802e+01
   9.1750000e+01   5.0020134e+01
   9.2000000e+01   4.9964638e+01
   9.2250000e+01   4.9909313e+01
   9.2500000e+01   4.9854159e+01
   9.2750000e+01   4.9799174e+01
   9.3000000e+01   4.9744358e+01
   9.3250000e+01   4.9689712e+01
   9.3500000e+01   4.9635233e+01
   9.3750000e+01   4.9580923e+01
   9.4000000e+01   4.9526779e+01
   9.4250000e+01   4.9472803e+01
   9.4500000e+01   4.9418992e+01
   9.4750000e+01   4.9365348e+01
   9.5000000e+01   4.9311868e+01
   9.5250000e+01   4.9258554e+01
   9.5500000e+01   4.9205403e+01
   9.5750000e+01   4.9152416e+01
   9.6000000e+01   4.9099593e+01
   9.6250000e+01   4.9046932e+01
   9.6500000e+01   4.8994433e+01
   9.6750000e+01   4.8942096e+01
   9.7000000e+01   4.8889920e+01
   9.7250000e+01   4.8837904e+01
   9.7500000e+01   4.8786049e+01
   9.7750000e+01   4.8734354e+01
   9.8000000e+01   4.8682818e+01
   9.8250000e+01   4.8631440e+01
   9.8500000e+01   4.8580221e+01
   9.8750000e+01   4.8529160e+01
   9.9000000e+01   4.8478255e+01
   9.9250000e+01   4.8427508e+01
   9.9500000e+01   4.8376917e+01
   9.9750000e+01   4.8326481e+01
   1.0000000e+02   4.8276201e+01
   1.0025000e+02   4.8226076e+01
   1.0050000e+02   4.8176105e+01
   1.0075000e+02   4.8126288e+01
   1.0100000e+02   4.8076625e+01
   1.0125000e+02   4.8027114e+01
   1.0150000e+02   4.7977756e+01
   1.0175000e+02   4.7928550e+01
   1.0200000e+02   4.7879495e+01
   1.0225000e+02   4.7830592e+01
   1.0250000e+02   4.7781839e+01
   1.0275000e+02   4.7733236e+01
   1.0300000e+02   4.7684783e+01
   1.0325000e+02   4.7636479e+01
   1.0350000e+02   4.7588324e+01
   1.0375000e+02   4.7540317e+01
   1.0400000e+02   4.7492458e+01
   1.0425000e+02   4.7444747e+01
   1.0450000e+02   4.7397182e+01
   1.0475000e+02   4.7349764e+01
   1.0500000e+02   4.7302492e+01
   1.0525000e+02   4.7255365e+01
   1.0550000e+02   4.7208384e+01
   1.0575000e+02   4.7161547e+01
   1.0600000e+02   4.7114855e+01
   1.0625000e+02   4.7068306e+01
   1.0650000e+02   4.7021901e+01
   1.0675000e+02   4.6975638e+01
   1.0700000e+02   4.6929518e+01
   1.0725000e+02   4.6883540e+01
   1.0750000e+02   4.6837704e+01
   1.0775000e+02   4.6792009e+01
   1.0800000e+02   4.6746455e+01
   1.0825000e+02   4.6701041e+01
   1.0850000e+02   4.6655766e+01
   1.0875000e+02   4.6610631e+01
   1.0900000e+02   4.6565636e+01
   1.0925000e+02   4.6520778e+01
   1.0950000e+02   4.6476059e+01
   1.0975000e+02   4.6431478e+01
   1.1000000e+02   4.6387034e+01
   1.1025000e+02   4.6342727e+01
   1.1050000e+02   4.6298556e+01
   1.1075000e+02   4.6254521e+01
   1.1100000e+02   4.6210622e+01
   1.1125000e+02   4.6166858e+01
   1.1150000e+02   4.6123229e+01
   1.1175000e+02   4.6079734e+01
   1.1200000e+02   4.6036373e+01
   1.1225000e+02   4.5993146e+01
   1.1250000e+02   4.5950052e+01
   1.1275000e+02   4.5907090e+01
   1.1300000e+02   4.5864261e+01
   1.1325000e+02   4.5821564e+01
   1.1350000e+02   4.5778998e+01
   1.1375000e+02   4.5736563e+01
   1.1400000e+02   4.5694259e+01
   1.1425000e+02   4.5652086e+01
   1.1450000e+02   4.5610042e+01
   1.1475000e+02   4.5568127e+01
   1.1500000e+02   4.5526342e+01
   1.1525000e+02   4.5484686e+01
   1.1550000e+02   4.5443157e+01
   1.1575000e+02   4.5401757e+01
   1.1600000e+02   4.5360484e+01
   1.1625000e+02   4.5319338e+01
   1.1650000e+02   4.5278319e+01
   1.1675000e+02   4.5237426e+01
   1.1700000e+02   4.5196659e+01
   1.1725000e+02   4.5156018e+01
   1.1750000e+02   4.5115502e+01
   1.1775000e+02   4.5075111e+01
   1.1800000e+02   4.5034844e+01
   1.1825000e+02   4.4994701e+01
   1.1850000e+02   4.4954682e+01
   1.1875000e+02   4.4914786e+01
   1.1900000e+02   4.4875012e+01
   1.1925000e+02   4.4835362e+01
   1.1950000e+02   4.4795833e+01
   1.1975000e+02   4.4756426e+01
   1.2000000e+02   4.4717141e+01
   1.2025000e+02   4.4677976e+01
   1.2050000e+02   4.4638932e+01
   1.2075000e+02   4.4600009e+01
   1.2100000e+02   4.4561205e+01
   1.2125000e+02   4.4522521e+01
   1.2150000e+02   4.4483955e+01
   1.2175000e+02   4.4445509e+01
   1.2200000e+02   4.4407181e+01
   1.2225000e+02   4.4368971e+01
   1.2250000e+02   4.4330879e+01
   1.2275000e+02   4.4292904e+01
   1.2300000e+02   4.4255046e+01
   1.2325000e+02   4.4217304e+01
   1.2350000e+02   4.4179679e+01
   1.2375000e+02   4.4142170e+01
   1.2400000e+02   4.4104776e+01
   1.2425000e+02   4.4067497e+01
   1.2450000e+02   4.4030334e+01
   1.2475000e+02   4.3993284e+01
   1.2500000e+02   4.3956349e+01
   1.2525000e+02   4.3919527e+01
   1.2550000e+02   4.3882819e+01
   1.2575000e+02   4.3846224e+01
   1.2600000e+02   4.3809742e+01
   1.2625000e+02   4.3773372e+01
   1.2650000e+02   4.3737114e+01
   1.2675000e+02   4.3700967e+01
   1.2700000e+02   4.3664932e+01
   1.2725000e+02   4.3629008e+01
   1.2750000e+02   4.3593195e+01
   1.2775000e+02   4.3557492e+01
   1.2800000e+02   4.3521899e+01
   1.2825000e+02   4.3486415e+01
   1.2850000e+02   4.3451041e+01
   1.2875000e+02   4.3415775e+01
   1.2900000e+02   4.3380619e+01
   1.2925000e+02   4.3345570e+01
   1.2950000e+02   4.3310630e+01
   1.2975000e+02   4.3275797e+01
   1.3000000e+02   4.3241071e+01
   1.3025000e+02   4.3206452e+01
   1.3050000e+02   4.3171940e+01
   1.3075000e+02   4.3137534e+01
   1.3100000e+02   4.3103234e+01
   1.3125000e+02   4.3069040e+01
   1.3150000e+02   4.3034951e+01
   1.3175000e+02   4.3000967e+01
   1.3200000e+02   4.2967088e+01
   1.3225000e+02   4.2933313e+01
   1.3250000e+02   4.2899642e+01
   1.3275000e+02   4.2866075e+01
   1.3300000e+02   4.2832611e+01
   1.3325000e+02   4.2799250e+01
   1.3350000e+02   4.2765992e+01
   1.3375000e+02   4.2732837e+01
   1.3400000e+02   4.2699783e+01
   1.3425000e+02   4.2666831e+01
   1.3450000e+02   4.2633981e+01
   1.3475000e+02   4.2601232e+01
   1.3500000e+02   4.2568584e+01
   1.3525000e+02   4.2536036e+01
   1.3550000e+02   4.2503589e+01
   1.3575000e+02   4.2471241e+01
   1.3600000e+02   4.2438993e+01
   1.3625000e+02   4.2406845e+01
   1.3650000e+02   4.2374795e+01
   1.3675000e+02   4.2342844e+01
   1.3700000e+02   4.2310992e+01
   1.3725000e+02   4.2279237e+01
   1.3750000e+02   4.2247581e+01
   1.3775000e+02   4.2216022e+01
   1.3800000e+02   4.2184560e+01
   1.3825000e+02   4.2153195e+01
   1.3850000e+02   4.2121926e+01
   1.3875000e+02   4.2090754e+01
   1.3900000e+02   4.2059678e+01
   1.3925000e+02   4.2028698e+01
   1.3950000e+02   4.1997813e+01
   1.3975000e+02   4.1967023e+01
   1.4000000e+02   4.1936328e+01
   1.4025000e+02   4.1905727e+01
   1.4050000e+02   4.1875221e+01
   1.4075000e+02   4.1844808e+01
   1.4100000e+02   4.1814490e+01
   1.4125000e+02   4.1784264e+01
   1.4150000e+02   4.1754132e+01
   1.4175000e+02   4.1724093e+01
   1.4200000e+02   4.1694146e+01
   1.4225000e+02   4.1664291e+01
   1.4250000e+02   4.1634528e+01
   1.4275000e+02   4.1604857e+01
   1.4300000e+02   4.1575277e+01
   1.4325000e+02   4.1545789e+01
   1.4350000e+02   4.1516391e+01
   1.4375000e+02   4.1487084e+01
   1.4400000e+02   4.1457867e+01
   1.4425000e+02   4.1428740e+01
   1.4450000e+02   4.1399702e+01
   1.4475000e+02   4.1370754e+01
   1.4500000e+02   4.1341896e+01
   1.4525000e+02   4.1313126e+01
   1.4550000e+02   4.1284444e+01
   1.4575000e+02   4.1255851e+01
   1.4600000e+02   4.1227347e+01
   1.4625000e+02   4.1198929e+01
   1.4650000e+02   4.1170600e+01
   1.4675000e+02   4.1142357e+01
   1.4700000e+02   4.1114202e+01
   1.4725000e+02   4.1086133e+01
   1.4750000e+02   4.1058151e+01
   1.4775000e+02   4.1030255e+01
   1.4800000e+02   4.1002445e+01
   1.4825000e+02   4.0974720e+01
   1.4850000e+02   4.0947081e+01
   1.4875000e+02   4.0919527e+01
   1.4900000e+02   4.0892058e+01
   1.4925000e+02   4.0864674e+01
   1.4950000e+02   4.0837373e+01
   1.4975000e+02   4.0810157e+01
   1.5000000e+02   4.0783025e+01
   1.5025000e+02   4.0755976e+01
   1.5050000e+02   4.0729011e+01
   1.5075000e+02   4.0702128e+01
   1.5100000e+02   4.0675329e+01
   1.5125000e+02   4.0648612e+01
   1.5150000e+02   4.0621977e+01
   1.5175000e+02   4.0595424e+01
   1.5200000e+02   4.0568953e+01
   1.5225000e+02   4.0542563e+01
   1.5250000e+02   4.0516255e+01
   1.5275000e+02   4.0490028e+01
   1.5300000e+02   4.0463882e+01
   1.5325000e+02   4.0437816e+01
   1.5350000e+02   4.0411830e+01
   1.5375000e+02   4.0385924e+01
   1.5400000e+02   4.0360099e+01
   1.5425000e+02   4.0334352e+01
   1.5450000e+02   4.0308685e+01
   1.5475000e+02   4.0283097e+01
   1.5500000e+02   4.0257588e+01
   1.5525000e+02   4.0232158e+01
   1.5550000e+02   4.0206805e+01
   1.5575000e+02   4.0181531e+01
   1.5600000e+02   4.0156335e+01
   1.5625000e+02   4.0131216e+01
   1.5650000e+02   4.0106175e+01
   1.5675000e+02   4.0081210e+01
   1.5700000e+02   4.0056323e+01
   1.5725000e+02   4.0031512e+01
   1.5750000e+02   4.0006778e+01
   1.5775000e+02   3.9982120e+01
   1.5800000e+02   3.9957537e+01
   1.5825000e+02   3.9933031e+01
   1.5850000e+02   3.9908600e+01
   1.5875000e+02   3.9884244e+01
   1.5900000e+02   3.9859963e+01
   1.5925000e+02   3.9835757e+01
   1.5950000e+02   3.9811626e+01
   1.5975000e+02   3.9787568e+01
   1.6000000e+02   3.9763585e+01
   1.6025000e+02   3.9739676e+01
   1.6050000e+02   3.9715840e+01
   1.6075000e+02   3.9692078e+01
   1.6100000e+02   3.9668389e+01
   1.6125000e+02   3.9644773e+01
   1.6150000e+02   3.9621230e+01
   1.6175000e+02   3.9597759e+01
   1.6200000e+02   3.9574360e+01
   1.6225000e+02   3.9551034e+01
   1.6250000e+02   3.9527779e+01
   1.6275000e+02   3.9504596e+01
   1.6300000e+02   3.9481485e+01
   1.6325000e+02   3.9458444e+01
   1.6350000e+02   3.9435475e+01
   1.6375000e+02   3.9412576e+01
   1.6400000e+02   3.9389748e+01
   1.6425000e+02   3.9366990e+01
   1.6450000e+02   3.9344302e+01
   1.6475000e+02   3.9321684e+01
   1.6500000e+02   3.9299136e+01
   1.6525000e+02   3.9276657e+01
   1.6550000e+02   3.9254247e+01
   1.6575000e+02   3.9231906e+01
   1.6600000e+02   3.9209635e+01
   1.6625000e+02   3.9187431e+01
   1.6650000e+02   3.9165297e+01
   1.6675000e+02   3.9143230e+01
   1.6700000e+02   3.9121231e+01
   1.6725000e+02   3.9099300e+01
   1.6750000e+02   3.9077437e+01
   1.6775000e+02   3.9055640e+01
   1.6800000e+02   3.9033911e+01
   1.6825000e+02   3.9012249e+01
   1.6850000e+02   3.8990654e+01
   1.6875000e+02   3.8969125e+01
   1.6900000e+02   3.8947663e+01
   1.6925000e+02   3.8926266e+01
   1.6950000e+02   3.8904936e+01
   1.6975000e+02   3.8883671e+01
   1.7000000e+02   3.8862471e+01
   1.7025000e+02   3.8841337e+01
   1.7050000e+02   3.8820268e+01
   1.7075000e+02   3.8799264e+01
   1.7100000e+02   3.8778325e+01
   1.7125000e+02   3.8757450e+01
   1.7150000e+02   3.8736639e+01
   1.7175000e+02   3.8715892e+01
   1.7200000e+02   3.8695210e+01
   1.7225000e+02   3.8674591e+01
   1.7250000e+02   3.8654035e+01
   1.7275000e+02   3.8633543e+01
   1.7300000e+02   3.8613114e+01
   1.7325000e+02   3.8592748e+01
   1.7350000e+02   3.8572444e+01
   1.7375000e+02   3.8552203e+01
   1.7400000e+02   3.8532025e+01
   1.7425000e+02   3.8511908e+01
   1.7450000e+02   3.8491854e+01
   1.7475000e+02   3.8471861e+01
   1.7500000e+02   3.8451930e+01
   1.7525000e+02   3.8432060e+01
   1.7550000e+02   3.8412252e+01
   1.7575000e+02   3.8392504e+01
   1.7600000e+02   3.8372817e+01
   1.7625000e+02   3.8353191e+01
   1.7650000e+02   3.8333625e+01
   1.7675000e+02   3.8314120e+01
   1.7700000e+02   3.8294675e+01
   1.7725000e+02   3.8275289e+01
   1.7750000e+02   3.8255963e+01
   1.7775000e+02   3.8236697e+01
   1.7800000e+02   3.8217490e+01
   1.7825000e+02   3.8198342e+01
   1.7850000e+02   3.8179254e+01
   1.7875000e+02   3.8160224e+01
   1.7900000e+02   3.8141252e+01
   1.7925000e+02   3.8122339e+01
   1.7950000e+02   3.8103484e+01
   1.7975000e+02   3.8084688e+01
   1.8000000e+02   3.8065949e+01
   1.8025000e+02   3.8047268e+01
   1.8050000e+02   3.8028644e+01
   1.8075000e+02   3.8010078e+01
   1.8100000e+02   3.7991569e+01
   1.8125000e+02   3.7973117e+01
   1.8150000e+02   3.7954722e+01
   1.8175000e+02   3.7936383e+01
   1.8200000e+02   3.7918101e+01
   1.8225000e+02   3.7899876e+01
   1.8250000e+02   3.7881706e+01
   1.8275000e+02   3.7863592e+01
   1.8300000e+02   3.7845534e+01
   1.8325000e+02   3.7827532e+01
   1.8350000e+02   3.7809585e+01
   1.8375000e+02   3.7791694e+01
   1.8400000e+02   3.7773857e+01
   1.8425000e+02   3.7756076e+01
   1.8450000e+02   3.7738349e+01
   1.8475000e+02   3.7720677e+01
   1.8500000e+02   3.7703059e+01
   1.8525000e+02   3.7685495e+01
   1.8550000e+02   3.7667986e+01
   1.8575000e+02   3.7650531e+01
   1.8600000e+02   3.7633129e+01
   1.8625000e+02   3.7615781e+01
   1.8650000e+02   3.7598486e+01
   1.8675000e+02   3.7581245e+01
   1.8700000e+02   3.7564056e+01
   1.8725000e+02   3.7546921e+01
   1.8750000e+02   3.7529838e+01
   1.8775000e+02   3.7512808e+01
   1.8800000e+02   3.7495830e+01
   1.8825000e+02   3.7478905e+01
   1.8850000e+02   3.7462032e+01
   1.8875000e+02   3.7445211e+01
   1.8900000e+02   3.7428441e+01
   1.8925000e+02   3.7411724e+01
   1.8950000e+02   3.7395057e+01
   1.8975000e+02   3.7378442e+01
   1.9000000e+02   3.7361878e+01
   1.9025000e+02   3.7345366e+01
   1.9050000e+02   3.7328904e+01
   1.9075000e+02   3.7312493e+01
   1.9100000e+02   3.7296132e+01
   1.9125000e+02   3.7279822e+01
   1.9150000e+02   3.7263561e+01
   1.9175000e+02   3.7247351e+01
   1.9200000e+02   3.7231191e+01
   1.9225000e+02   3.7215081e+01
   1.9250000e+02   3.7199020e+01
   1.9275000e+02   3.7183009e+01
   1.9300000e+02   3.7167047e+01
   1.9325000e+02   3.7151134e+01
   1.9350000e+02   3.7135271e+01
   1.9375000e+02   3.7119456e+01
   1.9400000e+02   3.7103690e+01
   1.9425000e+02   3.7087972e+01
   1.9450000e+02   3.7072303e+01
   1.9475000e+02   3.7056682e+01
   1.9500000e+02   3.7041109e+01
   1.9525000e+02   3.7025584e+01
   1.9550000e+02   3.7010107e+01
   1.9575000e+02   3.6994677e+01
   1.9600000e+02   3.6979295e+01
   1.9625000e+02   3.6963961e+01
   1.9650000e+02   3.6948674e+01
   1.9675000e+02   3.6933433e+01
   1.9700000e+02   3.6918240e+01
   1.9725000e+02   3.6903093e+01
   1.9750000e+02   3.6887994e+01
   1.9775000e+02   3.6872940e+01
   1.9800000e+02   3.6857933e+01
   1.9825000e+02   3.6842972e+01
   1.9850000e+02   3.6828058e+01
   1.9875000e+02   3.6813189e+01
   1.9900000e+02   3.6798366e+01
   1.9925000e+02   3.6783589e+01
   1.9950000e+02   3.6768857e+01
   1.9975000e+02   3.6754170e+01
   2.0000000e+02   3.6739529e+01
   2.0025000e+02   3.6724933e+01
   2.0050000e+02   3.6710382e+01
   2.0075000e+02   3.6695875e+01
   2.0100000e+02   3.6681413e+01
   2.0125000e+02   3.6666996e+01
   2.0150000e+02   3.6652624e+01
   2.0175000e+02   3.6638295e+01
   2.0200000e+02   3.6624011e+01
   2.0225000e+02   3.6609770e+01
   2.0250000e+02   3.6595574e+01
   2.0275000e+02   3.6581421e+01
   2.0300000e+02   3.6567312e+01
   2.0325000e+02   3.6553246e+01
   2.0350000e+02   3.6539223e+01
   2.0375000e+02   3.6525244e+01
   2.0400000e+02   3.6511308e+01
   2.0425000e+02   3.6497415e+01
   2.0450000e+02   3.6483564e+01
   2.0475000e+02   3.6469756e+01
   2.0500000e+02   3.6455991e+01
   2.0525000e+02   3.6442268e+01
   2.0550000e+02   3.6428587e+01
   2.0575000e+02   3.6414949e+01
   2.0600000e+02   3.6401352e+01
   2.0625000e+02   3.6387797e+01
   2.0650000e+02   3.6374284e+01
   2.0675000e+02   3.6360813e+01
   2.0700000e+02   3.6347383e+01
   2.0725000e+02   3.6333995e+01
   2.0750000e+02   3.6320648e+01
   2.0775000e+02   3.6307341e+01
   2.0800000e+02   3.6294076e+01
   2.0825000e+02   3.6280852e+01
   2.0850000e+02   3.6267668e+01
   2.0875000e+02   3.6254525e+01
   2.0900000e+02   3.6241423e+01
   2.0925000e+02   3.6228361e+01
   2.0950000e+02   3.6215339e+01
   2.0975000e+02   3.6202357e+01
   2.1000000e+02   3.6189415e+01
   2.1025000e+02   3.6176513e+01
   2.1050000e+02   3.6163651e+01
   2.1075000e+02   3.6150828e+01
   2.1100000e+02   3.6138045e+01
   2.1125000e+02   3.6125301e+01
   2.1150000e+02   3.6112597e+01
   2.1175000e+02   3.6099931e+01
   2.1200000e+02   3.6087305e+01
   2.1225000e+02   3.6074717e+01
   2.1250000e+02   3.6062169e+01
   2.1275000e+02   3.6049659e+01
   2.1300000e+02   3.6037187e+01
   2.1325000e+02   3.6024754e+01
   2.1350000e+02   3.6012359e+01
   2.1375000e+02   3.6000002e+01
   2.1400000e+02   3.5987683e+01
   2.1425000e+02   3.5975403e+01
   2.1450000e+02   3.5963160e+01
   2.1475000e+02   3.5950955e+01
   2.1500000e+02   3.5938787e+01
   2.1525000e+02   3.5926657e+01
   2.1550000e+02   3.5914564e+01
   2.1575000e+02   3.5902509e+01
   2.1600000e+02   3.5890490e+01
   2.1625000e+02   3.5878509e+01
   2.1650000e+02   3.5866564e+01
   2.1675000e+02   3.5854657e+01
   2.1700000e+02   3.5842786e+01
   2.1725000e+02   3.5830951e+01
   2.1750000e+02   3.5819153e+01
   2.1775000e+02   3.5807391e+01
   2.1800000e+02   3.5795666e+01
   2.1825000e+02   3.5783976e+01
   2.1850000e+02   3.5772323e+01
   2.1875000e+02   3.5760706e+01
   2.1900000e+02   3.5749124e+01
   2.1925000e+02   3.5737578e+01
   2.1950000e+02   3.5726067e+01
   2.1975000e+02   3.5714592e+01
   2.2000000e+02   3.5703153e+01
   2.2025000e+02   3.5691748e+01
   2.2050000e+02   3.5680379e+01
   2.2075000e+02   3.5669044e+01
   2.2100000e+02   3.5657745e+01
   2.2125000e+02   3.5646480e+01
   2.2150000e+02   3.5635250e+01
   2.2175000e+02   3.5624055e+01
   2.2200000e+02   3.5612894e+01
   2.2225000e+02   3.5601768e+01
   2.2250000e+02   3.5590676e+01
   2.2275000e+02   3.5579617e+01
   2.2300000e+02   3.5568593e+01
   2.2325000e+02   3.5557603e+01
   2.2350000e+02   3.5546647e+01
   2.2375000e+02   3.5535725e+01
   2.2400000e+02   3.5524836e+01
   2.2425000e+02   3.5513981e+01
   2.2450000e+02   3.5503159e+01
   2.2475000e+02   3.5492370e+01
   2.2500000e+02   3.5481615e+01
   2.2525000e+02   3.5470893e+01
   2.2550000e+02   3.5460203e+01
   2.2575000e+02   3.5449547e+01
   2.2600000e+02   3.5438924e+01
   2.2625000e+02   3.5428333e+01
   2.2650000e+02   3.5417775e+01
   2.2675000e+02   3.5407249e+01
   2.2700000e+02   3.5396756e+01
   2.2725000e+02   3.5386295e+01
   2.2750000e+02   3.5375867e+01
   2.2775000e+02   3.5365470e+01
   2.2800000e+02   3.5355105e+01
   2.2825000e+02   3.5344773e+01
   2.2850000e+02   3.5334472e+01
   2.2875000e+02   3.5324203e+01
   2.2900000e+02   3.5313966e+01
   2.2925000e+02   3.5303760e+01
   2.2950000e+02   3.5293585e+01
   2.2975000e+02   3.5283442e+01
   2.3000000e+02   3.5273330e+01
   2.3025000e+02   3.5263249e+01
   2.3050000e+02   3.5253200e+01
   2.3075000e+02   3.5243181e+01
   2.3100000e+02   3.5233193e+01
   2.3125000e+02   3.5223236e+01
   2.3150000e+02   3.5213309e+01
   2.3175000e+02   3.5203414e+01
   2.3200000e+02   3.5193548e+01
   2.3225000e+02   3.5183713e+01
   2.3250000e+02   3.5173908e+01
   2.3275000e+02   3.5164134e+01
   2.3300000e+02   3.5154389e+01
   2.3325000e+02   3.5144675e+01
   2.3350000e+02   3.5134990e+01
   2.3375000e+02   3.5125336e+01
   2.3400000e+02   3.5115711e+01
   2.3425000e+02   3.5106115e+01
   2.3450000e+02   3.5096549e+01
   2.3475000e+02   3.5087013e+01
   2.3500000e+02   3.5077506e+01
   2.3525000e+02   3.5068028e+01
   2.3550000e+02   3.5058580e+01
   2.3575000e+02   3.5049161e+01
   2.3600000e+02   3.5039770e+01
   2.3625000e+02   3.5030409e+01
   2.3650000e+02   3.5021076e+01
   2.3675000e+02   3.5011772e+01
   2.3700000e+02   3.5002497e+01
   2.3725000e+02   3.4993250e+01
   2.3750000e+02   3.4984032e+01
   2.3775000e+02   3.4974842e+01
   2.3800000e+02   3.4965681e+01
   2.3825000e+02   3.4956547e+01
   2.3850000e+02   3.4947442e+01
   2.3875000e+02   3.4938365e+01
   2.3900000e+02   3.4929316e+01
   2.3925000e+02   3.4920295e+01
   2.3950000e+02   3.4911301e+01
   2.3975000e+02   3.4902335e+01
   2.4000000e+02   3.4893397e+01
   2.4025000e+02   3.4884486e+01
   2.4050000e+02   3.4875603e+01
   2.4075000e+02   3.4866747e+01
   2.4100000e+02   3.4857919e+01
   2.4125000e+02   3.4849117e+01
   2.4150000e+02   3.4840343e+01
   2.4175000e+02   3.4831596e+01
   2.4200000e+02   3.4822875e+01
   2.4225000e+02   3.4814182e+01
   2.4250000e+02   3.4805515e+01
   2.4275000e+02   3.4796875e+01
   2.4300000e+02   3.4788261e+01
   2.4325000e+02   3.4779675e+01
   2.4350000e+02   3.4771114e+01
   2.4375000e+02   3.4762580e+01
   2.4400000e+02   3.4754072e+01
   2.4425000e+02   3.4745591e+01
   2.4450000e+02   3.4737135e+01
   2.4475000e+02   3.4728706e+01
   2.4500000e+02   3.4720302e+01
   2.4525000e+02   3.4711925e+01
   2.4550000e+02   3.4703573e+01
   2.4575000e+02   3.4695247e+01
   2.4600000e+02   3.4686946e+01
   2.4625000e+02   3.4678671e+01
   2.4650000e+02   3.4670422e+01
   2.4675000e+02   3.4662198e+01
   2.4700000e+02   3.4653999e+01
   2.4725000e+02   3.4645826e+01
   2.4750000e+02   3.4637677e+01
   2.4775000e+02   3.4629554e+01
   2.4800000e+02   3.4621456e+01
   2.4825000e+02   3.4613383e+01
   2.4850000e+02   3.4605335e+01
   2.4875000e+02   3.4597311e+01
   2.4900000e+02   3.4589312e+01
   2.4925000e+02   3.4581338e+01
   2.4950000e+02   3.4573388e+01
   2.4975000e+02   3.4565463e+01
   2.5000000e+02   3.4557562e+01
   2.5025000e+02   3.4549686e+01
   2.5050000e+02   3.4541834e+01
   2.5075000e+02   3.4534006e+01
   2.5100000e+02   3.4526202e+01
   2.5125000e+02   3.4518422e+01
   2.5150000e+02   3.4510666e+01
   2.5175000e+02   3.4502934e+01
   2.5200000e+02   3.4495226e+01
   2.5225000e+02   3.4487542e+01
   2.5250000e+02   3.4479881e+01
   2.5275000e+02   3.4472244e+01
   2.5300000e+02   3.4464630e+01
   2.5325000e+02   3.4457040e+01
   2.5350000e+02   3.4449473e+01
   2.5375000e+02   3.4441929e+01
   2.5400000e+02   3.4434409e+01
   2.5425000e+02   3.4426912e+01
   2.5450000e+02   3.4419438e+01
   2.5475000e+02   3.4411987e+01
   2.5500000e+02   3.4404559e+01
   2.5525000e+02   3.4397153e+01
   2.5550000e+02   3.4389771e+01
   2.5575000e+02   3.4382411e+01
   2.5600000e+02   3.4375074e+01
   2.5625000e+02   3.4367760e+01
   2.5650000e+02   3.4360468e+01
   2.5675000e+02   3.4353198e+01
   2.5700000e+02   3.4345951e+01
   2.5725000e+02   3.4338727e+01
   2.5750000e+02   3.4331524e+01
   2.5775000e+02   3.4324344e+01
   2.5800000e+02   3.4317186e+01
   2.5825000e+02   3.4310049e+01
   2.5850000e+02   3.4302935e+01
   2.5875000e+02   3.4295843e+01
   2.5900000e+02   3.4288773e+01
   2.5925000e+02   3.4281724e+01
   2.5950000e+02   3.4274697e+01
   2.5975000e+02   3.4267692e+01
   2.6000000e+02   3.4260708e+01
   2.6025000e+02   3.4253746e+01
   2.6050000e+02   3.4246805e+01
   2.6075000e+02   3.4239886e+01
   2.6100000e+02   3.4232987e+01
   2.6125000e+02   3.4226111e+01
   2.6150000e+02   3.4219255e+01
   2.6175000e+02   3.4212420e+01
   2.6200000e+02   3.4205607e+01
   2.6225000e+02   3.4198814e+01
   2.6250000e+02   3.4192043e+01
   2.6275000e+02   3.4185292e+01
   2.6300000e+02   3.4178562e+01
   2.6325000e+02   3.4171853e+01
   2.6350000e+02   3.4165164e+01
   2.6375000e+02   3.4158496e+01
   2.6400000e+02   3.4151849e+01
   2.6425000e+02   3.4145222e+01
   2.6450000e+02   3.4138615e+01
   2.6475000e+02   3.4132029e+01
   2.6500000e+02   3.4125463e+01
   2.6525000e+02   3.4118917e+01
   2.6550000e+02   3.4112392e+01
   2.6575000e+02   3.4105886e+01
   2.6600000e+02   3.4099401e+01
   2.6625000e+02   3.4092935e+01
   2.6650000e+02   3.4086490e+01
   2.6675000e+02   3.4080064e+01
   2.6700000e+02   3.4073658e+01
   2.6725000e+02   3.4067272e+01
   2.6750000e+02   3.4060906e+01
   2.6775000e+02   3.4054559e+01
   2.6800000e+02   3.4048231e+01
   2.6825000e+02   3.4041924e+01
   2.6850000e+02   3.4035635e+01
   2.6875000e+02   3.4029366e+01
   2.6900000e+02   3.4023116e+01
   2.6925000e+02   3.4016886e+01
   2.6950000e+02   3.4010674e+01
   2.6975000e+02   3.4004482e+01
   2.7000000e+02   3.3998309e+01
   2.7025000e+02   3.3992155e+01
   2.7050000e+02   3.3986020e+01
   2.7075000e+02   3.3979904e+01
   2.7100000e+02   3.3973806e+01
   2.7125000e+02   3.3967727e+01
   2.7150000e+02   3.3961668e+01
   2.7175000e+02   3.3955626e+01
   2.7200000e+02   3.3949604e+01
   2.7225000e+02   3.3943599e+01
   2.7250000e+02   3.3937614e+01
   2.7275000e+02   3.3931647e+01
   2.7300000e+02   3.3925698e+01
   2.7325000e+02   3.3919767e+01
   2.7350000e+02   3.3913855e+01
   2.7375000e+02   3.3907961e+01
   2.7400000e+02   3.3902085e+01
   2.7425000e+02   3.3896227e+01
   2.7450000e+02   3.3890388e+01
   2.7475000e+02   3.3884566e+01
   2.7500000e+02   3.3878762e+01
   2.7525000e+02   3.3872976e+01
   2.7550000e+02   3.3867208e+01
   2.7575000e+02   3.3861458e+01
   2.7600000e+02   3.3855725e+01
   2.7625000e+02   3.3850010e+01
   2.7650000e+02   3.3844313e+01
   2.7675000e+02   3.3838633e+01
   2.7700000e+02   3.3832970e+01
   2.7725000e+02   3.3827325e+01
   2.7750000e+02   3.3821698e+01
   2.7775000e+02   3.3816088e+01
   2.7800000e+02   3.3810495e+01
   2.7825000e+02   3.3804919e+01
   2.7850000e+02   3.3799360e+01
   2.7875000e+02   3.3793819e+01
   2.7900000e+02   3.3788295e+01
   2.7925000e+02   3.3782787e+01
   2.7950000e+02   3.3777297e+01
   2.7975000e+02   3.3771823e+01
   2.8000000e+02   3.3766367e+01
   2.8025000e+02   3.3760927e+01
   2.8050000e+02   3.3755504e+01
   2.8075000e+02   3.3750098e+01
   2.8100000e+02   3.3744708e+01
   2.8125000e+02   3.3739335e+01
   2.8150000e+02   3.3733978e+01
   2.8175000e+02   3.3728638e+01
   2.8200000e+02   3.3723314e+01
   2.8225000e+02   3.3718007e+01
   2.8250000e+02   3.3712716e+01
   2.8275000e+02   3.3707442e+01
   2.8300000e+02   3.3702183e+01
   2.8325000e+02   3.3696941e+01
   2.8350000e+02   3.3691715e+01
   2.8375000e+02   3.3686505e+01
   2.8400000e+02   3.3681311e+01
   2.8425000e+02   3.3676134e+01
   2.8450000e+02   3.3670972e+01
   2.8475000e+02   3.3665826e+01
   2.8500000e+02   3.3660695e+01
   2.8525000e+02   3.3655581e+01
   2.8550000e+02   3.3650482e+01
   2.8575000e+02   3.3645399e+01
   2.8600000e+02   3.3640332e+01
   2.8625000e+02   3.3635281e+01
   2.8650000e+02   3.3630244e+01
   2.8675000e+02   3.3625224e+01
   2.8700000e+02   3.3620219e+01
   2.8725000e+02   3.3615229e+01
   2.8750000e+02   3.3610255e+01
   2.8775000e+02   3.3605296e+01
   2.8800000e+02   3.3600352e+01
   2.8825000e+02   3.3595423e+01
   2.8850000e+02   3.3590510e+01
   2.8875000e+02   3.3585612e+01
   2.8900000e+02   3.3580728e+01
   2.8925000e+02   3.3575860e+01
   2.8950000e+02   3.3571007e+01
   2.8975000e+02   3.3566169e+01
   2.9000000e+02   3.3561346e+01
   2.9025000e+02   3.3556537e+01
   2.9050000e+02   3.3551744e+01
   2.9075000e+02   3.3546965e+01
   2.9100000e+02   3.3542201e+01
   2.9125000e+02   3.3537451e+01
   2.9150000e+02   3.3532716e+01
   2.9175000e+02   3.3527996e+01
   2.9200000e+02   3.3523291e+01
   2.9225000e+02   3.3518599e+01
   2.9250000e+02   3.3513923e+01
   2.9275000e+02   3.3509260e+01
   2.9300000e+02   3.3504612e+01
   2.9325000e+02   3.3499978e+01
   2.9350000e+02   3.3495359e+01
   2.9375000e+02   3.3490754e+01
   2.9400000e+02   3.3486163e+01
   2.9425000e+02   3.3481586e+01
   2.9450000e+02   3.3477023e+01
   2.9475000e+02   3.3472474e+01
   2.9500000e+02   3.3467940e+01
   2.9525000e+02   3.3463419e+01
   2.9550000e+02   3.3458912e+01
   2.9575000e+02   3.3454419e+01
   2.9600000e+02   3.3449940e+01
   2.9625000e+02   3.3445475e+01
   2.9650000e+02   3.3441023e+01
   2.9675000e+02   3.3436585e+01
   2.9700000e+02   3.3432161e+01
   2.9725000e+02   3.3427750e+01
   2.9750000e+02   3.3423353e+01
   2.9775000e+02   3.3418970e+01
   2.9800000e+02   3.3414600e+01
   2.9825000e+02   3.3410244e+01
   2.9850000e+02   3.3405900e+01
   2.9875000e+02   3.3401571e+01
   2.9900000e+02   3.3397254e+01
   2.9925000e+02   3.3392951e+01
   2.9950000e+02   3.3388662e+01
   2.9975000e+02   3.3384385e+01
   3.0000000e+02   3.3380121e+01
   3.0025000e+02   3.3375871e+01
   3.0050000e+02   3.3371634e+01
   3.0075000e+02   3.3367410e+01
   3.0100000e+02   3.3363199e+01
   3.0125000e+02   3.3359000e+01
   3.0150000e+02   3.3354815e+01
   3.0175000e+02   3.3350643e+01
   3.0200000e+02   3.3346483e+01
   3.0225000e+02   3.3342337e+01
   3.0250000e+02   3.3338203e+01
   3.0275000e+02   3.3334081e+01
   3.0300000e+02   3.3329973e+01
   3.0325000e+02   3.3325877e+01
   3.0350000e+02   3.3321794e+01
   3.0375000e+02   3.3317723e+01
   3.0400000e+02   3.3313665e+01
   3.0425000e+02   3.3309619e+01
   3.0450000e+02   3.3305586e+01
   3.0475000e+02   3.3301565e+01
   3.0500000e+02   3.3297557e+01
   3.0525000e+02   3.3293561e+01
   3.0550000e+02   3.3289577e+01
   3.0575000e+02   3.3285606e+01
   3.0600000e+02   3.3281646e+01
   3.0625000e+02   3.3277699e+01
   3.0650000e+02   3.3273765e+01
   3.0675000e+02   3.3269842e+01
   3.0700000e+02   3.3265931e+01
   3.0725000e+02   3.3262032e+01
   3.0750000e+02   3.3258146e+01
   3.0775000e+02   3.3254271e+01
   3.0800000e+02   3.3250408e+01
   3.0825000e+02   3.3246558e+01
   3.0850000e+02   3.3242719e+01
   3.0875000e+02   3.3238891e+01
   3.0900000e+02   3.3235076e+01
   3.0925000e+02   3.3231272e+01
   3.0950000e+02   3.3227481e+01
   3.0975000e+02   3.3223700e+01
   3.1000000e+02   3.3219932e+01
   3.1025000e+02   3.3216175e+01
   3.1050000e+02   3.3212429e+01
   3.1075000e+02   3.3208695e+01
   3.1100000e+02   3.3204973e+01
   3.1125000e+02   3.3201262e+01
   3.1150000e+02   3.3197563e+01
   3.1175000e+02   3.3193875e+01
   3.1200000e+02   3.3190198e+01
   3.1225000e+02   3.3186532e+01
   3.1250000e+02   3.3182878e+01
   3.1275000e+02   3.3179235e+01
   3.1300000e+02   3.3175604e+01
   3.1325000e+02   3.3171983e+01
   3.1350000e+02   3.3168374e+01
   3.1375000e+02   3.3164776e+01
   3.1400000e+02   3.3161189e+01
   3.1425000e+02   3.3157613e+01
   3.1450000e+02   3.3154048e+01
   3.1475000e+02   3.3150494e+01
   3.1500000e+02   3.3146950e+01
   3.1525000e+02   3.3143418e+01
   3.1550000e+02   3.3139897e+01
   3.1575000e+02   3.3136386e+01
   3.1600000e+02   3.3132887e+01
   3.1625000e+02   3.3129398e+01
   3.1650000e+02   3.3125920e+01
   3.1675000e+02   3.3122452e+01
   3.1700000e+02   3.3118995e+01
   3.1725000e+02   3.3115549e+01
   3.1750000e+02   3.3112114e+01
   3.1775000e+02   3.3108689e+01
   3.1800000e+02   3.3105274e+01
   3.1825000e+02   3.3101870e+01
   3.1850000e+02   3.3098477e+01
   3.1875000e+02   3.3095094e+01
   3.1900000e+02   3.3091722e+01
   3.1925000e+02   3.3088360e+01
   3.1950000e+02   3.3085008e+01
   3.1975000e+02   3.3081666e+01
   3.2000000e+02   3.3078335e+01
   3.2025000e+02   3.3075014e+01
   3.2050000e+02   3.3071704e+01
   3.2075000e+02   3.3068403e+01
   3.2100000e+02   3.3065113e+01
   3.2125000e+02   3.3061833e+01
   3.2150000e+02   3.3058562e+01
   3.2175000e+02   3.3055302e+01
   3.2200000e+02   3.3052052e+01
   3.2225000e+02   3.3048812e+01
   3.2250000e+02   3.3045582e+01
   3.2275000e+02   3.3042362e+01
   3.2300000e+02   3.3039152e+01
   3.2325000e+02   3.3035952e+01
   3.2350000e+02   3.3032762e+01
   3.2375000e+02   3.3029581e+01
   3.2400000e+02   3.3026410e+01
   3.2425000e+02   3.3023249e+01
   3.2450000e+02   3.3020098e+01
   3.2475000e+02   3.3016957e+01
   3.2500000e+02   3.3013825e+01
   3.2525000e+02   3.3010702e+01
   3.2550000e+02   3.3007590e+01
   3.2575000e+02   3.3004487e+01
   3.2600000e+02   3.3001393e+01
   3.2625000e+02   3.2998309e+01
   3.2650000e+02   3.2995235e+01
   3.2675000e+02   3.2992170e+01
   3.2700000e+02   3.2989114e+01
   3.2725000e+02   3.2986068e+01
   3.2750000e+02   3.2983031e+01
   3.2775000e+02   3.2980004e+01
   3.2800000e+02   3.2976986e+01
   3.2825000e+02   3.2973977e+01
   3.2850000e+02   3.2970978e+01
   3.2875000e+02   3.2967987e+01
   3.2900000e+02   3.2965006e+01
   3.2925000e+02   3.2962034e+01
   3.2950000e+02   3.2959072e+01
   3.2975000e+02   3.2956118e+01
   3.3000000e+02   3.2953173e+01
   3.3025000e+02   3.2950238e+01
   3.3050000e+02   3.2947312e+01
   3.3075000e+02   3.2944394e+01
   3.3100000e+02   3.2941486e+01
   3.3125000e+02   3.2938586e+01
   3.3150000e+02   3.2935696e+01
   3.3175000e+02   3.2932814e+01
   3.3200000e+02   3.2929941e+01
   3.3225000e+02   3.2927078e+01
   3.3250000e+02   3.2924222e+01
   3.3275000e+02   3.2921376e+01
   3.3300000e+02   3.2918539e+01
   3.3325000e+02   3.2915710e+01
   3.3350000e+02   3.2912890e+01
   3.3375000e+02   3.2910078e+01
   3.3400000e+02   3.2907276e+01
   3.3425000e+02   3.2904482e+01
   3.3450000e+02   3.2901696e+01
   3.3475000e+02   3.2898919e+01
   3.3500000e+02   3.2896151e+01
   3.3525000e+02   3.2893391e+01
   3.3550000e+02   3.2890640e+01
   3.3575000e+02   3.2887897e+01
   3.3600000e+02   3.2885162e+01
   3.3625000e+02   3.2882436e+01
   3.3650000e+02   3.2879719e+01
   3.3675000e+02   3.2877009e+01
   3.3700000e+02   3.2874309e+01
   3.3725000e+02   3.2871616e+01
   3.3750000e+02   3.2868932e+01
   3.3775000e+02   3.2866256e+01
   3.3800000e+02   3.2863588e+01
   3.3825000e+02   3.2860928e+01
   3.3850000e+02   3.2858277e+01
   3.3875000e+02   3.2855634e+01
   3.3900000e+02   3.2852999e+01
   3.3925000e+02   3.2850372e+01
   3.3950000e+02   3.2847753e+01
   3.3975000e+02   3.2845142e+01
   3.4000000e+02   3.2842539e+01
   3.4025000e+02   3.2839945e+01
   3.4050000e+02   3.2837358e+01
   3.4075000e+02   3.2834779e+01
   3.4100000e+02   3.2832208e+01
   3.4125000e+02   3.2829645e+01
   3.4150000e+02   3.2827090e+01
   3.4175000e+02   3.2824543e+01
   3.4200000e+02   3.2822004e+01
   3.4225000e+02   3.2819472e+01
   3.4250000e+02   3.2816949e+01
   3.4275000e+02   3.2814433e+01
   3.4300000e+02   3.2811924e+01
   3.4325000e+02   3.2809424e+01
   3.4350000e+02   3.2806931e+01
   3.4375000e+02   3.2804446e+01
   3.4400000e+02   3.2801969e+01
   3.4425000e+02   3.2799499e+01
   3.4450000e+02   3.2797037e+01
   3.4475000e+02   3.2794582e+01
   3.4500000e+02   3.2792135e+01
   3.4525000e+02   3.2789696e+01
   3.4550000e+02   3.2787264e+01
   3.4575000e+02   3.2784839e+01
   3.4600000e+02   3.2782422e+01
   3.4625000e+02   3.2780012e+01
   3.4650000e+02   3.2777610e+01
   3.4675000e+02   3.2775216e+01
   3.4700000e+02   3.2772828e+01
   3.4725000e+02   3.2770448e+01
   3.4750000e+02   3.2768075e+01
   3.4775000e+02   3.2765710e+01
   3.4800000e+02   3.2763352e+01
   3.4825000e+02   3.2761001e+01
   3.4850000e+02   3.2758657e+01
   3.4875000e+02   3.2756321e+01
   3.4900000e+02   3.2753992e+01
   3.4925000e+02   3.2751670e+01
   3.4950000e+02   3.2749355e+01
   3.4975000e+02   3.2747047e+01
   3.5000000e+02   3.2744746e+01
   3.5025000e+02   3.2742453e+01
   3.5050000e+02   3.2740166e+01
   3.5075000e+02   3.2737887e+01
   3.5100000e+02   3.2735614e+01
   3.5125000e+02   3.2733349e+01
   3.5150000e+02   3.2731090e+01
   3.5175000e+02   3.2728839e+01
   3.5200000e+02   3.2726594e+01
   3.5225000e+02   3.2724357e+01
   3.5250000e+02   3.2722126e+01
   3.5275000e+02   3.2719902e+01
   3.5300000e+02   3.2717685e+01
   3.5325000e+02   3.2715475e+01
   3.5350000e+02   3.2713271e+01
   3.5375000e+02   3.2711075e+01
   3.5400000e+02   3.2708885e+01
   3.5425000e+02   3.2706702e+01
   3.5450000e+02   3.2704525e+01
   3.5475000e+02   3.2702356e+01
   3.5500000e+02   3.2700193e+01
   3.5525000e+02   3.2698036e+01
   3.5550000e+02   3.2695886e+01
   3.5575000e+02   3.2693743e+01
   3.5600000e+02   3.2691607e+01
   3.5625000e+02   3.2689477e+01
   3.5650000e+02   3.2687354e+01
   3.5675000e+02   3.2685237e+01
   3.5700000e+02   3.2683126e+01
   3.5725000e+02   3.2681023e+01
   3.5750000e+02   3.2678925e+01
   3.5775000e+02   3.2676835e+01
   3.5800000e+02   3.2674750e+01
   3.5825000e+02   3.2672672e+01
   3.5850000e+02   3.2670600e+01
   3.5875000e+02   3.2668535e+01
   3.5900000e+02   3.2666476e+01
   3.5925000e+02   3.2664424e+01
   3.5950000e+02   3.2662378e+01
   3.5975000e+02   3.2660338e+01
   3.6000000e+02   3.2658304e+01
   3.6025000e+02   3.2656277e+01
   3.6050000e+02   3.2654256e+01
   3.6075000e+02   3.2652241e+01
   3.6100000e+02   3.2650232e+01
   3.6125000e+02   3.2648230e+01
   3.6150000e+02   3.2646233e+01
   3.6175000e+02   3.2644243e+01
   3.6200000e+02   3.2642259e+01
   3.6225000e+02   3.2640281e+01
   3.6250000e+02   3.2638309e+01
   3.6275000e+02   3.2636343e+01
   3.6300000e+02   3.2634384e+01
   3.6325000e+02   3.2632430e+01
   3.6350000e+02   3.2630482e+01
   3.6375000e+02   3.2628541e+01
   3.6400000e+02   3.2626605e+01
   3.6425000e+02   3.2624675e+01
   3.6450000e+02   3.2622752e+01
   3.6475000e+02   3.2620834e+01
   3.6500000e+02   3.2618922e+01
   3.6525000e+02   3.2617016e+01
   3.6550000e+02   3.2615115e+01
   3.6575000e+02   3.2613221e+01
   3.6600000e+02   3.2611333e+01
   3.6625000e+02   3.2609450e+01
   3.6650000e+02   3.2607573e+01
   3.6675000e+02   3.2605702e+01
   3.6700000e+02   3.2603836e+01
   3.6725000e+02   3.2601977e+01
   3.6750000e+02   3.2600123e+01
   3.6775000e+02   3.2598275e+01
   3.6800000e+02   3.2596432e+01
   3.6825000e+02   3.2594596e+01
   3.6850000e+02   3.2592764e+01
   3.6875000e+02   3.2590939e+01
   3.6900000e+02   3.2589119e+01
   3.6925000e+02   3.2587305e+01
   3.6950000e+02   3.2585496e+01
   3.6975000e+02   3.2583693e+01
   3.7000000e+02   3.2581895e+01
   3.7025000e+02   3.2580103e+01
   3.7050000e+02   3.2578317e+01
   3.7075000e+02   3.2576536e+01
   3.7100000e+02   3.2574760e+01
   3.7125000e+02   3.2572990e+01
   3.7150000e+02   3.2571225e+01
   3.7175000e+02   3.2569466e+01
   3.7200000e+02   3.2567712e+01
   3.7225000e+02   3.2565964e+01
   3.7250000e+02   3.2564221e+01
   3.7275000e+02   3.2562484e+01
   3.7300000e+02   3.2560751e+01
   3.7325000e+02   3.2559024e+01
   3.7350000e+02   3.2557303e+01
   3.7375000e+02   3.2555586e+01
   3.7400000e+02   3.2553875e+01
   3.7425000e+02   3.2552170e+01
   3.7450000e+02   3.2550469e+01
   3.7475000e+02   3.2548774e+01
   3.7500000e+02   3.2547084e+01
   3.7525000e+02   3.2545399e+01
   3.7550000e+02   3.2543719e+01
   3.7575000e+02   3.2542045e+01
   3.7600000e+02   3.2540376e+01
   3.7625000e+02   3.2538711e+01
   3.7650000e+02   3.2537052e+01
   3.7675000e+02   3.2535398e+01
   3.7700000e+02   3.2533750e+01
   3.7725000e+02   3.2532106e+01
   3.7750000e+02   3.2530467e+01
   3.7775000e+02   3.2528833e+01
   3.7800000e+02   3.2527205e+01
   3.7825000e+02   3.2525581e+01
   3.7850000e+02   3.2523963e+01
   3.7875000e+02   3.2522349e+01
   3.7900000e+02   3.2520740e+01
   3.7925000e+02   3.2519137e+01
   3.7950000e+02   3.2517538e+01
   3.7975000e+02   3.2515944e+01
   3.8000000e+02   3.2514355e+01
   3.8025000e+02   3.2512771e+01
   3.8050000e+02   3.2511192e+01
   3.8075000e+02   3.2509618e+01
   3.8100000e+02   3.2508048e+01
   3.8125000e+02   3.2506483e+01
   3.8150000e+02   3.2504924e+01
   3.8175000e+02   3.2503369e+01
   3.8200000e+02   3.2501818e+01
   3.8225000e+02   3.2500273e+01
   3.8250000e+02   3.2498732e+01
   3.8275000e+02   3.2497196e+01
   3.8300000e+02   3.2495665e+01
   3.8325000e+02   3.2494139e+01
   3.8350000e+02   3.2492617e+01
   3.8375000e+02   3.2491100e+01
   3.8400000e+02   3.2489587e+01
   3.8425000e+02   3.2488080e+01
   3.8450000e+02   3.2486577e+01
   3.8475000e+02   3.2485078e+01
   3.8500000e+02   3.2483584e+01
   3.8525000e+02   3.2482095e+01
   3.8550000e+02   3.2480610e+01
   3.8575000e+02   3.2479130e+01
   3.8600000e+02   3.2477655e+01
   3.8625000e+02   3.2476184e+01
   3.8650000e+02   3.2474717e+01
   3.8675000e+02   3.2473255e+01
   3.8700000e+02   3.2471798e+01
   3.8725000e+02   3.2470345e+01
   3.8750000e+02   3.2468896e+01
   3.8775000e+02   3.2467452e+01
   3.8800000e+02   3.2466013e+01
   3.8825000e+02   3.2464577e+01
   3.8850000e+02   3.2463147e+01
   3.8875000e+02   3.2461720e+01
   3.8900000e+02   3.2460298e+01
   3.8925000e+02   3.2458881e+01
   3.8950000e+02   3.2457468e+01
   3.8975000e+02   3.2456059e+01
   3.9000000e+02   3.2454654e+01
   3.9025000e+02   3.2453254e+01
   3.9050000e+02   3.2451858e+01
   3.9075000e+02   3.2450467e+01
   3.9100000e+02   3.2449079e+01
   3.9125000e+02   3.2447696e+01
   3.9150000e+02   3.2446318e+01
   3.9175000e+02   3.2444943e+01
   3.9200000e+02   3.2443573e+01
   3.9225000e+02   3.2442207e+01
   3.9250000e+02   3.2440845e+01
   3.9275000e+02   3.2439487e+01
   3.9300000e+02   3.2438134e+01
   3.9325000e+02   3.2436784e+01
   3.9350000e+02   3.2435439e+01
   3.9375000e+02   3.2434098e+01
   3.9400000e+02   3.2432761e+01
   3.9425000e+02   3.2431429e+01
   3.9450000e+02   3.2430100e+01
   3.9475000e+02   3.2428775e+01
   3.9500000e+02   3.2427455e+01
   3.9525000e+02   3.2426139e+01
   3.9550000e+02   3.2424826e+01
   3.9575000e+02   3.2423518e+01
   3.9600000e+02   3.2422214e+01
   3.9625000e+02   3.2420913e+01
   3.9650000e+02   3.2419617e+01
   3.9675000e+02   3.2418325e+01
   3.9700000e+02   3.2417036e+01
   3.9725000e+02   3.2415752e+01
   3.9750000e+02   3.2414472e+01
   3.9775000e+02   3.2413195e+01
   3.9800000e+02   3.2411923e+01
   3.9825000e+02   3.2410654e+01
   3.9850000e+02   3.2409390e+01
   3.9875000e+02   3.2408129e+01
   3.9900000e+02   3.2406872e+01
   3.9925000e+02   3.2405619e+01
   3.9950000e+02   3.2404370e+01
   3.9975000e+02   3.2403124e+01
   4.0000000e+02   3.2401883e+01
   4.0025000e+02   3.2400645e+01
   4.0050000e+02   3.2399411e+01
   4.0075000e+02   3.2398181e+01
   4.0100000e+02   3.2396955e+01
   4.0125000e+02   3.2395733e+01
   4.0150000e+02   3.2394514e+01
   4.0175000e+02   3.2393299e+01
   4.0200000e+02   3.2392088e+01
   4.0225000e+02   3.2390880e+01
   4.0250000e+02   3.2389676e+01
   4.0275000e+02   3.2388476e+01
   4.0300000e+02   3.2387280e+01
   4.0325000e+02   3.2386087e+01
   4.0350000e+02   3.2384898e+01
   4.0375000e+02   3.2383713e+01
   4.0400000e+02   3.2382531e+01
   4.0425000e+02   3.2381353e+01
   4.0450000e+02   3.2380179e+01
   4.0475000e+02   3.2379008e+01
   4.0500000e+02   3.2377841e+01
   4.0525000e+02   3.2376677e+01
   4.0550000e+02   3.2375517e+01
   4.0575000e+02   3.2374360e+01
   4.0600000e+02   3.2373208e+01
   4.0625000e+02   3.2372058e+01
   4.0650000e+02   3.2370912e+01
   4.0675000e+02   3.2369770e+01
   4.0700000e+02   3.2368631e+01
   4.0725000e+02   3.2367496e+01
   4.0750000e+02   3.2366364e+01
   4.0775000e+02   3.2365236e+01
   4.0800000e+02   3.2364111e+01
   4.0825000e+02   3.2362990e+01
   4.0850000e+02   3.2361872e+01
   4.0875000e+02   3.2360758e+01
   4.0900000e+02   3.2359647e+01
   4.0925000e+02   3.2358539e+01
   4.0950000e+02   3.2357435e+01
   4.0975000e+02   3.2356334e+01
   4.1000000e+02   3.2355237e+01
   4.1025000e+02   3.2354143e+01
   4.1050000e+02   3.2353052e+01
   4.1075000e+02   3.2351965e+01
   4.1100000e+02   3.2350881e+01
   4.1125000e+02   3.2349800e+01
   4.1150000e+02   3.2348723e+01
   4.1175000e+02   3.2347649e+01
   4.1200000e+02   3.2346578e+01
   4.1225000e+02   3.2345511e+01
   4.1250000e+02   3.2344447e+01
   4.1275000e+02   3.2343386e+01
   4.1300000e+02   3.2342329e+01
   4.1325000e+02   3.2341274e+01
   4.1350000e+02   3.2340223e+01
   4.1375000e+02   3.2339176e+01
   4.1400000e+02   3.2338131e+01
   4.1425000e+02   3.2337090e+01
   4.1450000e+02   3.2336052e+01
   4.1475000e+02   3.2335017e+01
   4.1500000e+02   3.2333985e+01
   4.1525000e+02   3.2332956e+01
   4.1550000e+02   3.2331931e+01
   4.1575000e+02   3.2330909e+01
   4.1600000e+02   3.2329890e+01
   4.1625000e+02   3.2328874e+01
   4.1650000e+02   3.2327861e+01
   4.1675000e+02   3.2326851e+01
   4.1700000e+02   3.2325845e+01
   4.1725000e+02   3.2324841e+01
   4.1750000e+02   3.2323841e+01
   4.1775000e+02   3.2322843e+01
   4.1800000e+02   3.2321849e+01
   4.1825000e+02   3.2320858e+01
   4.1850000e+02   3.2319870e+01
   4.1875000e+02   3.2318885e+01
   4.1900000e+02   3.2317903e+01
   4.1925000e+02   3.2316924e+01
   4.1950000e+02   3.2315948e+01
   4.1975000e+02   3.2314975e+01
   4.2000000e+02   3.2314005e+01
   4.2025000e+02   3.2313037e+01
   4.2050000e+02   3.2312073e+01
   4.2075000e+02   3.2311112e+01
   4.2100000e+02   3.2310154e+01
   4.2125000e+02   3.2309199e+01
   4.2150000e+02   3.2308247e+01
   4.2175000e+02   3.2307298e+01
   4.2200000e+02   3.2306351e+01
   4.2225000e+02   3.2305408e+01
   4.2250000e+02   3.2304467e+01
   4.2275000e+02   3.2303529e+01
   4.2300000e+02   3.2302595e+01
   4.2325000e+02   3.2301663e+01
   4.2350000e+02   3.2300734e+01
   4.2375000e+02   3.2299808e+01
   4.2400000e+02   3.2298884e+01
   4.2425000e+02   3.2297964e+01
   4.2450000e+02   3.2297046e+01
   4.2475000e+02   3.2296131e+01
   4.2500000e+02   3.2295219e+01
   4.2525000e+02   3.2294310e+01
   4.2550000e+02   3.2293404e+01
   4.2575000e+02   3.2292500e+01
   4.2600000e+02   3.2291600e+01
   4.2625000e+02   3.2290701e+01
   4.2650000e+02   3.2289806e+01
   4.2675000e+02   3.2288914e+01
   4.2700000e+02   3.2288024e+01
   4.2725000e+02   3.2287137e+01
   4.2750000e+02   3.2286253e+01
   4.2775000e+02   3.2285371e+01
   4.2800000e+02   3.2284492e+01
   4.2825000e+02   3.2283616e+01
   4.2850000e+02   3.2282743e+01
   4.2875000e+02   3.2281872e+01
   4.2900000e+02   3.2281004e+01
   4.2925000e+02   3.2280138e+01
   4.2950000e+02   3.2279276e+01
   4.2975000e+02   3.2278416e+01
   4.3000000e+02   3.2277558e+01
   4.3025000e+02   3.2276703e+01
   4.3050000e+02   3.2275851e+01
   4.3075000e+02   3.2275002e+01
   4.3100000e+02   3.2274155e+01
   4.3125000e+02   3.2273311e+01
   4.3150000e+02   3.2272469e+01
   4.3175000e+02   3.2271630e+01
   4.3200000e+02   3.2270793e+01
   4.3225000e+02   3.2269959e+01
   4.3250000e+02   3.2269128e+01
   4.3275000e+02   3.2268299e+01
   4.3300000e+02   3.2267473e+01
   4.3325000e+02   3.2266649e+01
   4.3350000e+02   3.2265828e+01
   4.3375000e+02   3.2265009e+01
   4.3400000e+02   3.2264193e+01
   4.3425000e+02   3.2263379e+01
   4.3450000e+02   3.2262568e+01
   4.3475000e+02   3.2261760e+01
   4.3500000e+02   3.2260954e+01
   4.3525000e+02   3.2260150e+01
   4.3550000e+02   3.2259349e+01
   4.3575000e+02   3.2258550e+01
   4.3600000e+02   3.2257754e+01
   4.3625000e+02   3.2256960e+01
   4.3650000e+02   3.2256169e+01
   4.3675000e+02   3.2255380e+01
   4.3700000e+02   3.2254593e+01
   4.3725000e+02   3.2253809e+01
   4.3750000e+02   3.2253028e+01
   4.3775000e+02   3.2252248e+01
   4.3800000e+02   3.2251471e+01
   4.3825000e+02   3.2250697e+01
   4.3850000e+02   3.2249925e+01
   4.3875000e+02   3.2249155e+01
   4.3900000e+02   3.2248388e+01
   4.3925000e+02   3.2247623e+01
   4.3950000e+02   3.2246860e+01
   4.3975000e+02   3.2246100e+01
   4.4000000e+02   3.2245342e+01
   4.4025000e+02   3.2244587e+01
   4.4050000e+02   3.2243833e+01
   4.4075000e+02   3.2243082e+01
   4.4100000e+02   3.2242334e+01
   4.4125000e+02   3.2241588e+01
   4.4150000e+02   3.2240844e+01
   4.4175000e+02   3.2240102e+01
   4.4200000e+02   3.2239362e+01
   4.4225000e+02   3.2238625e+01
   4.4250000e+02   3.2237890e+01
   4.4275000e+02   3.2237158e+01
   4.4300000e+02   3.2236427e+01
   4.4325000e+02   3.2235699e+01
   4.4350000e+02   3.2234973e+01
   4.4375000e+02   3.2234250e+01
   4.4400000e+02   3.2233528e+01
   4.4425000e+02   3.2232809e+01
   4.4450000e+02   3.2232092e+01
   4.4475000e+02   3.2231377e+01
   4.4500000e+02   3.2230665e+01
   4.4525000e+02   3.2229954e+01
   4.4550000e+02   3.2229246e+01
   4.4575000e+02   3.2228540e+01
   4.4600000e+02   3.2227836e+01
   4.4625000e+02   3.2227135e+01
   4.4650000e+02   3.2226435e+01
   4.4675000e+02   3.2225738e+01
   4.4700000e+02   3.2225043e+01
   4.4725000e+02   3.2224350e+01
   4.4750000e+02   3.2223659e+01
   4.4775000e+02   3.2222970e+01
   4.4800000e+02   3.2222283e+01
   4.4825000e+02   3.2221599e+01
   4.4850000e+02   3.2220916e+01
   4.4875000e+02   3.2220236e+01
   4.4900000e+02   3.2219558e+01
   4.4925000e+02   3.2218882e+01
   4.4950000e+02   3.2218207e+01
   4.4975000e+02   3.2217535e+01
   4.5000000e+02   3.2216866e+01
   4.5025000e+02   3.2216198e+01
   4.5050000e+02   3.2215532e+01
   4.5075000e+02   3.2214868e+01
   4.5100000e+02   3.2214206e+01
   4.5125000e+02   3.2213547e+01
   4.5150000e+02   3.2212889e+01
   4.5175000e+02   3.2212233e+01
   4.5200000e+02   3.2211580e+01
   4.5225000e+02   3.2210928e+01
   4.5250000e+02   3.2210279e+01
   4.5275000e+02   3.2209631e+01
   4.5300000e+02   3.2208985e+01
   4.5325000e+02   3.2208342e+01
   4.5350000e+02   3.2207700e+01
   4.5375000e+02   3.2207061e+01
   4.5400000e+02   3.2206423e+01
   4.5425000e+02   3.2205787e+01
   4.5450000e+02   3.2205153e+01
   4.5475000e+02   3.2204522e+01
   4.5500000e+02   3.2203892e+01
   4.5525000e+02   3.2203264e+01
   4.5550000e+02   3.2202638e+01
   4.5575000e+02   3.2202014e+01
   4.5600000e+02   3.2201392e+01
   4.5625000e+02   3.2200771e+01
   4.5650000e+02   3.2200153e+01
   4.5675000e+02   3.2199537e+01
   4.5700000e+02   3.2198922e+01
   4.5725000e+02   3.2198310e+01
   4.5750000e+02   3.2197699e+01
   4.5775000e+02   3.2197090e+01
   4.5800000e+02   3.2196483e+01
   4.5825000e+02   3.2195878e+01
   4.5850000e+02   3.2195275e+01
   4.5875000e+02   3.2194673e+01
   4.5900000e+02   3.2194074e+01
   4.5925000e+02   3.2193476e+01
   4.5950000e+02   3.2192880e+01
   4.5975000e+02   3.2192286e+01
   4.6000000e+02   3.2191694e+01
   4.6025000e+02   3.2191104e+01
   4.6050000e+02   3.2190515e+01
   4.6075000e+02   3.2189928e+01
   4.6100000e+02   3.2189344e+01
   4.6125000e+02   3.2188760e+01
   4.6150000e+02   3.2188179e+01
   4.6175000e+02   3.2187600e+01
   4.6200000e+02   3.2187022e+01
   4.6225000e+02   3.2186446e+01
   4.6250000e+02   3.2185872e+01
   4.6275000e+02   3.2185299e+01
   4.6300000e+02   3.2184729e+01
   4.6325000e+02   3.2184160e+01
   4.6350000e+02   3.2183593e+01
   4.6375000e+02   3.2183027e+01
   4.6400000e+02   3.2182464e+01
   4.6425000e+02   3.2181902e+01
   4.6450000e+02   3.2181341e+01
   4.6475000e+02   3.2180783e+01
   4.6500000e+02   3.2180226e+01
   4.6525000e+02   3.2179671e+01
   4.6550000e+02   3.2179118e+01
   4.6575000e+02   3.2178566e+01
   4.6600000e+02   3.2178016e+01
   4.6625000e+02   3.2177468e+01
   4.6650000e+02   3.2176921e+01
   4.6675000e+02   3.2176377e+01
   4.6700000e+02   3.2175833e+01
   4.6725000e+02   3.2175292e+01
   4.6750000e+02   3.2174752e+01
   4.6775000e+02   3.2174214e+01
   4.6800000e+02   3.2173677e+01
   4.6825000e+02   3.2173143e+01
   4.6850000e+02   3.2172609e+01
   4.6875000e+02   3.2172078e+01
   4.6900000e+02   3.2171548e+01
   4.6925000e+02   3.2171019e+01
   4.6950000e+02   3.2170493e+01
   4.6975000e+02   3.2169968e+01
   4.7000000e+02   3.2169444e+01
   4.7025000e+02   3.2168922e+01
   4.7050000e+02   3.2168402e+01
   4.7075000e+02   3.2167884e+01
   4.7100000e+02   3.2167367e+01
   4.7125000e+02   3.2166851e+01
   4.7150000e+02   3.2166337e+01
   4.7175000e+02   3.2165825e+01
   4.7200000e+02   3.2165314e+01
   4.7225000e+02   3.2164805e+01
   4.7250000e+02   3.2164298e+01
   4.7275000e+02   3.2163792e+01
   4.7300000e+02   3.2163287e+01
   4.7325000e+02   3.2162784e+01
   4.7350000e+02   3.2162283e+01
   4.7375000e+02   3.2161783e+01
   4.7400000e+02   3.2161285e+01
   4.7425000e+02   3.2160788e+01
   4.7450000e+02   3.2160293e+01
   4.7475000e+02   3.2159800e+01
   4.7500000e+02   3.2159307e+01
   4.7525000e+02   3.2158817e+01
   4.7550000e+02   3.2158328e+01
   4.7575000e+02   3.2157840e+01
   4.7600000e+02   3.2157354e+01
   4.7625000e+02   3.2156869e+01
   4.7650000e+02   3.2156386e+01
   4.7675000e+02   3.2155905e+01
   4.7700000e+02   3.2155425e+01
   4.7725000e+02   3.2154946e+01
   4.7750000e+02   3.2154469e+01
   4.7775000e+02   3.2153993e+01
   4.7800000e+02   3.2153519e+01
   4.7825000e+02   3.2153046e+01
   4.7850000e+02   3.2152575e+01
   4.7875000e+02   3.2152105e+01
   4.7900000e+02   3.2151636e+01
   4.7925000e+02   3.2151169e+01
   4.7950000e+02   3.2150704e+01
   4.7975000e+02   3.2150240e+01
   4.8000000e+02   3.2149777e+01
   4.8025000e+02   3.2149316e+01
   4.8050000e+02   3.2148856e+01
   4.8075000e+02   3.2148397e+01
   4.8100000e+02   3.2147940e+01
   4.8125000e+02   3.2147485e+01
   4.8150000e+02   3.2147031e+01
   4.8175000e+02   3.2146578e+01
   4.8200000e+02   3.2146126e+01
   4.8225000e+02   3.2145676e+01
   4.8250000e+02   3.2145228e+01
   4.8275000e+02   3.2144781e+01
   4.8300000e+02   3.2144335e+01
   4.8325000e+02   3.2143890e+01
   4.8350000e+02   3.2143447e+01
   4.8375000e+02   3.2143005e+01
   4.8400000e+02   3.2142565e+01
   4.8425000e+02   3.2142126e+01
   4.8450000e+02   3.2141688e+01
   4.8475000e+02   3.2141252e+01
   4.8500000e+02   3.2140817e+01
   4.8525000e+02   3.2140383e+01
   4.8550000e+02   3.2139951e+01
   4.8575000e+02   3.2139520e+01
   4.8600000e+02   3.2139090e+01
   4.8625000e+02   3.2138662e+01
   4.8650000e+02   3.2138235e+01
   4.8675000e+02   3.2137809e+01
   4.8700000e+02   3.2137385e+01
   4.8725000e+02   3.2136961e+01
   4.8750000e+02   3.2136540e+01
   4.8775000e+02   3.2136119e+01
   4.8800000e+02   3.2135700e+01
   4.8825000e+02   3.2135282e+01
   4.8850000e+02   3.2134865e+01
   4.8875000e+02   3.2134450e+01
   4.8900000e+02   3.2134036e+01
   4.8925000e+02   3.2133623e+01
   4.8950000e+02   3.2133212e+01
   4.8975000e+02   3.2132801e+01
   4.9000000e+02   3.2132392e+01
   4.9025000e+02   3.2131985e+01
   4.9050000e+02   3.2131578e+01
   4.9075000e+02   3.2131173e+01
   4.9100000e+02   3.2130769e+01
   4.9125000e+02   3.2130366e+01
   4.9150000e+02   3.2129965e+01
   4.9175000e+02   3.2129565e+01
   4.9200000e+02   3.2129166e+01
   4.9225000e+02   3.2128768e+01
   4.9250000e+02   3.2128371e+01
   4.9275000e+02   3.2127976e+01
   4.9300000e+02   3.2127582e+01
   4.9325000e+02   3.2127189e+01
   4.9350000e+02   3.2126797e+01
   4.9375000e+02   3.2126407e+01
   4.9400000e+02   3.2126017e+01
   4.9425000e+02   3.2125629e+01
   4.9450000e+02   3.2125242e+01
   4.9475000e+02   3.2124857e+01
   4.9500000e+02   3.2124472e+01
   4.9525000e+02   3.2124089e+01
   4.9550000e+02   3.2123707e+01
   4.9575000e+02   3.2123326e+01
   4.9600000e+02   3.2122946e+01
   4.9625000e+02   3.2122567e+01
   4.9650000e+02   3.2122190e+01
   4.9675000e+02   3.2121814e+01
   4.9700000e+02   3.2121438e+01
   4.9725000e+02   3.2121064e+01
   4.9750000e+02   3.2120692e+01
   4.9775000e+02   3.2120320e+01
   4.9800000e+02   3.2119949e+01
   4.9825000e+02   3.2119580e+01
   4.9850000e+02   3.2119212e+01
   4.9875000e+02   3.2118845e+01
   4.9900000e+02   3.2118479e+01
   4.9925000e+02   3.2118114e+01
   4.9950000e+02   3.2117750e+01
   4.9975000e+02   3.2117387e+01
   5.0000000e+02   3.2117026e+01
   5.0025000e+02   3.2116665e+01
   5.0050000e+02   3.2116306e+01
   5.0075000e+02   3.2115948e+01
   5.0100000e+02   3.2115591e+01
   5.0125000e+02   3.2115235e+01
   5.0150000e+02   3.2114880e+01
   5.0175000e+02   3.2114526e+01
   5.0200000e+02   3.2114173e+01
   5.0225000e+02   3.2113822e+01
   5.0250000e+02   3.2113471e+01
   5.0275000e+02   3.2113122e+01
   5.0300000e+02   3.2112773e+01
   5.0325000e+02   3.2112426e+01
   5.0350000e+02   3.2112080e+01
   5.0375000e+02   3.2111735e+01
   5.0400000e+02   3.2111391e+01
   5.0425000e+02   3.2111048e+01
   5.0450000e+02   3.2110706e+01
   5.0475000e+02   3.2110365e+01
   5.0500000e+02   3.2110025e+01
   5.0525000e+02   3.2109686e+01
   5.0550000e+02   3.2109348e+01
   5.0575000e+02   3.2109011e+01
   5.0600000e+02   3.2108676e+01
   5.0625000e+02   3.2108341e+01
   5.0650000e+02   3.2108007e+01
   5.0675000e+02   3.2107675e+01
   5.0700000e+02   3.2107343e+01
   5.0725000e+02   3.2107013e+01
   5.0750000e+02   3.2106683e+01
   5.0775000e+02   3.2106354e+01
   5.0800000e+02   3.2106027e+01
   5.0825000e+02   3.2105700e+01
   5.0850000e+02   3.2105375e+01
   5.0875000e+02   3.2105050e+01
   5.0900000e+02   3.2104727e+01
   5.0925000e+02   3.2104404e+01
   5.0950000e+02   3.2104083e+01
   5.0975000e+02   3.2103762e+01
   5.1000000e+02   3.2103443e+01
   5.1025000e+02   3.2103124e+01
   5.1050000e+02   3.2102807e+01
   5.1075000e+02   3.2102490e+01
   5.1100000e+02   3.2102174e+01
   5.1125000e+02   3.2101860e+01
   5.1150000e+02   3.2101546e+01
   5.1175000e+02   3.2101233e+01
   5.1200000e+02   3.2100921e+01
   5.1225000e+02   3.2100611e+01
   5.1250000e+02   3.2100301e+01
   5.1275000e+02   3.2099992e+01
   5.1300000e+02   3.2099684e+01
   5.1325000e+02   3.2099377e+01
   5.1350000e+02   3.2099071e+01
   5.1375000e+02   3.2098766e+01
   5.1400000e+02   3.2098462e+01
   5.1425000e+02   3.2098158e+01
   5.1450000e+02   3.2097856e+01
   5.1475000e+02   3.2097555e+01
   5.1500000e+02   3.2097254e+01
   5.1525000e+02   3.2096955e+01
   5.1550000e+02   3.2096656e+01
   5.1575000e+02   3.2096359e+01
   5.1600000e+02   3.2096062e+01
   5.1625000e+02   3.2095766e+01
   5.1650000e+02   3.2095471e+01
   5.1675000e+02   3.2095177e+01
   5.1700000e+02   3.2094884e+01
   5.1725000e+02   3.2094592e+01
   5.1750000e+02   3.2094300e+01
   5.1775000e+02   3.2094010e+01
   5.1800000e+02   3.2093720e+01
   5.1825000e+02   3.2093432e+01
   5.1850000e+02   3.2093144e+01
   5.1875000e+02   3.2092857e+01
   5.1900000e+02   3.2092571e+01
   5.1925000e+02   3.2092286e+01
   5.1950000e+02   3.2092002e+01
   5.1975000e+02   3.2091719e+01
   5.2000000e+02   3.2091436e+01
   5.2025000e+02   3.2091155e+01
   5.2050000e+02   3.2090874e+01
   5.2075000e+02   3.2090594e+01
   5.2100000e+02   3.2090315e+01
   5.2125000e+02   3.2090037e+01
   5.2150000e+02   3.2089760e+01
   5.2175000e+02   3.2089483e+01
   5.2200000e+02   3.2089208e+01
   5.2225000e+02   3.2088933e+01
   5.2250000e+02   3.2088659e+01
   5.2275000e+02   3.2088386e+01
   5.2300000e+02   3.2088114e+01
   5.2325000e+02   3.2087842e+01
   5.2350000e+02   3.2087572e+01
   5.2375000e+02   3.2087302e+01
   5.2400000e+02   3.2087033e+01
   5.2425000e+02   3.2086765e+01
   5.2450000e+02   3.2086498e+01
   5.2475000e+02   3.2086232e+01
   5.2500000e+02   3.2085966e+01
   5.2525000e+02   3.2085701e+01
   5.2550000e+02   3.2085437e+01
   5.2575000e+02   3.2085174e+01
   5.2600000e+02   3.2084912e+01
   5.2625000e+02   3.2084650e+01
   5.2650000e+02   3.2084390e+01
   5.2675000e+02   3.2084130e+01
   5.2700000e+02   3.2083871e+01
   5.2725000e+02   3.2083613e+01
   5.2750000e+02   3.2083355e+01
   5.2775000e+02   3.2083098e+01
   5.2800000e+02   3.2082842e+01
   5.2825000e+02   3.2082587e+01
   5.2850000e+02   3.2082333e+01
   5.2875000e+02   3.2082079e+01
   5.2900000e+02   3.2081827e+01
   5.2925000e+02   3.2081575e+01
   5.2950000e+02   3.2081323e+01
   5.2975000e+02   3.2081073e+01
   5.3000000e+02   3.2080823e+01
   5.3025000e+02   3.2080574e+01
   5.3050000e+02   3.2080326e+01
   5.3075000e+02   3.2080079e+01
   5.3100000e+02   3.2079832e+01
   5.3125000e+02   3.2079586e+01
   5.3150000e+02   3.2079341e+01
   5.3175000e+02   3.2079097e+01
   5.3200000e+02   3.2078853e+01
   5.3225000e+02   3.2078610e+01
   5.3250000e+02   3.2078368e+01
   5.3275000e+02   3.2078127e+01
   5.3300000e+02   3.2077886e+01
   5.3325000e+02   3.2077647e+01
   5.3350000e+02   3.2077407e+01
   5.3375000e+02   3.2077169e+01
   5.3400000e+02   3.2076931e+01
   5.3425000e+02   3.2076694e+01
   5.3450000e+02   3.2076458e+01
   5.3475000e+02   3.2076223e+01
   5.3500000e+02   3.2075988e+01
   5.3525000e+02   3.2075754e+01
   5.3550000e+02   3.2075521e+01
   5.3575000e+02   3.2075288e+01
   5.3600000e+02   3.2075056e+01
   5.3625000e+02   3.2074825e+01
   5.3650000e+02   3.2074595e+01
   5.3675000e+02   3.2074365e+01
   5.3700000e+02   3.2074136e+01
   5.3725000e+02   3.2073908e+01
   5.3750000e+02   3.2073680e+01
   5.3775000e+02   3.2073453e+01
   5.3800000e+02   3.2073227e+01
   5.3825000e+02   3.2073001e+01
   5.3850000e+02   3.2072777e+01
   5.3875000e+02   3.2072552e+01
   5.3900000e+02   3.2072329e+01
   5.3925000e+02   3.2072106e+01
   5.3950000e+02   3.2071884e+01
   5.3975000e+02   3.2071663e+01
   5.4000000e+02   3.2071442e+01
   5.4025000e+02   3.2071222e+01
   5.4050000e+02   3.2071003e+01
   5.4075000e+02   3.2070784e+01
   5.4100000e+02   3.2070566e+01
   5.4125000e+02   3.2070349e+01
   5.4150000e+02   3.2070132e+01
   5.4175000e+02   3.2069916e+01
   5.4200000e+02   3.2069701e+01
   5.4225000e+02   3.2069486e+01
   5.4250000e+02   3.2069272e+01
   5.4275000e+02   3.2069059e+01
   5.4300000e+02   3.2068846e+01
   5.4325000e+02   3.2068634e+01
   5.4350000e+02   3.2068423e+01
   5.4375000e+02   3.2068212e+01
   5.4400000e+02   3.2068002e+01
   5.4425000e+02   3.2067793e+01
   5.4450000e+02   3.2067584e+01
   5.4475000e+02   3.2067376e+01
   5.4500000e+02   3.2067168e+01
   5.4525000e+02   3.2066961e+01
   5.4550000e+02   3.2066755e+01
   5.4575000e+02   3.2066550e+01
   5.4600000e+02   3.2066345e+01
   5.4625000e+02   3.2066140e+01
   5.4650000e+02   3.2065937e+01
   5.4675000e+02   3.2065733e+01
   5.4700000e+02   3.2065531e+01
   5.4725000e+02   3.2065329e+01
   5.4750000e+02   3.2065128e+01
   5.4775000e+02   3.2064927e+01
   5.4800000e+02   3.2064728e+01
   5.4825000e+02   3.2064528e+01
   5.4850000e+02   3.2064329e+01
   5.4875000e+02   3.2064131e+01
   5.4900000e+02   3.2063934e+01
   5.4925000e+02   3.2063737e+01
   5.4950000e+02   3.2063541e+01
   5.4975000e+02   3.2063345e+01
   5.5000000e+02   3.2063150e+01
   5.5025000e+02   3.2062955e+01
   5.5050000e+02   3.2062762e+01
   5.5075000e+02   3.2062568e+01
   5.5100000e+02   3.2062376e+01
   5.5125000e+02   3.2062183e+01
   5.5150000e+02   3.2061992e+01
   5.5175000e+02   3.2061801e+01
   5.5200000e+02   3.2061611e+01
   5.5225000e+02   3.2061421e+01
   5.5250000e+02   3.2061232e+01
   5.5275000e+02   3.2061043e+01
   5.5300000e+02   3.2060855e+01
   5.5325000e+02   3.2060668e+01
   5.5350000e+02   3.2060481e+01
   5.5375000e+02   3.2060295e+01
   5.5400000e+02   3.2060109e+01
   5.5425000e+02   3.2059924e+01
   5.5450000e+02   3.2059739e+01
   5.5475000e+02   3.2059555e+01
   5.5500000e+02   3.2059372e+01
   5.5525000e+02   3.2059189e+01
   5.5550000e+02   3.2059007e+01
   5.5575000e+02   3.2058825e+01
   5.5600000e+02   3.2058644e+01
   5.5625000e+02   3.2058463e+01
   5.5650000e+02   3.2058283e+01
   5.5675000e+02   3.2058104e+01
   5.5700000e+02   3.2057925e+01
   5.5725000e+02   3.2057747e+01
   5.5750000e+02   3.2057569e+01
   5.5775000e+02   3.2057391e+01
   5.5800000e+02   3.2057215e+01
   5.5825000e+02   3.2057038e+01
   5.5850000e+02   3.2056863e+01
   5.5875000e+02   3.2056688e+01
   5.5900000e+02   3.2056513e+01
   5.5925000e+02   3.2056339e+01
   5.5950000e+02   3.2056166e+01
   5.5975000e+02   3.2055993e+01
   5.6000000e+02   3.2055820e+01
   5.6025000e+02   3.2055648e+01
   5.6050000e+02   3.2055477e+01
   5.6075000e+02   3.2055306e+01
   5.6100000e+02   3.2055136e+01
   5.6125000e+02   3.2054966e+01
   5.6150000e+02   3.2054797e+01
   5.6175000e+02   3.2054628e+01
   5.6200000e+02   3.2054460e+01
   5.6225000e+02   3.2054292e+01
   5.6250000e+02   3.2054125e+01
   5.6275000e+02   3.2053958e+01
   5.6300000e+02   3.2053792e+01
   5.6325000e+02   3.2053626e+01
   5.6350000e+02   3.2053461e+01
   5.6375000e+02   3.2053296e+01
   5.6400000e+02   3.2053132e+01
   5.6425000e+02   3.2052969e+01
   5.6450000e+02   3.2052805e+01
   5.6475000e+02   3.2052643e+01
   5.6500000e+02   3.2052481e+01
   5.6525000e+02   3.2052319e+01
   5.6550000e+02   3.2052158e+01
   5.6575000e+02   3.2051997e+01
   5.6600000e+02   3.2051837e+01
   5.6625000e+02   3.2051678e+01
   5.6650000e+02   3.2051518e+01
   5.6675000e+02   3.2051360e+01
   5.6700000e+02   3.2051202e+01
   5.6725000e+02   3.2051044e+01
   5.6750000e+02   3.2050887e+01
   5.6775000e+02   3.2050730e+01
   5.6800000e+02   3.2050574e+01
   5.6825000e+02   3.2050418e+01
   5.6850000e+02   3.2050263e+01
   5.6875000e+02   3.2050108e+01
   5.6900000e+02   3.2049954e+01
   5.6925000e+02   3.2049800e+01
   5.6950000e+02   3.2049646e+01
   5.6975000e+02   3.2049494e+01
   5.7000000e+02   3.2049341e+01
   5.7025000e+02   3.2049189e+01
   5.7050000e+02   3.2049038e+01
   5.7075000e+02   3.2048887e+01
   5.7100000e+02   3.2048736e+01
   5.7125000e+02   3.2048586e+01
   5.7150000e+02   3.2048436e+01
   5.7175000e+02   3.2048287e+01
   5.7200000e+02   3.2048139e+01
   5.7225000e+02   3.2047990e+01
   5.7250000e+02   3.2047842e+01
   5.7275000e+02   3.2047695e+01
   5.7300000e+02   3.2047548e+01
   5.7325000e+02   3.2047402e+01
   5.7350000e+02   3.2047256e+01
   5.7375000e+02   3.2047110e+01
   5.7400000e+02   3.2046965e+01
   5.7425000e+02   3.2046821e+01
   5.7450000e+02   3.2046676e+01
   5.7475000e+02   3.2046533e+01
   5.7500000e+02   3.2046389e+01
   5.7525000e+02   3.2046246e+01
   5.7550000e+02   3.2046104e+01
   5.7575000e+02   3.2045962e+01
   5.7600000e+02   3.2045821e+01
   5.7625000e+02   3.2045679e+01
   5.7650000e+02   3.2045539e+01
   5.7675000e+02   3.2045398e+01
   5.7700000e+02   3.2045259e+01
   5.7725000e+02   3.2045119e+01
   5.7750000e+02   3.2044980e+01
   5.7775000e+02   3.2044842e+01
   5.7800000e+02   3.2044704e+01
   5.7825000e+02   3.2044566e+01
   5.7850000e+02   3.2044429e+01
   5.7875000e+02   3.2044292e+01
   5.7900000e+02   3.2044156e+01
   5.7925000e+02   3.2044020e+01
   5.7950000e+02   3.2043884e+01
   5.7975000e+02   3.2043749e+01
   5.8000000e+02   3.2043614e+01
   5.8025000e+02   3.2043480e+01
   5.8050000e+02   3.2043346e+01
   5.8075000e+02   3.2043212e+01
   5.8100000e+02   3.2043079e+01
   5.8125000e+02   3.2042947e+01
   5.8150000e+02   3.2042814e+01
   5.8175000e+02   3.2042683e+01
   5.8200000e+02   3.2042551e+01
   5.8225000e+02   3.2042420e+01
   5.8250000e+02   3.2042289e+01
   5.8275000e+02   3.2042159e+01
   5.8300000e+02   3.2042029e+01
   5.8325000e+02   3.2041900e+01
   5.8350000e+02   3.2041771e+01
   5.8375000e+02   3.2041642e+01
   5.8400000e+02   3.2041514e+01
   5.8425000e+02   3.2041386e+01
   5.8450000e+02   3.2041259e+01
   5.8475000e+02   3.2041132e+01
   5.8500000e+02   3.2041005e+01
   5.8525000e+02   3.2040879e+01
   5.8550000e+02   3.2040753e+01
   5.8575000e+02   3.2040627e+01
   5.8600000e+02   3.2040502e+01
   5.8625000e+02   3.2040377e+01
   5.8650000e+02   3.2040253e+01
   5.8675000e+02   3.2040129e+01
   5.8700000e+02   3.2040006e+01
   5.8725000e+02   3.2039882e+01
   5.8750000e+02   3.2039760e+01
   5.8775000e+02   3.2039637e+01
   5.8800000e+02   3.2039515e+01
   5.8825000e+02   3.2039393e+01
   5.8850000e+02   3.2039272e+01
   5.8875000e+02   3.2039151e+01
   5.8900000e+02   3.2039030e+01
   5.8925000e+02   3.2038910e+01
   5.8950000e+02   3.2038790e+01
   5.8975000e+02   3.2038671e+01
   5.9000000e+02   3.2038552e+01
   5.9025000e+02   3.2038433e+01
   5.9050000e+02   3.2038315e+01
   5.9075000e+02   3.2038197e+01
   5.9100000e+02   3.2038079e+01
   5.9125000e+02   3.2037962e+01
   5.9150000e+02   3.2037845e+01
   5.9175000e+02   3.2037728e+01
   5.9200000e+02   3.2037612e+01
   5.9225000e+02   3.2037496e+01
   5.9250000e+02   3.2037381e+01
   5.9275000e+02   3.2037266e+01
   5.9300000e+02   3.2037151e+01
   5.9325000e+02   3.2037037e+01
   5.9350000e+02   3.2036923e+01
   5.9375000e+02   3.2036809e+01
   5.9400000e+02   3.2036695e+01
   5.9425000e+02   3.2036582e+01
   5.9450000e+02   3.2036470e+01
   5.9475000e+02   3.2036358e+01
   5.9500000e+02   3.2036246e+01
   5.9525000e+02   3.2036134e+01
   5.9550000e+02   3.2036023e+01
   5.9575000e+02   3.2035912e+01
   5.9600000e+02   3.2035801e+01
   5.9625000e+02   3.2035691e+01
   5.9650000e+02   3.2035581e+01
   5.9675000e+02   3.2035471e+01
   5.9700000e+02   3.2035362e+01
   5.9725000e+02   3.2035253e+01
   5.9750000e+02   3.2035145e+01
   5.9775000e+02   3.2035036e+01
   5.9800000e+02   3.2034929e+01
   5.9825000e+02   3.2034821e+01
   5.9850000e+02   3.2034714e+01
   5.9875000e+02   3.2034607e+01
   5.9900000e+02   3.2034500e+01
   5.9925000e+02   3.2034394e+01
   5.9950000e+02   3.2034288e+01
   5.9975000e+02   3.2034182e+01
   6.0000000e+02   3.2034077e+01
