   0.0000000e+00   9.8000000e+01
   2.5000000e-01   9.7855181e+01
   5.0000000e-01   9.7710724e+01
   7.5000000e-01   9.7566627e+01
   1.0000000e+00   9.7422890e+01
   1.2500000e+00   9.7279512e+01
   1.5000000e+00   9.7136492e+01
   1.7500000e+00   9.6993830e+01
   2.0000000e+00   9.6851523e+01
   2.2500000e+00   9.6709572e+01
   2.5000000e+00   9.6567975e+01
   2.7500000e+00   9.6426732e+01
   3.0000000e+00   9.6285841e+01
   3.2500000e+00   9.6145302e+01
   3.5000000e+00   9.6005114e+01
   3.7500000e+00   9.5865276e+01
   4.0000000e+00   9.5725787e+01
   4.2500000e+00   9.5586647e+01
   4.5000000e+00   9.5447854e+01
   4.7500000e+00   9.5309407e+01
   5.0000000e+00   9.5171307e+01
   5.2500000e+00   9.5033551e+01
   5.5000000e+00   9.4896139e+01
   5.7500000e+00   9.4759070e+01
   6.0000000e+00   9.4622343e+01
   6.2500000e+00   9.4485958e+01
   6.5000000e+00   9.4349913e+01
   6.7500000e+00   9.4214208e+01
   7.0000000e+00   9.4078842e+01
   7.2500000e+00   9.3943813e+01
   7.5000000e+00   9.3809122e+01
   7.7500000e+00   9.3674767e+01
   8.0000000e+00   9.3540748e+01
   8.2500000e+00   9.3407063e+01
   8.5000000e+00   9.3273712e+01
   8.7500000e+00   9.3140695e+01
   9.0000000e+00   9.3008009e+01
   9.2500000e+00   9.2875654e+01
   9.5000000e+00   9.2743630e+01
   9.7500000e+00   9.2611936e+01
   1.0000000e+01   9.2480570e+01
   1.0250000e+01   9.2349533e+01
   1.0500000e+01   9.2218822e+01
   1.0750000e+01   9.2088438e+01
   1.1000000e+01   9.1958380e+01
   1.1250000e+01   9.1828646e+01
   1.1500000e+01   9.1699236e+01
   1.1750000e+01   9.1570150e+01
   1.2000000e+01   9.1441385e+01
   1.2250000e+01   9.1312942e+01
   1.2500000e+01   9.1184820e+01
   1.2750000e+01   9.1057018e+01
   1.3000000e+01   9.0929535e+01
   1.3250000e+01   9.0802370e+01
   1.3500000e+01   9.0675523e+01
   1.3750000e+01   9.0548992e+01
   1.4000000e+01   9.0422778e+01
   1.4250000e+01   9.0296878e+01
   1.4500000e+01   9.0171293e+01
   1.4750000e+01   9.0046021e+01
   1.5000000e+01   8.9921063e+01
   1.5250000e+01   8.9796416e+01
   1.5500000e+01   8.9672080e+01
   1.5750000e+01   8.9548055e+01
   1.6000000e+01   8.9424340e+01
   1.6250000e+01   8.9300933e+01
   1.6500000e+01   8.9177835e+01
   1.6750000e+01   8.9055044e+01
   1.7000000e+01   8.8932559e+01
   1.7250000e+01   8.8810381e+01
   1.7500000e+01   8.8688507e+01
   1.7750000e+01   8.8566938e+01
   1.8000000e+01   8.8445672e+01
   1.8250000e+01   8.8324709e+01
   1.8500000e+01   8.8204048e+01
   1.8750000e+01   8.8083689e+01
   1.9000000e+01   8.7963630e+01
   1.9250000e+01   8.7843870e+01
   1.9500000e+01   8.7724410e+01
   1.9750000e+01   8.7605248e+01
   2.0000000e+01   8.7486384e+01
   2.0250000e+01   8.7367816e+01
   2.0500000e+01   8.7249544e+01
   2.0750000e+01   8.7131568e+01
   2.1000000e+01   8.7013886e+01
   2.1250000e+01   8.6896498e+01
   2.1500000e+01   8.6779404e+01
   2.1750000e+01   8.6662601e+01
   2.2000000e+01   8.6546090e+01
   2.2250000e+01   8.6429870e+01
   2.2500000e+01   8.6313941e+01
   2.2750000e+01   8.6198300e+01
   2.3000000e+01   8.6082949e+01
   2.3250000e+01   8.5967885e+01
   2.3500000e+01   8.5853109e+01
   2.3750000e+01   8.5738620e+01
   2.4000000e+01   8.5624416e+01
   2.4250000e+01   8.5510497e+01
   2.4500000e+01   8.5396863e+01
   2.4750000e+01   8.5283513e+01
   2.5000000e+01   8.5170445e+01
   2.5250000e+01   8.5057660e+01
   2.5500000e+01   8.4945157e+01
   2.5750000e+01   8.4832934e+01
   2.6000000e+01   8.4720992e+01
   2.6250000e+01   8.4609329e+01
   2.6500000e+01   8.4497945e+01
   2.6750000e+01   8.4386839e+01
   2.7000000e+01   8.4276011e+01
   2.7250000e+01   8.4165459e+01
   2.7500000e+01   8.4055183e+01
   2.7750000e+01   8.3945183e+01
   2.8000000e+01   8.3835457e+01
   2.8250000e+01   8.3726005e+01
   2.8500000e+01   8.3616827e+01
   2.8750000e+01   8.3507921e+01
   2.9000000e+01   8.3399287e+01
   2.9250000e+01   8.3290924e+01
   2.9500000e+01   8.3182832e+01
   2.9750000e+01   8.3075010e+01
   3.0000000e+01   8.2967457e+01
   3.0250000e+01   8.2860172e+01
   3.0500000e+01   8.2753156e+01
   3.0750000e+01   8.2646406e+01
   3.1000000e+01   8.2539923e+01
   3.1250000e+01   8.2433706e+01
   3.1500000e+01   8.2327755e+01
   3.1750000e+01   8.2222067e+01
   3.2000000e+01   8.2116644e+01
   3.2250000e+01   8.2011484e+01
   3.2500000e+01   8.1906587e+01
   3.2750000e+01   8.1801951e+01
   3.3000000e+01   8.1697577e+01
   3.3250000e+01   8.1593463e+01
   3.3500000e+01   8.1489609e+01
   3.3750000e+01   8.1386015e+01
   3.4000000e+01   8.1282679e+01
   3.4250000e+01   8.1179601e+01
   3.4500000e+01   8.1076781e+01
   3.4750000e+01   8.0974217e+01
   3.5000000e+01   8.0871909e+01
   3.5250000e+01   8.0769857e+01
   3.5500000e+01   8.0668060e+01
   3.5750000e+01   8.0566517e+01
   3.6000000e+01   8.0465227e+01
   3.6250000e+01   8.0364190e+01
   3.6500000e+01   8.0263406e+01
   3.6750000e+01   8.0162873e+01
   3.7000000e+01   8.0062591e+01
   3.7250000e+01   7.9962560e+01
   3.7500000e+01   7.9862778e+01
   3.7750000e+01   7.9763246e+01
   3.8000000e+01   7.9663962e+01
   3.8250000e+01   7.9564926e+01
   3.8500000e+01   7.9466137e+01
   3.8750000e+01   7.9367595e+01
   3.9000000e+01   7.9269299e+01
   3.9250000e+01   7.9171248e+01
   3.9500000e+01   7.9073442e+01
   3.9750000e+01   7.8975881e+01
   4.0000000e+01   7.8878563e+01
   4.0250000e+01   7.8781488e+01
   4.0500000e+01   7.8684655e+01
   4.0750000e+01   7.8588064e+01
   4.1000000e+01   7.8491715e+01
   4.1250000e+01   7.8395605e+01
   4.1500000e+01   7.8299736e+01
   4.1750000e+01   7.8204107e+01
   4.2000000e+01   7.8108716e+01
   4.2250000e+01   7.8013563e+01
   4.2500000e+01   7.7918648e+01
   4.2750000e+01   7.7823969e+01
   4.3000000e+01   7.7729527e+01
   4.3250000e+01   7.7635321e+01
   4.3500000e+01   7.7541351e+01
   4.3750000e+01   7.7447615e+01
   4.4000000e+01   7.7354112e+01
   4.4250000e+01   7.7260844e+01
   4.4500000e+01   7.7167808e+01
   4.4750000e+01   7.7075005e+01
   4.5000000e+01   7.6982433e+01
   4.5250000e+01   7.6890092e+01
   4.5500000e+01   7.6797982e+01
   4.5750000e+01   7.6706102e+01
   4.6000000e+01   7.6614451e+01
   4.6250000e+01   7.6523030e+01
   4.6500000e+01   7.6431836e+01
   4.6750000e+01   7.6340870e+01
   4.7000000e+01   7.6250132e+01
   4.7250000e+01   7.6159619e+01
   4.7500000e+01   7.6069333e+01
   4.7750000e+01   7.5979273e+01
   4.8000000e+01   7.5889437e+01
   4.8250000e+01   7.5799825e+01
   4.8500000e+01   7.5710437e+01
   4.8750000e+01   7.5621273e+01
   4.9000000e+01   7.5532331e+01
   4.9250000e+01   7.5443611e+01
   4.9500000e+01   7.5355113e+01
   4.9750000e+01   7.5266835e+01
   5.0000000e+01   7.5178778e+01
   5.0250000e+01   7.5090941e+01
   5.0500000e+01   7.5003323e+01
   5.0750000e+01   7.4915924e+01
   5.1000000e+01   7.4828744e+01
   5.1250000e+01   7.4741780e+01
   5.1500000e+01   7.4655034e+01
   5.1750000e+01   7.4568505e+01
   5.2000000e+01   7.4482192e+01
   5.2250000e+01   7.4396094e+01
   5.2500000e+01   7.4310211e+01
   5.2750000e+01   7.4224543e+01
   5.3000000e+01   7.4139088e+01
   5.3250000e+01   7.4053847e+01
   5.3500000e+01   7.3968819e+01
   5.3750000e+01   7.3884003e+01
   5.4000000e+01   7.3799399e+01
   5.4250000e+01   7.3715006e+01
   5.4500000e+01   7.3630823e+01
   5.4750000e+01   7.3546851e+01
   5.5000000e+01   7.3463089e+01
   5.5250000e+01   7.3379536e+01
   5.5500000e+01   7.3296191e+01
   5.5750000e+01   7.3213055e+01
   5.6000000e+01   7.3130126e+01
   5.6250000e+01   7.3047404e+01
   5.6500000e+01   7.2964889e+01
   5.6750000e+01   7.2882579e+01
   5.7000000e+01   7.2800475e+01
   5.7250000e+01   7.2718577e+01
   5.7500000e+01   7.2636882e+01
   5.7750000e+01   7.2555392e+01
   5.8000000e+01   7.2474105e+01
   5.8250000e+01   7.2393021e+01
   5.8500000e+01   7.2312140e+01
   5.8750000e+01   7.2231461e+01
   5.9000000e+01   7.2150983e+01
   5.9250000e+01   7.2070705e+01
   5.9500000e+01   7.1990629e+01
   5.9750000e+01   7.1910752e+01
   6.0000000e+01   7.1831075e+01
   6.0250000e+01   7.1751597e+01
   6.0500000e+01   7.1672317e+01
   6.0750000e+01   7.1593235e+01
   6.1000000e+01   7.1514350e+01
   6.1250000e+01   7.1435663e+01
   6.1500000e+01   7.1357172e+01
   6.1750000e+01   7.1278877e+01
   6.2000000e+01   7.1200777e+01
   6.2250000e+01   7.1122873e+01
   6.2500000e+01   7.1045163e+01
   6.2750000e+01   7.0967647e+01
   6.3000000e+01   7.0890324e+01
   6.3250000e+01   7.0813195e+01
   6.3500000e+01   7.0736258e+01
   6.3750000e+01   7.0659514e+01
   6.4000000e+01   7.0582961e+01
   6.4250000e+01   7.0506599e+01
   6.4500000e+01   7.0430427e+01
   6.4750000e+01   7.0354446e+01
   6.5000000e+01   7.0278655e+01
   6.5250000e+01   7.0203053e+01
   6.5500000e+01   7.0127640e+01
   6.5750000e+01   7.0052415e+01
   6.6000000e+01   6.9977377e+01
   6.6250000e+01   6.9902528e+01
   6.6500000e+01   6.9827865e+01
   6.6750000e+01   6.9753388e+01
   6.7000000e+01   6.9679098e+01
   6.7250000e+01   6.9604992e+01
   6.7500000e+01   6.9531072e+01
   6.7750000e+01   6.9457337e+01
   6.8000000e+01   6.9383786e+01
   6.8250000e+01   6.9310418e+01
   6.8500000e+01   6.9237233e+01
   6.8750000e+01   6.9164232e+01
   6.9000000e+01   6.9091412e+01
   6.9250000e+01   6.9018774e+01
   6.9500000e+01   6.8946318e+01
   6.9750000e+01   6.8874043e+01
   7.0000000e+01   6.8801948e+01
   7.0250000e+01   6.8730033e+01
   7.0500000e+01   6.8658297e+01
   7.0750000e+01   6.8586741e+01
   7.1000000e+01   6.8515363e+01
   7.1250000e+01   6.8444164e+01
   7.1500000e+01   6.8373142e+01
   7.1750000e+01   6.8302298e+01
   7.2000000e+01   6.8231631e+01
   7.2250000e+01   6.8161140e+01
   7.2500000e+01   6.8090825e+01
   7.2750000e+01   6.8020686e+01
   7.3000000e+01   6.7950721e+01
   7.3250000e+01   6.7880932e+01
   7.3500000e+01   6.7811317e+01
   7.3750000e+01   6.7741875e+01
   7.4000000e+01   6.7672607e+01
   7.4250000e+01   6.7603512e+01
   7.4500000e+01   6.7534589e+01
   7.4750000e+01   6.7465839e+01
   7.5000000e+01   6.7397260e+01
   7.5250000e+01   6.7328852e+01
   7.5500000e+01   6.7260616e+01
   7.5750000e+01   6.7192549e+01
   7.6000000e+01   6.7124653e+01
   7.6250000e+01   6.7056926e+01
   7.6500000e+01   6.6989368e+01
   7.6750000e+01   6.6921979e+01
   7.7000000e+01   6.6854758e+01
   7.7250000e+01   6.6787705e+01
   7.7500000e+01   6.6720819e+01
   7.7750000e+01   6.6654101e+01
   7.8000000e+01   6.6587549e+01
   7.8250000e+01   6.6521163e+01
   7.8500000e+01   6.6454943e+01
   7.8750000e+01   6.6388888e+01
   7.9000000e+01   6.6322998e+01
   7.9250000e+01   6.6257273e+01
   7.9500000e+01   6.6191712e+01
   7.9750000e+01   6.6126314e+01
   8.0000000e+01   6.6061080e+01
   8.0250000e+01   6.5996009e+01
   8.0500000e+01   6.5931100e+01
   8.0750000e+01   6.5866353e+01
   8.1000000e+01   6.5801768e+01
   8.1250000e+01   6.5737344e+01
   8.1500000e+01   6.5673081e+01
   8.1750000e+01   6.5608978e+01
   8.2000000e+01   6.5545036e+01
   8.2250000e+01   6.5481253e+01
   8.2500000e+01   6.5417630e+01
   8.2750000e+01   6.5354165e+01
   8.3000000e+01   6.5290859e+01
   8.3250000e+01   6.5227710e+01
   8.3500000e+01   6.5164720e+01
   8.3750000e+01   6.5101887e+01
   8.4000000e+01   6.5039210e+01
   8.4250000e+01   6.4976691e+01
   8.4500000e+01   6.4914327e+01
   8.4750000e+01   6.4852119e+01
   8.5000000e+01   6.4790066e+01
   8.5250000e+01   6.4728168e+01
   8.5500000e+01   6.4666425e+01
   8.5750000e+01   6.4604836e+01
   8.6000000e+01   6.4543401e+01
   8.6250000e+01   6.4482119e+01
   8.6500000e+01   6.4420990e+01
   8.6750000e+01   6.4360014e+01
   8.7000000e+01   6.4299190e+01
   8.7250000e+01   6.4238518e+01
   8.7500000e+01   6.4177997e+01
   8.7750000e+01   6.4117628e+01
   8.8000000e+01   6.4057409e+01
   8.8250000e+01   6.3997340e+01
   8.8500000e+01   6.3937422e+01
   8.8750000e+01   6.3877653e+01
   8.9000000e+01   6.3818034e+01
   8.9250000e+01   6.3758563e+01
   8.9500000e+01   6.3699241e+01
   8.9750000e+01   6.3640067e+01
   9.0000000e+01   6.3581040e+01
   9.0250000e+01   6.3522161e+01
   9.0500000e+01   6.3463429e+01
   9.0750000e+01   6.3404844e+01
   9.1000000e+01   6.3346405e+01
   9.1250000e+01   6.3288112e+01
   9.1500000e+01   6.3229964e+01
   9.1750000e+01   6.3171962e+01
   9.2000000e+01   6.3114104e+01
   9.2250000e+01   6.3056391e+01
   9.2500000e+01   6.2998822e+01
   9.2750000e+01   6.2941397e+01
   9.3000000e+01   6.2884115e+01
   9.3250000e+01   6.2826976e+01
   9.3500000e+01   6.2769980e+01
   9.3750000e+01   6.2713126e+01
   9.4000000e+01   6.2656414e+01
   9.4250000e+01   6.2599844e+01
   9.4500000e+01   6.2543415e+01
   9.4750000e+01   6.2487127e+01
   9.5000000e+01   6.2430979e+01
   9.5250000e+01   6.2374972e+01
   9.5500000e+01   6.2319104e+01
   9.5750000e+01   6.2263376e+01
   9.6000000e+01   6.2207787e+01
   9.6250000e+01   6.2152337e+01
   9.6500000e+01   6.2097026e+01
   9.6750000e+01   6.2041852e+01
   9.7000000e+01   6.1986816e+01
   9.7250000e+01   6.1931918e+01
   9.7500000e+01   6.1877157e+01
   9.7750000e+01   6.1822532e+01
   9.8000000e+01   6.1768044e+01
   9.8250000e+01   6.1713692e+01
   9.8500000e+01   6.1659475e+01
   9.8750000e+01   6.1605394e+01
   9.9000000e+01   6.1551448e+01
   9.9250000e+01   6.1497637e+01
   9.9500000e+01   6.1443960e+01
   9.9750000e+01   6.1390417e+01
   1.0000000e+02   6.1337008e+01
   1.0025000e+02   6.1283732e+01
   1.0050000e+02   6.1230589e+01
   1.0075000e+02   6.1177579e+01
   1.0100000e+02   6.1124701e+01
   1.0125000e+02   6.1071955e+01
   1.0150000e+02   6.1019341e+01
   1.0175000e+02   6.0966858e+01
   1.0200000e+02   6.0914507e+01
   1.0225000e+02   6.0862286e+01
   1.0250000e+02   6.0810195e+01
   1.0275000e+02   6.0758234e+01
   1.0300000e+02   6.0706404e+01
   1.0325000e+02   6.0654702e+01
   1.0350000e+02   6.0603130e+01
   1.0375000e+02   6.0551687e+01
   1.0400000e+02   6.0500372e+01
   1.0425000e+02   6.0449185e+01
   1.0450000e+02   6.0398126e+01
   1.0475000e+02   6.0347194e+01
   1.0500000e+02   6.0296389e+01
   1.0525000e+02   6.0245712e+01
   1.0550000e+02   6.0195161e+01
   1.0575000e+02   6.0144736e+01
   1.0600000e+02   6.0094437e+01
   1.0625000e+02   6.0044264e+01
   1.0650000e+02   5.9994216e+01
   1.0675000e+02   5.9944292e+01
   1.0700000e+02   5.9894494e+01
   1.0725000e+02   5.9844820e+01
   1.0750000e+02   5.9795270e+01
   1.0775000e+02   5.9745843e+01
   1.0800000e+02   5.9696540e+01
   1.0825000e+02   5.9647361e+01
   1.0850000e+02   5.9598304e+01
   1.0875000e+02   5.9549369e+01
   1.0900000e+02   5.9500557e+01
   1.0925000e+02   5.9451866e+01
   1.0950000e+02   5.9403297e+01
   1.0975000e+02   5.9354850e+01
   1.1000000e+02   5.9306523e+01
   1.1025000e+02   5.9258317e+01
   1.1050000e+02   5.9210231e+01
   1.1075000e+02   5.9162266e+01
   1.1100000e+02   5.9114420e+01
   1.1125000e+02   5.9066693e+01
   1.1150000e+02   5.9019086e+01
   1.1175000e+02   5.8971598e+01
   1.1200000e+02   5.8924228e+01
   1.1225000e+02   5.8876977e+01
   1.1250000e+02   5.8829843e+01
   1.1275000e+02   5.8782827e+01
   1.1300000e+02   5.8735929e+01
   1.1325000e+02   5.8689148e+01
   1.1350000e+02   5.8642483e+01
   1.1375000e+02   5.8595935e+01
   1.1400000e+02   5.8549503e+01
   1.1425000e+02   5.8503187e+01
   1.1450000e+02   5.8456987e+01
   1.1475000e+02   5.8410902e+01
   1.1500000e+02   5.8364933e+01
   1.1525000e+02   5.8319078e+01
   1.1550000e+02   5.8273337e+01
   1.1575000e+02   5.8227711e+01
   1.1600000e+02   5.8182198e+01
   1.1625000e+02   5.8136800e+01
   1.1650000e+02   5.8091514e+01
   1.1675000e+02   5.8046342e+01
   1.1700000e+02   5.8001283e+01
   1.1725000e+02   5.7956336e+01
   1.1750000e+02   5.7911501e+01
   1.1775000e+02   5.7866778e+01
   1.1800000e+02   5.7822167e+01
   1.1825000e+02   5.7777667e+01
   1.1850000e+02   5.7733278e+01
   1.1875000e+02   5.7689001e+01
   1.1900000e+02   5.7644833e+01
   1.1925000e+02   5.7600776e+01
   1.1950000e+02   5.7556829e+01
   1.1975000e+02   5.7512992e+01
   1.2000000e+02   5.7469264e+01
   1.2025000e+02   5.7425646e+01
   1.2050000e+02   5.7382136e+01
   1.2075000e+02   5.7338735e+01
   1.2100000e+02   5.7295442e+01
   1.2125000e+02   5.7252258e+01
   1.2150000e+02   5.7209181e+01
   1.2175000e+02   5.7166212e+01
   1.2200000e+02   5.7123350e+01
   1.2225000e+02   5.7080595e+01
   1.2250000e+02   5.7037947e+01
   1.2275000e+02   5.6995405e+01
   1.2300000e+02   5.6952970e+01
   1.2325000e+02   5.6910640e+01
   1.2350000e+02   5.6868416e+01
   1.2375000e+02   5.6826298e+01
   1.2400000e+02   5.6784285e+01
   1.2425000e+02   5.6742376e+01
   1.2450000e+02   5.6700573e+01
   1.2475000e+02   5.6658873e+01
   1.2500000e+02   5.6617278e+01
   1.2525000e+02   5.6575787e+01
   1.2550000e+02   5.6534399e+01
   1.2575000e+02   5.6493115e+01
   1.2600000e+02   5.6451934e+01
   1.2625000e+02   5.6410855e+01
   1.2650000e+02   5.6369879e+01
   1.2675000e+02   5.6329006e+01
   1.2700000e+02   5.6288234e+01
   1.2725000e+02   5.6247564e+01
   1.2750000e+02   5.6206996e+01
   1.2775000e+02   5.6166529e+01
   1.2800000e+02   5.6126163e+01
   1.2825000e+02   5.6085898e+01
   1.2850000e+02   5.6045734e+01
   1.2875000e+02   5.6005670e+01
   1.2900000e+02   5.5965705e+01
   1.2925000e+02   5.5925841e+01
   1.2950000e+02   5.5886076e+01
   1.2975000e+02   5.5846411e+01
   1.3000000e+02   5.5806844e+01
   1.3025000e+02   5.5767376e+01
   1.3050000e+02   5.5728007e+01
   1.3075000e+02   5.5688736e+01
   1.3100000e+02   5.5649563e+01
   1.3125000e+02   5.5610488e+01
   1.3150000e+02   5.5571511e+01
   1.3175000e+02   5.5532631e+01
   1.3200000e+02   5.5493848e+01
   1.3225000e+02   5.5455161e+01
   1.3250000e+02   5.5416572e+01
   1.3275000e+02   5.5378078e+01
   1.3300000e+02   5.5339681e+01
   1.3325000e+02   5.5301380e+01
   1.3350000e+02   5.5263174e+01
   1.3375000e+02   5.5225064e+01
   1.3400000e+02   5.5187049e+01
   1.3425000e+02   5.5149129e+01
   1.3450000e+02   5.5111303e+01
   1.3475000e+02   5.5073572e+01
   1.3500000e+02   5.5035935e+01
   1.3525000e+02   5.4998392e+01
   1.3550000e+02   5.4960943e+01
   1.3575000e+02   5.4923587e+01
   1.3600000e+02   5.4886325e+01
   1.3625000e+02   5.4849156e+01
   1.3650000e+02   5.4812079e+01
   1.3675000e+02   5.4775095e+01
   1.3700000e+02   5.4738204e+01
   1.3725000e+02   5.4701404e+01
   1.3750000e+02   5.4664697e+01
   1.3775000e+02   5.4628081e+01
   1.3800000e+02   5.4591556e+01
   1.3825000e+02   5.4555123e+01
   1.3850000e+02   5.4518780e+01
   1.3875000e+02   5.4482529e+01
   1.3900000e+02   5.4446368e+01
   1.3925000e+02   5.4410297e+01
   1.3950000e+02   5.4374316e+01
   1.3975000e+02   5.4338425e+01
   1.4000000e+02   5.4302624e+01
   1.4025000e+02   5.4266912e+01
   1.4050000e+02   5.4231289e+01
   1.4075000e+02   5.4195755e+01
   1.4100000e+02   5.4160310e+01
   1.4125000e+02   5.4124954e+01
   1.4150000e+02   5.4089686e+01
   1.4175000e+02   5.4054505e+01
   1.4200000e+02   5.4019413e+01
   1.4225000e+02   5.3984408e+01
   1.4250000e+02   5.3949491e+01
   1.4275000e+02   5.3914661e+01
   1.4300000e+02   5.3879917e+01
   1.4325000e+02   5.3845261e+01
   1.4350000e+02   5.3810691e+01
   1.4375000e+02   5.3776208e+01
   1.4400000e+02   5.3741810e+01
   1.4425000e+02   5.3707498e+01
   1.4450000e+02   5.3673272e+01
   1.4475000e+02   5.3639132e+01
   1.4500000e+02   5.3605077e+01
   1.4525000e+02   5.3571106e+01
   1.4550000e+02   5.3537221e+01
   1.4575000e+02   5.3503420e+01
   1.4600000e+02   5.3469704e+01
   1.4625000e+02   5.3436072e+01
   1.4650000e+02   5.3402524e+01
   1.4675000e+02   5.3369059e+01
   1.4700000e+02   5.3335678e+01
   1.4725000e+02   5.3302381e+01
   1.4750000e+02   5.3269166e+01
   1.4775000e+02   5.3236035e+01
   1.4800000e+02   5.3202986e+01
   1.4825000e+02   5.3170020e+01
   1.4850000e+02   5.3137136e+01
   1.4875000e+02   5.3104334e+01
   1.4900000e+02   5.3071614e+01
   1.4925000e+02   5.3038976e+01
   1.4950000e+02   5.3006419e+01
   1.4975000e+02   5.2973944e+01
   1.5000000e+02   5.2941549e+01
   1.5025000e+02   5.2909236e+01
   1.5050000e+02   5.2877003e+01
   1.5075000e+02   5.2844851e+01
   1.5100000e+02   5.2812779e+01
   1.5125000e+02   5.2780787e+01
   1.5150000e+02   5.2748875e+01
   1.5175000e+02   5.2717042e+01
   1.5200000e+02   5.2685289e+01
   1.5225000e+02   5.2653616e+01
   1.5250000e+02   5.2622021e+01
   1.5275000e+02   5.2590506e+01
   1.5300000e+02   5.2559069e+01
   1.5325000e+02   5.2527710e+01
   1.5350000e+02   5.2496430e+01
   1.5375000e+02   5.2465228e+01
   1.5400000e+02   5.2434104e+01
   1.5425000e+02   5.2403057e+01
   1.5450000e+02   5.2372089e+01
   1.5475000e+02   5.2341197e+01
   1.5500000e+02   5.2310382e+01
   1.5525000e+02   5.2279645e+01
   1.5550000e+02   5.2248984e+01
   1.5575000e+02   5.2218400e+01
   1.5600000e+02   5.2187892e+01
   1.5625000e+02   5.2157460e+01
   1.5650000e+02   5.2127105e+01
   1.5675000e+02   5.2096825e+01
   1.5700000e+02   5.2066621e+01
   1.5725000e+02   5.2036492e+01
   1.5750000e+02   5.2006438e+01
   1.5775000e+02   5.1976459e+01
   1.5800000e+02   5.1946556e+01
   1.5825000e+02   5.1916727e+01
   1.5850000e+02   5.1886972e+01
   1.5875000e+02   5.1857292e+01
   1.5900000e+02   5.1827685e+01
   1.5925000e+02   5.1798153e+01
   1.5950000e+02   5.1768695e+01
   1.5975000e+02   5.1739310e+01
   1.6000000e+02   5.1709998e+01
   1.6025000e+02   5.1680760e+01
   1.6050000e+02   5.1651594e+01
   1.6075000e+02   5.1622502e+01
   1.6100000e+02   5.1593482e+01
   1.6125000e+02   5.1564534e+01
   1.6150000e+02   5.1535659e+01
   1.6175000e+02   5.1506856e+01
   1.6200000e+02   5.1478125e+01
   1.6225000e+02   5.1449465e+01
   1.6250000e+02   5.1420877e+01
   1.6275000e+02   5.1392361e+01
   1.6300000e+02   5.1363915e+01
   1.6325000e+02   5.1335541e+01
   1.6350000e+02   5.1307238e+01
   1.6375000e+02   5.1279005e+01
   1.6400000e+02   5.1250842e+01
   1.6425000e+02   5.1222750e+01
   1.6450000e+02   5.1194729e+01
   1.6475000e+02   5.1166777e+01
   1.6500000e+02   5.1138895e+01
   1.6525000e+02   5.1111082e+01
   1.6550000e+02   5.1083339e+01
   1.6575000e+02   5.1055665e+01
   1.6600000e+02   5.1028061e+01
   1.6625000e+02   5.1000525e+01
   1.6650000e+02   5.0973058e+01
   1.6675000e+02   5.0945660e+01
   1.6700000e+02   5.0918330e+01
   1.6725000e+02   5.0891068e+01
   1.6750000e+02   5.0863874e+01
   1.6775000e+02   5.0836749e+01
   1.6800000e+02   5.0809691e+01
   1.6825000e+02   5.0782700e+01
   1.6850000e+02   5.0755777e+01
   1.6875000e+02   5.0728921e+01
   1.6900000e+02   5.0702132e+01
   1.6925000e+02   5.0675410e+01
   1.6950000e+02   5.0648755e+01
   1.6975000e+02   5.0622167e+01
   1.7000000e+02   5.0595644e+01
   1.7025000e+02   5.0569188e+01
   1.7050000e+02   5.0542798e+01
   1.7075000e+02   5.0516474e+01
   1.7100000e+02   5.0490216e+01
   1.7125000e+02   5.0464023e+01
   1.7150000e+02   5.0437896e+01
   1.7175000e+02   5.0411834e+01
   1.7200000e+02   5.0385837e+01
   1.7225000e+02   5.0359904e+01
   1.7250000e+02   5.0334037e+01
   1.7275000e+02   5.0308234e+01
   1.7300000e+02   5.0282496e+01
   1.7325000e+02   5.0256822e+01
   1.7350000e+02   5.0231212e+01
   1.7375000e+02   5.0205666e+01
   1.7400000e+02   5.0180183e+01
   1.7425000e+02   5.0154765e+01
   1.7450000e+02   5.0129409e+01
   1.7475000e+02   5.0104117e+01
   1.7500000e+02   5.0078889e+01
   1.7525000e+02   5.0053723e+01
   1.7550000e+02   5.0028620e+01
   1.7575000e+02   5.0003580e+01
   1.7600000e+02   4.9978602e+01
   1.7625000e+02   4.9953687e+01
   1.7650000e+02   4.9928834e+01
   1.7675000e+02   4.9904043e+01
   1.7700000e+02   4.9879313e+01
   1.7725000e+02   4.9854646e+01
   1.7750000e+02   4.9830040e+01
   1.7775000e+02   4.9805496e+01
   1.7800000e+02   4.9781013e+01
   1.7825000e+02   4.9756591e+01
   1.7850000e+02   4.9732230e+01
   1.7875000e+02   4.9707929e+01
   1.7900000e+02   4.9683690e+01
   1.7925000e+02   4.9659511e+01
   1.7950000e+02   4.9635392e+01
   1.7975000e+02   4.9611334e+01
   1.8000000e+02   4.9587336e+01
   1.8025000e+02   4.9563397e+01
   1.8050000e+02   4.9539518e+01
   1.8075000e+02   4.9515699e+01
   1.8100000e+02   4.9491940e+01
   1.8125000e+02   4.9468240e+01
   1.8150000e+02   4.9444599e+01
   1.8175000e+02   4.9421017e+01
   1.8200000e+02   4.9397494e+01
   1.8225000e+02   4.9374029e+01
   1.8250000e+02   4.9350623e+01
   1.8275000e+02   4.9327276e+01
   1.8300000e+02   4.9303987e+01
   1.8325000e+02   4.9280756e+01
   1.8350000e+02   4.9257583e+01
   1.8375000e+02   4.9234468e+01
   1.8400000e+02   4.9211411e+01
   1.8425000e+02   4.9188411e+01
   1.8450000e+02   4.9165469e+01
   1.8475000e+02   4.9142584e+01
   1.8500000e+02   4.9119756e+01
   1.8525000e+02   4.9096985e+01
   1.8550000e+02   4.9074271e+01
   1.8575000e+02   4.9051613e+01
   1.8600000e+02   4.9029013e+01
   1.8625000e+02   4.9006468e+01
   1.8650000e+02   4.8983980e+01
   1.8675000e+02   4.8961548e+01
   1.8700000e+02   4.8939172e+01
   1.8725000e+02   4.8916852e+01
   1.8750000e+02   4.8894588e+01
   1.8775000e+02   4.8872379e+01
   1.8800000e+02   4.8850226e+01
   1.8825000e+02   4.8828128e+01
   1.8850000e+02   4.8806085e+01
   1.8875000e+02   4.8784098e+01
   1.8900000e+02   4.8762165e+01
   1.8925000e+02   4.8740287e+01
   1.8950000e+02   4.8718463e+01
   1.8975000e+02   4.8696694e+01
   1.9000000e+02   4.8674980e+01
   1.9025000e+02   4.8653320e+01
   1.9050000e+02   4.8631713e+01
   1.9075000e+02   4.8610161e+01
   1.9100000e+02   4.8588662e+01
   1.9125000e+02   4.8567218e+01
   1.9150000e+02   4.8545826e+01
   1.9175000e+02   4.8524488e+01
   1.9200000e+02   4.8503204e+01
   1.9225000e+02   4.8481972e+01
   1.9250000e+02   4.8460794e+01
   1.9275000e+02   4.8439668e+01
   1.9300000e+02   4.8418596e+01
   1.9325000e+02   4.8397575e+01
   1.9350000e+02   4.8376608e+01
   1.9375000e+02   4.8355692e+01
   1.9400000e+02   4.8334829e+01
   1.9425000e+02   4.8314018e+01
   1.9450000e+02   4.8293259e+01
   1.9475000e+02   4.8272552e+01
   1.9500000e+02   4.8251896e+01
   1.9525000e+02   4.8231292e+01
   1.9550000e+02   4.8210740e+01
   1.9575000e+02   4.8190238e+01
   1.9600000e+02   4.8169788e+01
   1.9625000e+02   4.8149389e+01
   1.9650000e+02   4.8129041e+01
   1.9675000e+02   4.8108744e+01
   1.9700000e+02   4.8088498e+01
   1.9725000e+02   4.8068302e+01
   1.9750000e+02   4.8048156e+01
   1.9775000e+02   4.8028061e+01
   1.9800000e+02   4.8008016e+01
   1.9825000e+02   4.7988021e+01
   1.9850000e+02   4.7968076e+01
   1.9875000e+02   4.7948180e+01
   1.9900000e+02   4.7928335e+01
   1.9925000e+02   4.7908539e+01
   1.9950000e+02   4.7888792e+01
   1.9975000e+02   4.7869095e+01
   2.0000000e+02   4.7849446e+01
   2.0025000e+02   4.7829847e+01
   2.0050000e+02   4.7810297e+01
   2.0075000e+02   4.7790796e+01
   2.0100000e+02   4.7771343e+01
   2.0125000e+02   4.7751939e+01
   2.0150000e+02   4.7732583e+01
   2.0175000e+02   4.7713276e+01
   2.0200000e+02   4.7694017e+01
   2.0225000e+02   4.7674806e+01
   2.0250000e+02   4.7655643e+01
   2.0275000e+02   4.7636528e+01
   2.0300000e+02   4.7617460e+01
   2.0325000e+02   4.7598440e+01
   2.0350000e+02   4.7579468e+01
   2.0375000e+02   4.7560543e+01
   2.0400000e+02   4.7541665e+01
   2.0425000e+02   4.7522835e+01
   2.0450000e+02   4.7504051e+01
   2.0475000e+02   4.7485314e+01
   2.0500000e+02   4.7466624e+01
   2.0525000e+02   4.7447981e+01
   2.0550000e+02   4.7429384e+01
   2.0575000e+02   4.7410834e+01
   2.0600000e+02   4.7392330e+01
   2.0625000e+02   4.7373873e+01
   2.0650000e+02   4.7355461e+01
   2.0675000e+02   4.7337095e+01
   2.0700000e+02   4.7318775e+01
   2.0725000e+02   4.7300501e+01
   2.0750000e+02   4.7282273e+01
   2.0775000e+02   4.7264090e+01
   2.0800000e+02   4.7245952e+01
   2.0825000e+02   4.7227860e+01
   2.0850000e+02   4.7209813e+01
   2.0875000e+02   4.7191811e+01
   2.0900000e+02   4.7173854e+01
   2.0925000e+02   4.7155942e+01
   2.0950000e+02   4.7138074e+01
   2.0975000e+02   4.7120251e+01
   2.1000000e+02   4.7102473e+01
   2.1025000e+02   4.7084739e+01
   2.1050000e+02   4.7067049e+01
   2.1075000e+02   4.7049404e+01
   2.1100000e+02   4.7031802e+01
   2.1125000e+02   4.7014245e+01
   2.1150000e+02   4.6996731e+01
   2.1175000e+02   4.6979261e+01
   2.1200000e+02   4.6961834e+01
   2.1225000e+02   4.6944452e+01
   2.1250000e+02   4.6927112e+01
   2.1275000e+02   4.6909816e+01
   2.1300000e+02   4.6892563e+01
   2.1325000e+02   4.6875353e+01
   2.1350000e+02   4.6858186e+01
   2.1375000e+02   4.6841062e+01
   2.1400000e+02   4.6823981e+01
   2.1425000e+02   4.6806942e+01
   2.1450000e+02   4.6789946e+01
   2.1475000e+02   4.6772992e+01
   2.1500000e+02   4.6756081e+01
   2.1525000e+02   4.6739212e+01
   2.1550000e+02   4.6722385e+01
   2.1575000e+02   4.6705600e+01
   2.1600000e+02   4.6688857e+01
   2.1625000e+02   4.6672156e+01
   2.1650000e+02   4.6655496e+01
   2.1675000e+02   4.6638878e+01
   2.1700000e+02   4.6622302e+01
   2.1725000e+02   4.6605767e+01
   2.1750000e+02   4.6589273e+01
   2.1775000e+02   4.6572820e+01
   2.1800000e+02   4.6556409e+01
   2.1825000e+02   4.6540038e+01
   2.1850000e+02   4.6523709e+01
   2.1875000e+02   4.6507420e+01
   2.1900000e+02   4.6491171e+01
   2.1925000e+02   4.6474964e+01
   2.1950000e+02   4.6458797e+01
   2.1975000e+02   4.6442670e+01
   2.2000000e+02   4.6426583e+01
   2.2025000e+02   4.6410537e+01
   2.2050000e+02   4.6394530e+01
   2.2075000e+02   4.6378564e+01
   2.2100000e+02   4.6362638e+01
   2.2125000e+02   4.6346751e+01
   2.2150000e+02   4.6330904e+01
   2.2175000e+02   4.6315096e+01
   2.2200000e+02   4.6299328e+01
   2.2225000e+02   4.6283600e+01
   2.2250000e+02   4.6267910e+01
   2.2275000e+02   4.6252260e+01
   2.2300000e+02   4.6236649e+01
   2.2325000e+02   4.6221077e+01
   2.2350000e+02   4.6205544e+01
   2.2375000e+02   4.6190049e+01
   2.2400000e+02   4.6174593e+01
   2.2425000e+02   4.6159176e+01
   2.2450000e+02   4.6143797e+01
   2.2475000e+02   4.6128457e+01
   2.2500000e+02   4.6113155e+01
   2.2525000e+02   4.6097891e+01
   2.2550000e+02   4.6082666e+01
   2.2575000e+02   4.6067478e+01
   2.2600000e+02   4.6052328e+01
   2.2625000e+02   4.6037216e+01
   2.2650000e+02   4.6022142e+01
   2.2675000e+02   4.6007105e+01
   2.2700000e+02   4.5992106e+01
   2.2725000e+02   4.5977145e+01
   2.2750000e+02   4.5962221e+01
   2.2775000e+02   4.5947334e+01
   2.2800000e+02   4.5932484e+01
   2.2825000e+02   4.5917671e+01
   2.2850000e+02   4.5902896e+01
   2.2875000e+02   4.5888157e+01
   2.2900000e+02   4.5873455e+01
   2.2925000e+02   4.5858789e+01
   2.2950000e+02   4.5844161e+01
   2.2975000e+02   4.5829569e+01
   2.3000000e+02   4.5815013e+01
   2.3025000e+02   4.5800494e+01
   2.3050000e+02   4.5786010e+01
   2.3075000e+02   4.5771563e+01
   2.3100000e+02   4.5757153e+01
   2.3125000e+02   4.5742778e+01
   2.3150000e+02   4.5728439e+01
   2.3175000e+02   4.5714135e+01
   2.3200000e+02   4.5699868e+01
   2.3225000e+02   4.5685636e+01
   2.3250000e+02   4.5671440e+01
   2.3275000e+02   4.5657279e+01
   2.3300000e+02   4.5643153e+01
   2.3325000e+02   4.5629063e+01
   2.3350000e+02   4.5615008e+01
   2.3375000e+02   4.5600988e+01
   2.3400000e+02   4.5587003e+01
   2.3425000e+02   4.5573053e+01
   2.3450000e+02   4.5559138e+01
   2.3475000e+02   4.5545257e+01
   2.3500000e+02   4.5531411e+01
   2.3525000e+02   4.5517600e+01
   2.3550000e+02   4.5503823e+01
   2.3575000e+02   4.5490081e+01
   2.3600000e+02   4.5476373e+01
   2.3625000e+02   4.5462699e+01
   2.3650000e+02   4.5449059e+01
   2.3675000e+02   4.5435454e+01
   2.3700000e+02   4.5421882e+01
   2.3725000e+02   4.5408344e+01
   2.3750000e+02   4.5394840e+01
   2.3775000e+02   4.5381370e+01
   2.3800000e+02   4.5367933e+01
   2.3825000e+02   4.5354530e+01
   2.3850000e+02   4.5341161e+01
   2.3875000e+02   4.5327825e+01
   2.3900000e+02   4.5314522e+01
   2.3925000e+02   4.5301252e+01
   2.3950000e+02   4.5288015e+01
   2.3975000e+02   4.5274812e+01
   2.4000000e+02   4.5261641e+01
   2.4025000e+02   4.5248504e+01
   2.4050000e+02   4.5235399e+01
   2.4075000e+02   4.5222327e+01
   2.4100000e+02   4.5209287e+01
   2.4125000e+02   4.5196280e+01
   2.4150000e+02   4.5183306e+01
   2.4175000e+02   4.5170364e+01
   2.4200000e+02   4.5157454e+01
   2.4225000e+02   4.5144576e+01
   2.4250000e+02   4.5131731e+01
   2.4275000e+02   4.5118918e+01
   2.4300000e+02   4.5106136e+01
   2.4325000e+02   4.5093387e+01
   2.4350000e+02   4.5080669e+01
   2.4375000e+02   4.5067984e+01
   2.4400000e+02   4.5055329e+01
   2.4425000e+02   4.5042707e+01
   2.4450000e+02   4.5030116e+01
   2.4475000e+02   4.5017556e+01
   2.4500000e+02   4.5005028e+01
   2.4525000e+02   4.4992531e+01
   2.4550000e+02   4.4980065e+01
   2.4575000e+02   4.4967631e+01
   2.4600000e+02   4.4955227e+01
   2.4625000e+02   4.4942855e+01
   2.4650000e+02   4.4930513e+01
   2.4675000e+02   4.4918202e+01
   2.4700000e+02   4.4905922e+01
   2.4725000e+02   4.4893672e+01
   2.4750000e+02   4.4881453e+01
   2.4775000e+02   4.4869265e+01
   2.4800000e+02   4.4857107e+01
   2.4825000e+02   4.4844979e+01
   2.4850000e+02   4.4832882e+01
   2.4875000e+02   4.4820815e+01
   2.4900000e+02   4.4808778e+01
   2.4925000e+02   4.4796771e+01
   2.4950000e+02   4.4784794e+01
   2.4975000e+02   4.4772847e+01
   2.5000000e+02   4.4760930e+01
   2.5025000e+02   4.4749042e+01
   2.5050000e+02   4.4737185e+01
   2.5075000e+02   4.4725357e+01
   2.5100000e+02   4.4713558e+01
   2.5125000e+02   4.4701789e+01
   2.5150000e+02   4.4690049e+01
   2.5175000e+02   4.4678338e+01
   2.5200000e+02   4.4666657e+01
   2.5225000e+02   4.4655005e+01
   2.5250000e+02   4.4643382e+01
   2.5275000e+02   4.4631788e+01
   2.5300000e+02   4.4620223e+01
   2.5325000e+02   4.4608687e+01
   2.5350000e+02   4.4597180e+01
   2.5375000e+02   4.4585701e+01
   2.5400000e+02   4.4574251e+01
   2.5425000e+02   4.4562830e+01
   2.5450000e+02   4.4551437e+01
   2.5475000e+02   4.4540073e+01
   2.5500000e+02   4.4528737e+01
   2.5525000e+02   4.4517429e+01
   2.5550000e+02   4.4506149e+01
   2.5575000e+02   4.4494898e+01
   2.5600000e+02   4.4483675e+01
   2.5625000e+02   4.4472480e+01
   2.5650000e+02   4.4461313e+01
   2.5675000e+02   4.4450173e+01
   2.5700000e+02   4.4439062e+01
   2.5725000e+02   4.4427978e+01
   2.5750000e+02   4.4416922e+01
   2.5775000e+02   4.4405893e+01
   2.5800000e+02   4.4394892e+01
   2.5825000e+02   4.4383919e+01
   2.5850000e+02   4.4372973e+01
   2.5875000e+02   4.4362054e+01
   2.5900000e+02   4.4351162e+01
   2.5925000e+02   4.4340298e+01
   2.5950000e+02   4.4329461e+01
   2.5975000e+02   4.4318651e+01
   2.6000000e+02   4.4307868e+01
   2.6025000e+02   4.4297111e+01
   2.6050000e+02   4.4286382e+01
   2.6075000e+02   4.4275679e+01
   2.6100000e+02   4.4265004e+01
   2.6125000e+02   4.4254354e+01
   2.6150000e+02   4.4243732e+01
   2.6175000e+02   4.4233136e+01
   2.6200000e+02   4.4222566e+01
   2.6225000e+02   4.4212023e+01
   2.6250000e+02   4.4201506e+01
   2.6275000e+02   4.4191015e+01
   2.6300000e+02   4.4180551e+01
   2.6325000e+02   4.4170112e+01
   2.6350000e+02   4.4159700e+01
   2.6375000e+02   4.4149314e+01
   2.6400000e+02   4.4138954e+01
   2.6425000e+02   4.4128619e+01
   2.6450000e+02   4.4118311e+01
   2.6475000e+02   4.4108028e+01
   2.6500000e+02   4.4097770e+01
   2.6525000e+02   4.4087539e+01
   2.6550000e+02   4.4077333e+01
   2.6575000e+02   4.4067152e+01
   2.6600000e+02   4.4056997e+01
   2.6625000e+02   4.4046867e+01
   2.6650000e+02   4.4036763e+01
   2.6675000e+02   4.4026683e+01
   2.6700000e+02   4.4016629e+01
   2.6725000e+02   4.4006600e+01
   2.6750000e+02   4.3996596e+01
   2.6775000e+02   4.3986617e+01
   2.6800000e+02   4.3976663e+01
   2.6825000e+02   4.3966734e+01
   2.6850000e+02   4.3956829e+01
   2.6875000e+02   4.3946950e+01
   2.6900000e+02   4.3937094e+01
   2.6925000e+02   4.3927264e+01
   2.6950000e+02   4.3917458e+01
   2.6975000e+02   4.3907677e+01
   2.7000000e+02   4.3897920e+01
   2.7025000e+02   4.3888187e+01
   2.7050000e+02   4.3878479e+01
   2.7075000e+02   4.3868795e+01
   2.7100000e+02   4.3859135e+01
   2.7125000e+02   4.3849499e+01
   2.7150000e+02   4.3839887e+01
   2.7175000e+02   4.3830300e+01
   2.7200000e+02   4.3820736e+01
   2.7225000e+02   4.3811196e+01
   2.7250000e+02   4.3801680e+01
   2.7275000e+02   4.3792187e+01
   2.7300000e+02   4.3782719e+01
   2.7325000e+02   4.3773274e+01
   2.7350000e+02   4.3763852e+01
   2.7375000e+02   4.3754455e+01
   2.7400000e+02   4.3745080e+01
   2.7425000e+02   4.3735729e+01
   2.7450000e+02   4.3726401e+01
   2.7475000e+02   4.3717097e+01
   2.7500000e+02   4.3707816e+01
   2.7525000e+02   4.3698558e+01
   2.7550000e+02   4.3689323e+01
   2.7575000e+02   4.3680111e+01
   2.7600000e+02   4.3670923e+01
   2.7625000e+02   4.3661757e+01
   2.7650000e+02   4.3652614e+01
   2.7675000e+02   4.3643494e+01
   2.7700000e+02   4.3634396e+01
   2.7725000e+02   4.3625322e+01
   2.7750000e+02   4.3616270e+01
   2.7775000e+02   4.3607240e+01
   2.7800000e+02   4.3598233e+01
   2.7825000e+02   4.3589249e+01
   2.7850000e+02   4.3580287e+01
   2.7875000e+02   4.3571348e+01
   2.7900000e+02   4.3562430e+01
   2.7925000e+02   4.3553535e+01
   2.7950000e+02   4.3544663e+01
   2.7975000e+02   4.3535812e+01
   2.8000000e+02   4.3526984e+01
   2.8025000e+02   4.3518177e+01
   2.8050000e+02   4.3509393e+01
   2.8075000e+02   4.3500630e+01
   2.8100000e+02   4.3491890e+01
   2.8125000e+02   4.3483171e+01
   2.8150000e+02   4.3474474e+01
   2.8175000e+02   4.3465798e+01
   2.8200000e+02   4.3457145e+01
   2.8225000e+02   4.3448513e+01
   2.8250000e+02   4.3439902e+01
   2.8275000e+02   4.3431313e+01
   2.8300000e+02   4.3422746e+01
   2.8325000e+02   4.3414199e+01
   2.8350000e+02   4.3405674e+01
   2.8375000e+02   4.3397171e+01
   2.8400000e+02   4.3388689e+01
   2.8425000e+02   4.3380227e+01
   2.8450000e+02   4.3371787e+01
   2.8475000e+02   4.3363369e+01
   2.8500000e+02   4.3354971e+01
   2.8525000e+02   4.3346594e+01
   2.8550000e+02   4.3338238e+01
   2.8575000e+02   4.3329902e+01
   2.8600000e+02   4.3321588e+01
   2.8625000e+02   4.3313294e+01
   2.8650000e+02   4.3305022e+01
   2.8675000e+02   4.3296769e+01
   2.8700000e+02   4.3288538e+01
   2.8725000e+02   4.3280327e+01
   2.8750000e+02   4.3272136e+01
   2.8775000e+02   4.3263966e+01
   2.8800000e+02   4.3255816e+01
   2.8825000e+02   4.3247687e+01
   2.8850000e+02   4.3239578e+01
   2.8875000e+02   4.3231489e+01
   2.8900000e+02   4.3223420e+01
   2.8925000e+02   4.3215372e+01
   2.8950000e+02   4.3207343e+01
   2.8975000e+02   4.3199335e+01
   2.9000000e+02   4.3191347e+01
   2.9025000e+02   4.3183378e+01
   2.9050000e+02   4.3175430e+01
   2.9075000e+02   4.3167501e+01
   2.9100000e+02   4.3159592e+01
   2.9125000e+02   4.3151703e+01
   2.9150000e+02   4.3143834e+01
   2.9175000e+02   4.3135984e+01
   2.9200000e+02   4.3128154e+01
   2.9225000e+02   4.3120343e+01
   2.9250000e+02   4.3112552e+01
   2.9275000e+02   4.3104780e+01
   2.9300000e+02   4.3097028e+01
   2.9325000e+02   4.3089295e+01
   2.9350000e+02   4.3081582e+01
   2.9375000e+02   4.3073887e+01
   2.9400000e+02   4.3066212e+01
   2.9425000e+02   4.3058556e+01
   2.9450000e+02   4.3050919e+01
   2.9475000e+02   4.3043302e+01
   2.9500000e+02   4.3035703e+01
   2.9525000e+02   4.3028123e+01
   2.9550000e+02   4.3020562e+01
   2.9575000e+02   4.3013020e+01
   2.9600000e+02   4.3005497e+01
   2.9625000e+02   4.2997993e+01
   2.9650000e+02   4.2990507e+01
   2.9675000e+02   4.2983040e+01
   2.9700000e+02   4.2975592e+01
   2.9725000e+02   4.2968162e+01
   2.9750000e+02   4.2960751e+01
   2.9775000e+02   4.2953359e+01
   2.9800000e+02   4.2945984e+01
   2.9825000e+02   4.2938629e+01
   2.9850000e+02   4.2931291e+01
   2.9875000e+02   4.2923972e+01
   2.9900000e+02   4.2916671e+01
   2.9925000e+02   4.2909389e+01
   2.9950000e+02   4.2902124e+01
   2.9975000e+02   4.2894878e+01
   3.0000000e+02   4.2887650e+01
   3.0025000e+02   4.2880440e+01
   3.0050000e+02   4.2873248e+01
   3.0075000e+02   4.2866074e+01
   3.0100000e+02   4.2858917e+01
   3.0125000e+02   4.2851779e+01
   3.0150000e+02   4.2844658e+01
   3.0175000e+02   4.2837556e+01
   3.0200000e+02   4.2830471e+01
   3.0225000e+02   4.2823403e+01
   3.0250000e+02   4.2816354e+01
   3.0275000e+02   4.2809322e+01
   3.0300000e+02   4.2802307e+01
   3.0325000e+02   4.2795310e+01
   3.0350000e+02   4.2788330e+01
   3.0375000e+02   4.2781368e+01
   3.0400000e+02   4.2774424e+01
   3.0425000e+02   4.2767496e+01
   3.0450000e+02   4.2760586e+01
   3.0475000e+02   4.2753693e+01
   3.0500000e+02   4.2746818e+01
   3.0525000e+02   4.2739959e+01
   3.0550000e+02   4.2733118e+01
   3.0575000e+02   4.2726294e+01
   3.0600000e+02   4.2719486e+01
   3.0625000e+02   4.2712696e+01
   3.0650000e+02   4.2705923e+01
   3.0675000e+02   4.2699166e+01
   3.0700000e+02   4.2692427e+01
   3.0725000e+02   4.2685704e+01
   3.0750000e+02   4.2678998e+01
   3.0775000e+02   4.2672309e+01
   3.0800000e+02   4.2665637e+01
   3.0825000e+02   4.2658981e+01
   3.0850000e+02   4.2652342e+01
   3.0875000e+02   4.2645719e+01
   3.0900000e+02   4.2639113e+01
   3.0925000e+02   4.2632524e+01
   3.0950000e+02   4.2625951e+01
   3.0975000e+02   4.2619394e+01
   3.1000000e+02   4.2612854e+01
   3.1025000e+02   4.2606330e+01
   3.1050000e+02   4.2599822e+01
   3.1075000e+02   4.2593331e+01
   3.1100000e+02   4.2586855e+01
   3.1125000e+02   4.2580396e+01
   3.1150000e+02   4.2573953e+01
   3.1175000e+02   4.2567527e+01
   3.1200000e+02   4.2561116e+01
   3.1225000e+02   4.2554721e+01
   3.1250000e+02   4.2548342e+01
   3.1275000e+02   4.2541979e+01
   3.1300000e+02   4.2535632e+01
   3.1325000e+02   4.2529301e+01
   3.1350000e+02   4.2522986e+01
   3.1375000e+02   4.2516686e+01
   3.1400000e+02   4.2510402e+01
   3.1425000e+02   4.2504134e+01
   3.1450000e+02   4.2497882e+01
   3.1475000e+02   4.2491645e+01
   3.1500000e+02   4.2485423e+01
   3.1525000e+02   4.2479218e+01
   3.1550000e+02   4.2473027e+01
   3.1575000e+02   4.2466852e+01
   3.1600000e+02   4.2460693e+01
   3.1625000e+02   4.2454549e+01
   3.1650000e+02   4.2448420e+01
   3.1675000e+02   4.2442307e+01
   3.1700000e+02   4.2436209e+01
   3.1725000e+02   4.2430126e+01
   3.1750000e+02   4.2424058e+01
   3.1775000e+02   4.2418005e+01
   3.1800000e+02   4.2411968e+01
   3.1825000e+02   4.2405946e+01
   3.1850000e+02   4.2399938e+01
   3.1875000e+02   4.2393946e+01
   3.1900000e+02   4.2387969e+01
   3.1925000e+02   4.2382006e+01
   3.1950000e+02   4.2376058e+01
   3.1975000e+02   4.2370126e+01
   3.2000000e+02   4.2364208e+01
   3.2025000e+02   4.2358305e+01
   3.2050000e+02   4.2352416e+01
   3.2075000e+02   4.2346543e+01
   3.2100000e+02   4.2340684e+01
   3.2125000e+02   4.2334839e+01
   3.2150000e+02   4.2329009e+01
   3.2175000e+02   4.2323194e+01
   3.2200000e+02   4.2317393e+01
   3.2225000e+02   4.2311607e+01
   3.2250000e+02   4.2305835e+01
   3.2275000e+02   4.2300078e+01
   3.2300000e+02   4.2294335e+01
   3.2325000e+02   4.2288606e+01
   3.2350000e+02   4.2282892e+01
   3.2375000e+02   4.2277192e+01
   3.2400000e+02   4.2271506e+01
   3.2425000e+02   4.2265834e+01
   3.2450000e+02   4.2260177e+01
   3.2475000e+02   4.2254533e+01
   3.2500000e+02   4.2248904e+01
   3.2525000e+02   4.2243289e+01
   3.2550000e+02   4.2237688e+01
   3.2575000e+02   4.2232100e+01
   3.2600000e+02   4.2226527e+01
   3.2625000e+02   4.2220968e+01
   3.2650000e+02   4.2215422e+01
   3.2675000e+02   4.2209891e+01
   3.2700000e+02   4.2204373e+01
   3.2725000e+02   4.2198869e+01
   3.2750000e+02   4.2193378e+01
   3.2775000e+02   4.2187902e+01
   3.2800000e+02   4.2182439e+01
   3.2825000e+02   4.2176990e+01
   3.2850000e+02   4.2171554e+01
   3.2875000e+02   4.2166132e+01
   3.2900000e+02   4.2160723e+01
   3.2925000e+02   4.2155328e+01
   3.2950000e+02   4.2149947e+01
   3.2975000e+02   4.2144578e+01
   3.3000000e+02   4.2139224e+01
   3.3025000e+02   4.2133882e+01
   3.3050000e+02   4.2128554e+01
   3.3075000e+02   4.2123240e+01
   3.3100000e+02   4.2117938e+01
   3.3125000e+02   4.2112650e+01
   3.3150000e+02   4.2107375e+01
   3.3175000e+02   4.2102113e+01
   3.3200000e+02   4.2096864e+01
   3.3225000e+02   4.2091629e+01
   3.3250000e+02   4.2086406e+01
   3.3275000e+02   4.2081197e+01
   3.3300000e+02   4.2076000e+01
   3.3325000e+02   4.2070817e+01
   3.3350000e+02   4.2065646e+01
   3.3375000e+02   4.2060488e+01
   3.3400000e+02   4.2055344e+01
   3.3425000e+02   4.2050212e+01
   3.3450000e+02   4.2045092e+01
   3.3475000e+02   4.2039986e+01
   3.3500000e+02   4.2034893e+01
   3.3525000e+02   4.2029812e+01
   3.3550000e+02   4.2024743e+01
   3.3575000e+02   4.2019688e+01
   3.3600000e+02   4.2014645e+01
   3.3625000e+02   4.2009615e+01
   3.3650000e+02   4.2004597e+01
   3.3675000e+02   4.1999592e+01
   3.3700000e+02   4.1994599e+01
   3.3725000e+02   4.1989619e+01
   3.3750000e+02   4.1984651e+01
   3.3775000e+02   4.1979695e+01
   3.3800000e+02   4.1974752e+01
   3.3825000e+02   4.1969822e+01
   3.3850000e+02   4.1964903e+01
   3.3875000e+02   4.1959997e+01
   3.3900000e+02   4.1955103e+01
   3.3925000e+02   4.1950222e+01
   3.3950000e+02   4.1945352e+01
   3.3975000e+02   4.1940495e+01
   3.4000000e+02   4.1935650e+01
   3.4025000e+02   4.1930817e+01
   3.4050000e+02   4.1925996e+01
   3.4075000e+02   4.1921187e+01
   3.4100000e+02   4.1916390e+01
   3.4125000e+02   4.1911605e+01
   3.4150000e+02   4.1906832e+01
   3.4175000e+02   4.1902070e+01
   3.4200000e+02   4.1897321e+01
   3.4225000e+02   4.1892584e+01
   3.4250000e+02   4.1887858e+01
   3.4275000e+02   4.1883145e+01
   3.4300000e+02   4.1878443e+01
   3.4325000e+02   4.1873752e+01
   3.4350000e+02   4.1869074e+01
   3.4375000e+02   4.1864407e+01
   3.4400000e+02   4.1859752e+01
   3.4425000e+02   4.1855108e+01
   3.4450000e+02   4.1850476e+01
   3.4475000e+02   4.1845856e+01
   3.4500000e+02   4.1841247e+01
   3.4525000e+02   4.1836650e+01
   3.4550000e+02   4.1832064e+01
   3.4575000e+02   4.1827489e+01
   3.4600000e+02   4.1822926e+01
   3.4625000e+02   4.1818375e+01
   3.4650000e+02   4.1813834e+01
   3.4675000e+02   4.1809305e+01
   3.4700000e+02   4.1804788e+01
   3.4725000e+02   4.1800281e+01
   3.4750000e+02   4.1795786e+01
   3.4775000e+02   4.1791303e+01
   3.4800000e+02   4.1786830e+01
   3.4825000e+02   4.1782368e+01
   3.4850000e+02   4.1777918e+01
   3.4875000e+02   4.1773479e+01
   3.4900000e+02   4.1769051e+01
   3.4925000e+02   4.1764633e+01
   3.4950000e+02   4.1760227e+01
   3.4975000e+02   4.1755832e+01
   3.5000000e+02   4.1751448e+01
   3.5025000e+02   4.1747075e+01
   3.5050000e+02   4.1742713e+01
   3.5075000e+02   4.1738362e+01
   3.5100000e+02   4.1734021e+01
   3.5125000e+02   4.1729691e+01
   3.5150000e+02   4.1725373e+01
   3.5175000e+02   4.1721065e+01
   3.5200000e+02   4.1716767e+01
   3.5225000e+02   4.1712481e+01
   3.5250000e+02   4.1708205e+01
   3.5275000e+02   4.1703940e+01
   3.5300000e+02   4.1699685e+01
   3.5325000e+02   4.1695441e+01
   3.5350000e+02   4.1691208e+01
   3.5375000e+02   4.1686985e+01
   3.5400000e+02   4.1682773e+01
   3.5425000e+02   4.1678571e+01
   3.5450000e+02   4.1674380e+01
   3.5475000e+02   4.1670199e+01
   3.5500000e+02   4.1666029e+01
   3.5525000e+02   4.1661869e+01
   3.5550000e+02   4.1657720e+01
   3.5575000e+02   4.1653581e+01
   3.5600000e+02   4.1649452e+01
   3.5625000e+02   4.1645333e+01
   3.5650000e+02   4.1641225e+01
   3.5675000e+02   4.1637127e+01
   3.5700000e+02   4.1633040e+01
   3.5725000e+02   4.1628962e+01
   3.5750000e+02   4.1624895e+01
   3.5775000e+02   4.1620838e+01
   3.5800000e+02   4.1616790e+01
   3.5825000e+02   4.1612754e+01
   3.5850000e+02   4.1608727e+01
   3.5875000e+02   4.1604710e+01
   3.5900000e+02   4.1600703e+01
   3.5925000e+02   4.1596706e+01
   3.5950000e+02   4.1592720e+01
   3.5975000e+02   4.1588743e+01
   3.6000000e+02   4.1584776e+01
   3.6025000e+02   4.1580819e+01
   3.6050000e+02   4.1576872e+01
   3.6075000e+02   4.1572935e+01
   3.6100000e+02   4.1569007e+01
   3.6125000e+02   4.1565089e+01
   3.6150000e+02   4.1561182e+01
   3.6175000e+02   4.1557284e+01
   3.6200000e+02   4.1553395e+01
   3.6225000e+02   4.1549517e+01
   3.6250000e+02   4.1545648e+01
   3.6275000e+02   4.1541788e+01
   3.6300000e+02   4.1537939e+01
   3.6325000e+02   4.1534099e+01
   3.6350000e+02   4.1530268e+01
   3.6375000e+02   4.1526447e+01
   3.6400000e+02   4.1522636e+01
   3.6425000e+02   4.1518834e+01
   3.6450000e+02   4.1515042e+01
   3.6475000e+02   4.1511259e+01
   3.6500000e+02   4.1507485e+01
   3.6525000e+02   4.1503721e+01
   3.6550000e+02   4.1499967e+01
   3.6575000e+02   4.1496222e+01
   3.6600000e+02   4.1492486e+01
   3.6625000e+02   4.1488759e+01
   3.6650000e+02   4.1485042e+01
   3.6675000e+02   4.1481334e+01
   3.6700000e+02   4.1477635e+01
   3.6725000e+02   4.1473946e+01
   3.6750000e+02   4.1470266e+01
   3.6775000e+02   4.1466594e+01
   3.6800000e+02   4.1462933e+01
   3.6825000e+02   4.1459280e+01
   3.6850000e+02   4.1455636e+01
   3.6875000e+02   4.1452002e+01
   3.6900000e+02   4.1448376e+01
   3.6925000e+02   4.1444760e+01
   3.6950000e+02   4.1441152e+01
   3.6975000e+02   4.1437554e+01
   3.7000000e+02   4.1433965e+01
   3.7025000e+02   4.1430384e+01
   3.7050000e+02   4.1426813e+01
   3.7075000e+02   4.1423250e+01
   3.7100000e+02   4.1419696e+01
   3.7125000e+02   4.1416152e+01
   3.7150000e+02   4.1412616e+01
   3.7175000e+02   4.1409088e+01
   3.7200000e+02   4.1405570e+01
   3.7225000e+02   4.1402061e+01
   3.7250000e+02   4.1398560e+01
   3.7275000e+02   4.1395068e+01
   3.7300000e+02   4.1391584e+01
   3.7325000e+02   4.1388110e+01
   3.7350000e+02   4.1384644e+01
   3.7375000e+02   4.1381187e+01
   3.7400000e+02   4.1377738e+01
   3.7425000e+02   4.1374298e+01
   3.7450000e+02   4.1370866e+01
   3.7475000e+02   4.1367444e+01
   3.7500000e+02   4.1364029e+01
   3.7525000e+02   4.1360623e+01
   3.7550000e+02   4.1357226e+01
   3.7575000e+02   4.1353837e+01
   3.7600000e+02   4.1350457e+01
   3.7625000e+02   4.1347085e+01
   3.7650000e+02   4.1343722e+01
   3.7675000e+02   4.1340366e+01
   3.7700000e+02   4.1337020e+01
   3.7725000e+02   4.1333681e+01
   3.7750000e+02   4.1330351e+01
   3.7775000e+02   4.1327030e+01
   3.7800000e+02   4.1323716e+01
   3.7825000e+02   4.1320411e+01
   3.7850000e+02   4.1317114e+01
   3.7875000e+02   4.1313825e+01
   3.7900000e+02   4.1310545e+01
   3.7925000e+02   4.1307273e+01
   3.7950000e+02   4.1304009e+01
   3.7975000e+02   4.1300753e+01
   3.8000000e+02   4.1297505e+01
   3.8025000e+02   4.1294265e+01
   3.8050000e+02   4.1291033e+01
   3.8075000e+02   4.1287810e+01
   3.8100000e+02   4.1284594e+01
   3.8125000e+02   4.1281387e+01
   3.8150000e+02   4.1278187e+01
   3.8175000e+02   4.1274996e+01
   3.8200000e+02   4.1271812e+01
   3.8225000e+02   4.1268637e+01
   3.8250000e+02   4.1265469e+01
   3.8275000e+02   4.1262310e+01
   3.8300000e+02   4.1259158e+01
   3.8325000e+02   4.1256014e+01
   3.8350000e+02   4.1252878e+01
   3.8375000e+02   4.1249749e+01
   3.8400000e+02   4.1246629e+01
   3.8425000e+02   4.1243516e+01
   3.8450000e+02   4.1240411e+01
   3.8475000e+02   4.1237314e+01
   3.8500000e+02   4.1234225e+01
   3.8525000e+02   4.1231143e+01
   3.8550000e+02   4.1228069e+01
   3.8575000e+02   4.1225003e+01
   3.8600000e+02   4.1221944e+01
   3.8625000e+02   4.1218893e+01
   3.8650000e+02   4.1215850e+01
   3.8675000e+02   4.1212814e+01
   3.8700000e+02   4.1209785e+01
   3.8725000e+02   4.1206765e+01
   3.8750000e+02   4.1203752e+01
   3.8775000e+02   4.1200746e+01
   3.8800000e+02   4.1197748e+01
   3.8825000e+02   4.1194757e+01
   3.8850000e+02   4.1191774e+01
   3.8875000e+02   4.1188798e+01
   3.8900000e+02   4.1185830e+01
   3.8925000e+02   4.1182869e+01
   3.8950000e+02   4.1179916e+01
   3.8975000e+02   4.1176970e+01
   3.9000000e+02   4.1174031e+01
   3.9025000e+02   4.1171099e+01
   3.9050000e+02   4.1168175e+01
   3.9075000e+02   4.1165259e+01
   3.9100000e+02   4.1162349e+01
   3.9125000e+02   4.1159447e+01
   3.9150000e+02   4.1156552e+01
   3.9175000e+02   4.1153664e+01
   3.9200000e+02   4.1150783e+01
   3.9225000e+02   4.1147910e+01
   3.9250000e+02   4.1145044e+01
   3.9275000e+02   4.1142185e+01
   3.9300000e+02   4.1139333e+01
   3.9325000e+02   4.1136488e+01
   3.9350000e+02   4.1133651e+01
   3.9375000e+02   4.1130820e+01
   3.9400000e+02   4.1127996e+01
   3.9425000e+02   4.1125180e+01
   3.9450000e+02   4.1122371e+01
   3.9475000e+02   4.1119568e+01
   3.9500000e+02   4.1116773e+01
   3.9525000e+02   4.1113984e+01
   3.9550000e+02   4.1111203e+01
   3.9575000e+02   4.1108428e+01
   3.9600000e+02   4.1105661e+01
   3.9625000e+02   4.1102900e+01
   3.9650000e+02   4.1100146e+01
   3.9675000e+02   4.1097399e+01
   3.9700000e+02   4.1094659e+01
   3.9725000e+02   4.1091926e+01
   3.9750000e+02   4.1089199e+01
   3.9775000e+02   4.1086480e+01
   3.9800000e+02   4.1083767e+01
   3.9825000e+02   4.1081061e+01
   3.9850000e+02   4.1078362e+01
   3.9875000e+02   4.1075669e+01
   3.9900000e+02   4.1072983e+01
   3.9925000e+02   4.1070304e+01
   3.9950000e+02   4.1067632e+01
   3.9975000e+02   4.1064966e+01
   4.0000000e+02   4.1062307e+01
   4.0025000e+02   4.1059655e+01
   4.0050000e+02   4.1057009e+01
   4.0075000e+02   4.1054370e+01
   4.0100000e+02   4.1051737e+01
   4.0125000e+02   4.1049111e+01
   4.0150000e+02   4.1046491e+01
   4.0175000e+02   4.1043878e+01
   4.0200000e+02   4.1041272e+01
   4.0225000e+02   4.1038672e+01
   4.0250000e+02   4.1036079e+01
   4.0275000e+02   4.1033492e+01
   4.0300000e+02   4.1030911e+01
   4.0325000e+02   4.1028337e+01
   4.0350000e+02   4.1025769e+01
   4.0375000e+02   4.1023208e+01
   4.0400000e+02   4.1020653e+01
   4.0425000e+02   4.1018105e+01
   4.0450000e+02   4.1015563e+01
   4.0475000e+02   4.1013027e+01
   4.0500000e+02   4.1010498e+01
   4.0525000e+02   4.1007975e+01
   4.0550000e+02   4.1005458e+01
   4.0575000e+02   4.1002947e+01
   4.0600000e+02   4.1000443e+01
   4.0625000e+02   4.0997945e+01
   4.0650000e+02   4.0995453e+01
   4.0675000e+02   4.0992968e+01
   4.0700000e+02   4.0990489e+01
   4.0725000e+02   4.0988015e+01
   4.0750000e+02   4.0985548e+01
   4.0775000e+02   4.0983088e+01
   4.0800000e+02   4.0980633e+01
   4.0825000e+02   4.0978184e+01
   4.0850000e+02   4.0975742e+01
   4.0875000e+02   4.0973306e+01
   4.0900000e+02   4.0970876e+01
   4.0925000e+02   4.0968451e+01
   4.0950000e+02   4.0966033e+01
   4.0975000e+02   4.0963621e+01
   4.1000000e+02   4.0961215e+01
   4.1025000e+02   4.0958815e+01
   4.1050000e+02   4.0956421e+01
   4.1075000e+02   4.0954033e+01
   4.1100000e+02   4.0951651e+01
   4.1125000e+02   4.0949275e+01
   4.1150000e+02   4.0946905e+01
   4.1175000e+02   4.0944540e+01
   4.1200000e+02   4.0942182e+01
   4.1225000e+02   4.0939829e+01
   4.1250000e+02   4.0937483e+01
   4.1275000e+02   4.0935142e+01
   4.1300000e+02   4.0932807e+01
   4.1325000e+02   4.0930478e+01
   4.1350000e+02   4.0928155e+01
   4.1375000e+02   4.0925837e+01
   4.1400000e+02   4.0923525e+01
   4.1425000e+02   4.0921219e+01
   4.1450000e+02   4.0918919e+01
   4.1475000e+02   4.0916625e+01
   4.1500000e+02   4.0914336e+01
   4.1525000e+02   4.0912053e+01
   4.1550000e+02   4.0909776e+01
   4.1575000e+02   4.0907504e+01
   4.1600000e+02   4.0905238e+01
   4.1625000e+02   4.0902978e+01
   4.1650000e+02   4.0900723e+01
   4.1675000e+02   4.0898474e+01
   4.1700000e+02   4.0896231e+01
   4.1725000e+02   4.0893993e+01
   4.1750000e+02   4.0891761e+01
   4.1775000e+02   4.0889534e+01
   4.1800000e+02   4.0887313e+01
   4.1825000e+02   4.0885098e+01
   4.1850000e+02   4.0882888e+01
   4.1875000e+02   4.0880683e+01
   4.1900000e+02   4.0878485e+01
   4.1925000e+02   4.0876291e+01
   4.1950000e+02   4.0874103e+01
   4.1975000e+02   4.0871921e+01
   4.2000000e+02   4.0869743e+01
   4.2025000e+02   4.0867572e+01
   4.2050000e+02   4.0865406e+01
   4.2075000e+02   4.0863245e+01
   4.2100000e+02   4.0861089e+01
   4.2125000e+02   4.0858939e+01
   4.2150000e+02   4.0856795e+01
   4.2175000e+02   4.0854655e+01
   4.2200000e+02   4.0852521e+01
   4.2225000e+02   4.0850393e+01
   4.2250000e+02   4.0848269e+01
   4.2275000e+02   4.0846151e+01
   4.2300000e+02   4.0844039e+01
   4.2325000e+02   4.0841931e+01
   4.2350000e+02   4.0839829e+01
   4.2375000e+02   4.0837732e+01
   4.2400000e+02   4.0835640e+01
   4.2425000e+02   4.0833554e+01
   4.2450000e+02   4.0831473e+01
   4.2475000e+02   4.0829396e+01
   4.2500000e+02   4.0827326e+01
   4.2525000e+02   4.0825260e+01
   4.2550000e+02   4.0823199e+01
   4.2575000e+02   4.0821144e+01
   4.2600000e+02   4.0819094e+01
   4.2625000e+02   4.0817048e+01
   4.2650000e+02   4.0815008e+01
   4.2675000e+02   4.0812973e+01
   4.2700000e+02   4.0810943e+01
   4.2725000e+02   4.0808919e+01
   4.2750000e+02   4.0806899e+01
   4.2775000e+02   4.0804884e+01
   4.2800000e+02   4.0802874e+01
   4.2825000e+02   4.0800870e+01
   4.2850000e+02   4.0798870e+01
   4.2875000e+02   4.0796875e+01
   4.2900000e+02   4.0794886e+01
   4.2925000e+02   4.0792901e+01
   4.2950000e+02   4.0790921e+01
   4.2975000e+02   4.0788946e+01
   4.3000000e+02   4.0786976e+01
   4.3025000e+02   4.0785011e+01
   4.3050000e+02   4.0783051e+01
   4.3075000e+02   4.0781096e+01
   4.3100000e+02   4.0779146e+01
   4.3125000e+02   4.0777200e+01
   4.3150000e+02   4.0775260e+01
   4.3175000e+02   4.0773324e+01
   4.3200000e+02   4.0771393e+01
   4.3225000e+02   4.0769467e+01
   4.3250000e+02   4.0767546e+01
   4.3275000e+02   4.0765629e+01
   4.3300000e+02   4.0763718e+01
   4.3325000e+02   4.0761811e+01
   4.3350000e+02   4.0759909e+01
   4.3375000e+02   4.0758011e+01
   4.3400000e+02   4.0756119e+01
   4.3425000e+02   4.0754231e+01
   4.3450000e+02   4.0752347e+01
   4.3475000e+02   4.0750469e+01
   4.3500000e+02   4.0748595e+01
   4.3525000e+02   4.0746726e+01
   4.3550000e+02   4.0744861e+01
   4.3575000e+02   4.0743002e+01
   4.3600000e+02   4.0741146e+01
   4.3625000e+02   4.0739296e+01
   4.3650000e+02   4.0737450e+01
   4.3675000e+02   4.0735609e+01
   4.3700000e+02   4.0733772e+01
   4.3725000e+02   4.0731940e+01
   4.3750000e+02   4.0730112e+01
   4.3775000e+02   4.0728289e+01
   4.3800000e+02   4.0726471e+01
   4.3825000e+02   4.0724657e+01
   4.3850000e+02   4.0722848e+01
   4.3875000e+02   4.0721043e+01
   4.3900000e+02   4.0719242e+01
   4.3925000e+02   4.0717446e+01
   4.3950000e+02   4.0715655e+01
   4.3975000e+02   4.0713868e+01
   4.4000000e+02   4.0712086e+01
   4.4025000e+02   4.0710308e+01
   4.4050000e+02   4.0708534e+01
   4.4075000e+02   4.0706765e+01
   4.4100000e+02   4.0705000e+01
   4.4125000e+02   4.0703240e+01
   4.4150000e+02   4.0701484e+01
   4.4175000e+02   4.0699733e+01
   4.4200000e+02   4.0697985e+01
   4.4225000e+02   4.0696243e+01
   4.4250000e+02   4.0694504e+01
   4.4275000e+02   4.0692770e+01
   4.4300000e+02   4.0691040e+01
   4.4325000e+02   4.0689315e+01
   4.4350000e+02   4.0687594e+01
   4.4375000e+02   4.0685877e+01
   4.4400000e+02   4.0684164e+01
   4.4425000e+02   4.0682456e+01
   4.4450000e+02   4.0680752e+01
   4.4475000e+02   4.0679052e+01
   4.4500000e+02   4.0677357e+01
   4.4525000e+02   4.0675666e+01
   4.4550000e+02   4.0673979e+01
   4.4575000e+02   4.0672296e+01
   4.4600000e+02   4.0670617e+01
   4.4625000e+02   4.0668943e+01
   4.4650000e+02   4.0667272e+01
   4.4675000e+02   4.0665606e+01
   4.4700000e+02   4.0663944e+01
   4.4725000e+02   4.0662287e+01
   4.4750000e+02   4.0660633e+01
   4.4775000e+02   4.0658983e+01
   4.4800000e+02   4.0657338e+01
   4.4825000e+02   4.0655697e+01
   4.4850000e+02   4.0654059e+01
   4.4875000e+02   4.0652426e+01
   4.4900000e+02   4.0650797e+01
   4.4925000e+02   4.0649172e+01
   4.4950000e+02   4.0647551e+01
   4.4975000e+02   4.0645935e+01
   4.5000000e+02   4.0644322e+01
   4.5025000e+02   4.0642713e+01
   4.5050000e+02   4.0641108e+01
   4.5075000e+02   4.0639507e+01
   4.5100000e+02   4.0637911e+01
   4.5125000e+02   4.0636318e+01
   4.5150000e+02   4.0634729e+01
   4.5175000e+02   4.0633144e+01
   4.5200000e+02   4.0631563e+01
   4.5225000e+02   4.0629986e+01
   4.5250000e+02   4.0628413e+01
   4.5275000e+02   4.0626844e+01
   4.5300000e+02   4.0625279e+01
   4.5325000e+02   4.0623718e+01
   4.5350000e+02   4.0622161e+01
   4.5375000e+02   4.0620607e+01
   4.5400000e+02   4.0619058e+01
   4.5425000e+02   4.0617512e+01
   4.5450000e+02   4.0615970e+01
   4.5475000e+02   4.0614432e+01
   4.5500000e+02   4.0612898e+01
   4.5525000e+02   4.0611368e+01
   4.5550000e+02   4.0609841e+01
   4.5575000e+02   4.0608318e+01
   4.5600000e+02   4.0606799e+01
   4.5625000e+02   4.0605284e+01
   4.5650000e+02   4.0603773e+01
   4.5675000e+02   4.0602265e+01
   4.5700000e+02   4.0600762e+01
   4.5725000e+02   4.0599262e+01
   4.5750000e+02   4.0597765e+01
   4.5775000e+02   4.0596273e+01
   4.5800000e+02   4.0594784e+01
   4.5825000e+02   4.0593299e+01
   4.5850000e+02   4.0591817e+01
   4.5875000e+02   4.0590340e+01
   4.5900000e+02   4.0588866e+01
   4.5925000e+02   4.0587395e+01
   4.5950000e+02   4.0585929e+01
   4.5975000e+02   4.0584466e+01
   4.6000000e+02   4.0583006e+01
   4.6025000e+02   4.0581551e+01
   4.6050000e+02   4.0580099e+01
   4.6075000e+02   4.0578650e+01
   4.6100000e+02   4.0577205e+01
   4.6125000e+02   4.0575764e+01
   4.6150000e+02   4.0574327e+01
   4.6175000e+02   4.0572893e+01
   4.6200000e+02   4.0571462e+01
   4.6225000e+02   4.0570035e+01
   4.6250000e+02   4.0568612e+01
   4.6275000e+02   4.0567192e+01
   4.6300000e+02   4.0565776e+01
   4.6325000e+02   4.0564363e+01
   4.6350000e+02   4.0562954e+01
   4.6375000e+02   4.0561549e+01
   4.6400000e+02   4.0560146e+01
   4.6425000e+02   4.0558748e+01
   4.6450000e+02   4.0557353e+01
   4.6475000e+02   4.0555961e+01
   4.6500000e+02   4.0554573e+01
   4.6525000e+02   4.0553188e+01
   4.6550000e+02   4.0551807e+01
   4.6575000e+02   4.0550429e+01
   4.6600000e+02   4.0549055e+01
   4.6625000e+02   4.0547684e+01
   4.6650000e+02   4.0546316e+01
   4.6675000e+02   4.0544952e+01
   4.6700000e+02   4.0543592e+01
   4.6725000e+02   4.0542234e+01
   4.6750000e+02   4.0540880e+01
   4.6775000e+02   4.0539530e+01
   4.6800000e+02   4.0538183e+01
   4.6825000e+02   4.0536839e+01
   4.6850000e+02   4.0535499e+01
   4.6875000e+02   4.0534162e+01
   4.6900000e+02   4.0532828e+01
   4.6925000e+02   4.0531497e+01
   4.6950000e+02   4.0530170e+01
   4.6975000e+02   4.0528847e+01
   4.7000000e+02   4.0527526e+01
   4.7025000e+02   4.0526209e+01
   4.7050000e+02   4.0524895e+01
   4.7075000e+02   4.0523584e+01
   4.7100000e+02   4.0522277e+01
   4.7125000e+02   4.0520973e+01
   4.7150000e+02   4.0519672e+01
   4.7175000e+02   4.0518375e+01
   4.7200000e+02   4.0517080e+01
   4.7225000e+02   4.0515789e+01
   4.7250000e+02   4.0514501e+01
   4.7275000e+02   4.0513217e+01
   4.7300000e+02   4.0511935e+01
   4.7325000e+02   4.0510657e+01
   4.7350000e+02   4.0509382e+01
   4.7375000e+02   4.0508110e+01
   4.7400000e+02   4.0506841e+01
   4.7425000e+02   4.0505576e+01
   4.7450000e+02   4.0504314e+01
   4.7475000e+02   4.0503054e+01
   4.7500000e+02   4.0501798e+01
   4.7525000e+02   4.0500545e+01
   4.7550000e+02   4.0499296e+01
   4.7575000e+02   4.0498049e+01
   4.7600000e+02   4.0496805e+01
   4.7625000e+02   4.0495565e+01
   4.7650000e+02   4.0494328e+01
   4.7675000e+02   4.0493093e+01
   4.7700000e+02   4.0491862e+01
   4.7725000e+02   4.0490634e+01
   4.7750000e+02   4.0489409e+01
   4.7775000e+02   4.0488187e+01
   4.7800000e+02   4.0486968e+01
   4.7825000e+02   4.0485752e+01
   4.7850000e+02   4.0484539e+01
   4.7875000e+02   4.0483329e+01
   4.7900000e+02   4.0482123e+01
   4.7925000e+02   4.0480919e+01
   4.7950000e+02   4.0479718e+01
   4.7975000e+02   4.0478520e+01
   4.8000000e+02   4.0477325e+01
   4.8025000e+02   4.0476134e+01
   4.8050000e+02   4.0474945e+01
   4.8075000e+02   4.0473759e+01
   4.8100000e+02   4.0472576e+01
   4.8125000e+02   4.0471396e+01
   4.8150000e+02   4.0470219e+01
   4.8175000e+02   4.0469045e+01
   4.8200000e+02   4.0467874e+01
   4.8225000e+02   4.0466705e+01
   4.8250000e+02   4.0465540e+01
   4.8275000e+02   4.0464378e+01
   4.8300000e+02   4.0463218e+01
   4.8325000e+02   4.0462062e+01
   4.8350000e+02   4.0460908e+01
   4.8375000e+02   4.0459757e+01
   4.8400000e+02   4.0458609e+01
   4.8425000e+02   4.0457464e+01
   4.8450000e+02   4.0456322e+01
   4.8475000e+02   4.0455182e+01
   4.8500000e+02   4.0454046e+01
   4.8525000e+02   4.0452912e+01
   4.8550000e+02   4.0451781e+01
   4.8575000e+02   4.0450653e+01
   4.8600000e+02   4.0449528e+01
   4.8625000e+02   4.0448406e+01
   4.8650000e+02   4.0447286e+01
   4.8675000e+02   4.0446169e+01
   4.8700000e+02   4.0445055e+01
   4.8725000e+02   4.0443944e+01
   4.8750000e+02   4.0442835e+01
   4.8775000e+02   4.0441730e+01
   4.8800000e+02   4.0440627e+01
   4.8825000e+02   4.0439527e+01
   4.8850000e+02   4.0438429e+01
   4.8875000e+02   4.0437334e+01
   4.8900000e+02   4.0436243e+01
   4.8925000e+02   4.0435153e+01
   4.8950000e+02   4.0434067e+01
   4.8975000e+02   4.0432983e+01
   4.9000000e+02   4.0431902e+01
   4.9025000e+02   4.0430823e+01
   4.9050000e+02   4.0429748e+01
   4.9075000e+02   4.0428675e+01
   4.9100000e+02   4.0427604e+01
   4.9125000e+02   4.0426537e+01
   4.9150000e+02   4.0425472e+01
   4.9175000e+02   4.0424409e+01
   4.9200000e+02   4.0423350e+01
   4.9225000e+02   4.0422293e+01
   4.9250000e+02   4.0421238e+01
   4.9275000e+02   4.0420186e+01
   4.9300000e+02   4.0419137e+01
   4.9325000e+02   4.0418091e+01
   4.9350000e+02   4.0417047e+01
   4.9375000e+02   4.0416005e+01
   4.9400000e+02   4.0414967e+01
   4.9425000e+02   4.0413931e+01
   4.9450000e+02   4.0412897e+01
   4.9475000e+02   4.0411866e+01
   4.9500000e+02   4.0410838e+01
   4.9525000e+02   4.0409812e+01
   4.9550000e+02   4.0408789e+01
   4.9575000e+02   4.0407768e+01
   4.9600000e+02   4.0406750e+01
   4.9625000e+02   4.0405734e+01
   4.9650000e+02   4.0404721e+01
   4.9675000e+02   4.0403711e+01
   4.9700000e+02   4.0402703e+01
   4.9725000e+02   4.0401697e+01
   4.9750000e+02   4.0400694e+01
   4.9775000e+02   4.0399694e+01
   4.9800000e+02   4.0398696e+01
   4.9825000e+02   4.0397700e+01
   4.9850000e+02   4.0396707e+01
   4.9875000e+02   4.0395717e+01
   4.9900000e+02   4.0394729e+01
   4.9925000e+02   4.0393743e+01
   4.9950000e+02   4.0392760e+01
   4.9975000e+02   4.0391779e+01
   5.0000000e+02   4.0390801e+01
   5.0025000e+02   4.0389825e+01
   5.0050000e+02   4.0388852e+01
   5.0075000e+02   4.0387881e+01
   5.0100000e+02   4.0386912e+01
   5.0125000e+02   4.0385946e+01
   5.0150000e+02   4.0384983e+01
   5.0175000e+02   4.0384021e+01
   5.0200000e+02   4.0383063e+01
   5.0225000e+02   4.0382106e+01
   5.0250000e+02   4.0381152e+01
   5.0275000e+02   4.0380200e+01
   5.0300000e+02   4.0379251e+01
   5.0325000e+02   4.0378304e+01
   5.0350000e+02   4.0377359e+01
   5.0375000e+02   4.0376417e+01
   5.0400000e+02   4.0375477e+01
   5.0425000e+02   4.0374540e+01
   5.0450000e+02   4.0373605e+01
   5.0475000e+02   4.0372672e+01
   5.0500000e+02   4.0371741e+01
   5.0525000e+02   4.0370813e+01
   5.0550000e+02   4.0369887e+01
   5.0575000e+02   4.0368964e+01
   5.0600000e+02   4.0368042e+01
   5.0625000e+02   4.0367123e+01
   5.0650000e+02   4.0366207e+01
   5.0675000e+02   4.0365292e+01
   5.0700000e+02   4.0364380e+01
   5.0725000e+02   4.0363471e+01
   5.0750000e+02   4.0362563e+01
   5.0775000e+02   4.0361658e+01
   5.0800000e+02   4.0360755e+01
   5.0825000e+02   4.0359854e+01
   5.0850000e+02   4.0358955e+01
   5.0875000e+02   4.0358059e+01
   5.0900000e+02   4.0357165e+01
   5.0925000e+02   4.0356273e+01
   5.0950000e+02   4.0355384e+01
   5.0975000e+02   4.0354496e+01
   5.1000000e+02   4.0353611e+01
   5.1025000e+02   4.0352728e+01
   5.1050000e+02   4.0351848e+01
   5.1075000e+02   4.0350969e+01
   5.1100000e+02   4.0350093e+01
   5.1125000e+02   4.0349219e+01
   5.1150000e+02   4.0348347e+01
   5.1175000e+02   4.0347477e+01
   5.1200000e+02   4.0346609e+01
   5.1225000e+02   4.0345744e+01
   5.1250000e+02   4.0344881e+01
   5.1275000e+02   4.0344019e+01
   5.1300000e+02   4.0343161e+01
   5.1325000e+02   4.0342304e+01
   5.1350000e+02   4.0341449e+01
   5.1375000e+02   4.0340596e+01
   5.1400000e+02   4.0339746e+01
   5.1425000e+02   4.0338898e+01
   5.1450000e+02   4.0338052e+01
   5.1475000e+02   4.0337207e+01
   5.1500000e+02   4.0336365e+01
   5.1525000e+02   4.0335526e+01
   5.1550000e+02   4.0334688e+01
   5.1575000e+02   4.0333852e+01
   5.1600000e+02   4.0333019e+01
   5.1625000e+02   4.0332187e+01
   5.1650000e+02   4.0331358e+01
   5.1675000e+02   4.0330530e+01
   5.1700000e+02   4.0329705e+01
   5.1725000e+02   4.0328882e+01
   5.1750000e+02   4.0328061e+01
   5.1775000e+02   4.0327241e+01
   5.1800000e+02   4.0326424e+01
   5.1825000e+02   4.0325609e+01
   5.1850000e+02   4.0324796e+01
   5.1875000e+02   4.0323985e+01
   5.1900000e+02   4.0323176e+01
   5.1925000e+02   4.0322369e+01
   5.1950000e+02   4.0321565e+01
   5.1975000e+02   4.0320762e+01
   5.2000000e+02   4.0319961e+01
   5.2025000e+02   4.0319162e+01
   5.2050000e+02   4.0318365e+01
   5.2075000e+02   4.0317570e+01
   5.2100000e+02   4.0316777e+01
   5.2125000e+02   4.0315986e+01
   5.2150000e+02   4.0315197e+01
   5.2175000e+02   4.0314410e+01
   5.2200000e+02   4.0313625e+01
   5.2225000e+02   4.0312842e+01
   5.2250000e+02   4.0312061e+01
   5.2275000e+02   4.0311282e+01
   5.2300000e+02   4.0310504e+01
   5.2325000e+02   4.0309729e+01
   5.2350000e+02   4.0308956e+01
   5.2375000e+02   4.0308184e+01
   5.2400000e+02   4.0307415e+01
   5.2425000e+02   4.0306647e+01
   5.2450000e+02   4.0305882e+01
   5.2475000e+02   4.0305118e+01
   5.2500000e+02   4.0304356e+01
   5.2525000e+02   4.0303596e+01
   5.2550000e+02   4.0302838e+01
   5.2575000e+02   4.0302082e+01
   5.2600000e+02   4.0301328e+01
   5.2625000e+02   4.0300575e+01
   5.2650000e+02   4.0299825e+01
   5.2675000e+02   4.0299076e+01
   5.2700000e+02   4.0298329e+01
   5.2725000e+02   4.0297585e+01
   5.2750000e+02   4.0296841e+01
   5.2775000e+02   4.0296100e+01
   5.2800000e+02   4.0295361e+01
   5.2825000e+02   4.0294624e+01
   5.2850000e+02   4.0293888e+01
   5.2875000e+02   4.0293154e+01
   5.2900000e+02   4.0292422e+01
   5.2925000e+02   4.0291692e+01
   5.2950000e+02   4.0290964e+01
   5.2975000e+02   4.0290237e+01
   5.3000000e+02   4.0289512e+01
   5.3025000e+02   4.0288790e+01
   5.3050000e+02   4.0288068e+01
   5.3075000e+02   4.0287349e+01
   5.3100000e+02   4.0286632e+01
   5.3125000e+02   4.0285916e+01
   5.3150000e+02   4.0285202e+01
   5.3175000e+02   4.0284490e+01
   5.3200000e+02   4.0283780e+01
   5.3225000e+02   4.0283071e+01
   5.3250000e+02   4.0282364e+01
   5.3275000e+02   4.0281659e+01
   5.3300000e+02   4.0280956e+01
   5.3325000e+02   4.0280255e+01
   5.3350000e+02   4.0279555e+01
   5.3375000e+02   4.0278857e+01
   5.3400000e+02   4.0278161e+01
   5.3425000e+02   4.0277466e+01
   5.3450000e+02   4.0276773e+01
   5.3475000e+02   4.0276082e+01
   5.3500000e+02   4.0275393e+01
   5.3525000e+02   4.0274705e+01
   5.3550000e+02   4.0274019e+01
   5.3575000e+02   4.0273335e+01
   5.3600000e+02   4.0272653e+01
   5.3625000e+02   4.0271972e+01
   5.3650000e+02   4.0271293e+01
   5.3675000e+02   4.0270615e+01
   5.3700000e+02   4.0269940e+01
   5.3725000e+02   4.0269266e+01
   5.3750000e+02   4.0268593e+01
   5.3775000e+02   4.0267923e+01
   5.3800000e+02   4.0267254e+01
   5.3825000e+02   4.0266586e+01
   5.3850000e+02   4.0265921e+01
   5.3875000e+02   4.0265257e+01
   5.3900000e+02   4.0264594e+01
   5.3925000e+02   4.0263934e+01
   5.3950000e+02   4.0263275e+01
   5.3975000e+02   4.0262617e+01
   5.4000000e+02   4.0261962e+01
   5.4025000e+02   4.0261308e+01
   5.4050000e+02   4.0260655e+01
   5.4075000e+02   4.0260004e+01
   5.4100000e+02   4.0259355e+01
   5.4125000e+02   4.0258708e+01
   5.4150000e+02   4.0258062e+01
   5.4175000e+02   4.0257417e+01
   5.4200000e+02   4.0256775e+01
   5.4225000e+02   4.0256133e+01
   5.4250000e+02   4.0255494e+01
   5.4275000e+02   4.0254856e+01
   5.4300000e+02   4.0254220e+01
   5.4325000e+02   4.0253585e+01
   5.4350000e+02   4.0252952e+01
   5.4375000e+02   4.0252320e+01
   5.4400000e+02   4.0251690e+01
   5.4425000e+02   4.0251062e+01
   5.4450000e+02   4.0250435e+01
   5.4475000e+02   4.0249809e+01
   5.4500000e+02   4.0249186e+01
   5.4525000e+02   4.0248563e+01
   5.4550000e+02   4.0247943e+01
   5.4575000e+02   4.0247324e+01
   5.4600000e+02   4.0246706e+01
   5.4625000e+02   4.0246090e+01
   5.4650000e+02   4.0245476e+01
   5.4675000e+02   4.0244863e+01
   5.4700000e+02   4.0244251e+01
   5.4725000e+02   4.0243642e+01
   5.4750000e+02   4.0243033e+01
   5.4775000e+02   4.0242426e+01
   5.4800000e+02   4.0241821e+01
   5.4825000e+02   4.0241217e+01
   5.4850000e+02   4.0240615e+01
   5.4875000e+02   4.0240014e+01
   5.4900000e+02   4.0239415e+01
   5.4925000e+02   4.0238817e+01
   5.4950000e+02   4.0238221e+01
   5.4975000e+02   4.0237626e+01
   5.5000000e+02   4.0237033e+01
   5.5025000e+02   4.0236441e+01
   5.5050000e+02   4.0235851e+01
   5.5075000e+02   4.0235262e+01
   5.5100000e+02   4.0234674e+01
   5.5125000e+02   4.0234088e+01
   5.5150000e+02   4.0233504e+01
   5.5175000e+02   4.0232921e+01
   5.5200000e+02   4.0232339e+01
   5.5225000e+02   4.0231759e+01
   5.5250000e+02   4.0231180e+01
   5.5275000e+02   4.0230603e+01
   5.5300000e+02   4.0230027e+01
   5.5325000e+02   4.0229453e+01
   5.5350000e+02   4.0228880e+01
   5.5375000e+02   4.0228309e+01
   5.5400000e+02   4.0227739e+01
   5.5425000e+02   4.0227170e+01
   5.5450000e+02   4.0226603e+01
   5.5475000e+02   4.0226037e+01
   5.5500000e+02   4.0225473e+01
   5.5525000e+02   4.0224910e+01
   5.5550000e+02   4.0224348e+01
   5.5575000e+02   4.0223788e+01
   5.5600000e+02   4.0223229e+01
   5.5625000e+02   4.0222672e+01
   5.5650000e+02   4.0222116e+01
   5.5675000e+02   4.0221561e+01
   5.5700000e+02   4.0221008e+01
   5.5725000e+02   4.0220456e+01
   5.5750000e+02   4.0219906e+01
   5.5775000e+02   4.0219357e+01
   5.5800000e+02   4.0218809e+01
   5.5825000e+02   4.0218262e+01
   5.5850000e+02   4.0217717e+01
   5.5875000e+02   4.0217174e+01
   5.5900000e+02   4.0216632e+01
   5.5925000e+02   4.0216091e+01
   5.5950000e+02   4.0215551e+01
   5.5975000e+02   4.0215013e+01
   5.6000000e+02   4.0214476e+01
   5.6025000e+02   4.0213941e+01
   5.6050000e+02   4.0213406e+01
   5.6075000e+02   4.0212874e+01
   5.6100000e+02   4.0212342e+01
   5.6125000e+02   4.0211812e+01
   5.6150000e+02   4.0211283e+01
   5.6175000e+02   4.0210755e+01
   5.6200000e+02   4.0210229e+01
   5.6225000e+02   4.0209704e+01
   5.6250000e+02   4.0209181e+01
   5.6275000e+02   4.0208658e+01
   5.6300000e+02   4.0208137e+01
   5.6325000e+02   4.0207618e+01
   5.6350000e+02   4.0207099e+01
   5.6375000e+02   4.0206582e+01
   5.6400000e+02   4.0206066e+01
   5.6425000e+02   4.0205552e+01
   5.6450000e+02   4.0205039e+01
   5.6475000e+02   4.0204527e+01
   5.6500000e+02   4.0204016e+01
   5.6525000e+02   4.0203507e+01
   5.6550000e+02   4.0202998e+01
   5.6575000e+02   4.0202492e+01
   5.6600000e+02   4.0201986e+01
   5.6625000e+02   4.0201482e+01
   5.6650000e+02   4.0200979e+01
   5.6675000e+02   4.0200477e+01
   5.6700000e+02   4.0199976e+01
   5.6725000e+02   4.0199477e+01
   5.6750000e+02   4.0198979e+01
   5.6775000e+02   4.0198482e+01
   5.6800000e+02   4.0197986e+01
   5.6825000e+02   4.0197492e+01
   5.6850000e+02   4.0196999e+01
   5.6875000e+02   4.0196507e+01
   5.6900000e+02   4.0196016e+01
   5.6925000e+02   4.0195527e+01
   5.6950000e+02   4.0195039e+01
   5.6975000e+02   4.0194552e+01
   5.7000000e+02   4.0194066e+01
   5.7025000e+02   4.0193581e+01
   5.7050000e+02   4.0193098e+01
   5.7075000e+02   4.0192616e+01
   5.7100000e+02   4.0192135e+01
   5.7125000e+02   4.0191655e+01
   5.7150000e+02   4.0191177e+01
   5.7175000e+02   4.0190699e+01
   5.7200000e+02   4.0190223e+01
   5.7225000e+02   4.0189748e+01
   5.7250000e+02   4.0189274e+01
   5.7275000e+02   4.0188802e+01
   5.7300000e+02   4.0188330e+01
   5.7325000e+02   4.0187860e+01
   5.7350000e+02   4.0187391e+01
   5.7375000e+02   4.0186923e+01
   5.7400000e+02   4.0186457e+01
   5.7425000e+02   4.0185991e+01
   5.7450000e+02   4.0185527e+01
   5.7475000e+02   4.0185063e+01
   5.7500000e+02   4.0184601e+01
   5.7525000e+02   4.0184140e+01
   5.7550000e+02   4.0183681e+01
   5.7575000e+02   4.0183222e+01
   5.7600000e+02   4.0182764e+01
   5.7625000e+02   4.0182308e+01
   5.7650000e+02   4.0181853e+01
   5.7675000e+02   4.0181399e+01
   5.7700000e+02   4.0180946e+01
   5.7725000e+02   4.0180494e+01
   5.7750000e+02   4.0180043e+01
   5.7775000e+02   4.0179594e+01
   5.7800000e+02   4.0179145e+01
   5.7825000e+02   4.0178698e+01
   5.7850000e+02   4.0178252e+01
   5.7875000e+02   4.0177807e+01
   5.7900000e+02   4.0177363e+01
   5.7925000e+02   4.0176920e+01
   5.7950000e+02   4.0176478e+01
   5.7975000e+02   4.0176038e+01
   5.8000000e+02   4.0175598e+01
   5.8025000e+02   4.0175160e+01
   5.8050000e+02   4.0174722e+01
   5.8075000e+02   4.0174286e+01
   5.8100000e+02   4.0173851e+01
   5.8125000e+02   4.0173417e+01
   5.8150000e+02   4.0172984e+01
   5.8175000e+02   4.0172552e+01
   5.8200000e+02   4.0172121e+01
   5.8225000e+02   4.0171691e+01
   5.8250000e+02   4.0171263e+01
   5.8275000e+02   4.0170835e+01
   5.8300000e+02   4.0170408e+01
   5.8325000e+02   4.0169983e+01
   5.8350000e+02   4.0169559e+01
   5.8375000e+02   4.0169135e+01
   5.8400000e+02   4.0168713e+01
   5.8425000e+02   4.0168292e+01
   5.8450000e+02   4.0167871e+01
   5.8475000e+02   4.0167452e+01
   5.8500000e+02   4.0167034e+01
   5.8525000e+02   4.0166617e+01
   5.8550000e+02   4.0166201e+01
   5.8575000e+02   4.0165786e+01
   5.8600000e+02   4.0165372e+01
   5.8625000e+02   4.0164959e+01
   5.8650000e+02   4.0164547e+01
   5.8675000e+02   4.0164136e+01
   5.8700000e+02   4.0163727e+01
   5.8725000e+02   4.0163318e+01
   5.8750000e+02   4.0162910e+01
   5.8775000e+02   4.0162503e+01
   5.8800000e+02   4.0162098e+01
   5.8825000e+02   4.0161693e+01
   5.8850000e+02   4.0161289e+01
   5.8875000e+02   4.0160886e+01
   5.8900000e+02   4.0160485e+01
   5.8925000e+02   4.0160084e+01
   5.8950000e+02   4.0159684e+01
   5.8975000e+02   4.0159286e+01
   5.9000000e+02   4.0158888e+01
   5.9025000e+02   4.0158491e+01
   5.9050000e+02   4.0158095e+01
   5.9075000e+02   4.0157701e+01
   5.9100000e+02   4.0157307e+01
   5.9125000e+02   4.0156914e+01
   5.9150000e+02   4.0156522e+01
   5.9175000e+02   4.0156131e+01
   5.9200000e+02   4.0155742e+01
   5.9225000e+02   4.0155353e+01
   5.9250000e+02   4.0154965e+01
   5.9275000e+02   4.0154578e+01
   5.9300000e+02   4.0154192e+01
   5.9325000e+02   4.0153807e+01
   5.9350000e+02   4.0153423e+01
   5.9375000e+02   4.0153040e+01
   5.9400000e+02   4.0152658e+01
   5.9425000e+02   4.0152277e+01
   5.9450000e+02   4.0151896e+01
   5.9475000e+02   4.0151517e+01
   5.9500000e+02   4.0151139e+01
   5.9525000e+02   4.0150761e+01
   5.9550000e+02   4.0150385e+01
   5.9575000e+02   4.0150009e+01
   5.9600000e+02   4.0149635e+01
   5.9625000e+02   4.0149261e+01
   5.9650000e+02   4.0148889e+01
   5.9675000e+02   4.0148517e+01
   5.9700000e+02   4.0148146e+01
   5.9725000e+02   4.0147776e+01
   5.9750000e+02   4.0147407e+01
   5.9775000e+02   4.0147039e+01
   5.9800000e+02   4.0146672e+01
   5.9825000e+02   4.0146306e+01
   5.9850000e+02   4.0145940e+01
   5.9875000e+02   4.0145576e+01
   5.9900000e+02   4.0145213e+01
   5.9925000e+02   4.0144850e+01
   5.9950000e+02   4.0144488e+01
   5.9975000e+02   4.0144127e+01
   6.0000000e+02   4.0143768e+01
