   0.0000000e+00   8.5368421e+01
   2.5000000e-01   8.5187339e+01
   5.0000000e-01   8.5006848e+01
   7.5000000e-01   8.4826948e+01
   1.0000000e+00   8.4647637e+01
   1.2500000e+00   8.4468911e+01
   1.5000000e+00   8.4290771e+01
   1.7500000e+00   8.4113212e+01
   2.0000000e+00   8.3936235e+01
   2.2500000e+00   8.3759837e+01
   2.5000000e+00   8.3584015e+01
   2.7500000e+00   8.3408768e+01
   3.0000000e+00   8.3234095e+01
   3.2500000e+00   8.3059992e+01
   3.5000000e+00   8.2886460e+01
   3.7500000e+00   8.2713494e+01
   4.0000000e+00   8.2541095e+01
   4.2500000e+00   8.2369259e+01
   4.5000000e+00   8.2197985e+01
   4.7500000e+00   8.2027272e+01
   5.0000000e+00   8.1857116e+01
   5.2500000e+00   8.1687517e+01
   5.5000000e+00   8.1518473e+01
   5.7500000e+00   8.1349982e+01
   6.0000000e+00   8.1182042e+01
   6.2500000e+00   8.1014651e+01
   6.5000000e+00   8.0847807e+01
   6.7500000e+00   8.0681509e+01
   7.0000000e+00   8.0515755e+01
   7.2500000e+00   8.0350544e+01
   7.5000000e+00   8.0185872e+01
   7.7500000e+00   8.0021739e+01
   8.0000000e+00   7.9858143e+01
   8.2500000e+00   7.9695082e+01
   8.5000000e+00   7.9532554e+01
   8.7500000e+00   7.9370557e+01
   9.0000000e+00   7.9209091e+01
   9.2500000e+00   7.9048152e+01
   9.5000000e+00   7.8887740e+01
   9.7500000e+00   7.8727853e+01
   1.0000000e+01   7.8568488e+01
   1.0250000e+01   7.8409645e+01
   1.0500000e+01   7.8251321e+01
   1.0750000e+01   7.8093515e+01
   1.1000000e+01   7.7936225e+01
   1.1250000e+01   7.7779450e+01
   1.1500000e+01   7.7623187e+01
   1.1750000e+01   7.7467435e+01
   1.2000000e+01   7.7312193e+01
   1.2250000e+01   7.7157458e+01
   1.2500000e+01   7.7003229e+01
   1.2750000e+01   7.6849505e+01
   1.3000000e+01   7.6696284e+01
   1.3250000e+01   7.6543564e+01
   1.3500000e+01   7.6391343e+01
   1.3750000e+01   7.6239620e+01
   1.4000000e+01   7.6088393e+01
   1.4250000e+01   7.5937661e+01
   1.4500000e+01   7.5787422e+01
   1.4750000e+01   7.5637674e+01
   1.5000000e+01   7.5488416e+01
   1.5250000e+01   7.5339646e+01
   1.5500000e+01   7.5191362e+01
   1.5750000e+01   7.5043564e+01
   1.6000000e+01   7.4896249e+01
   1.6250000e+01   7.4749415e+01
   1.6500000e+01   7.4603062e+01
   1.6750000e+01   7.4457188e+01
   1.7000000e+01   7.4311791e+01
   1.7250000e+01   7.4166869e+01
   1.7500000e+01   7.4022421e+01
   1.7750000e+01   7.3878445e+01
   1.8000000e+01   7.3734941e+01
   1.8250000e+01   7.3591906e+01
   1.8500000e+01   7.3449338e+01
   1.8750000e+01   7.3307237e+01
   1.9000000e+01   7.3165601e+01
   1.9250000e+01   7.3024427e+01
   1.9500000e+01   7.2883716e+01
   1.9750000e+01   7.2743465e+01
   2.0000000e+01   7.2603672e+01
   2.0250000e+01   7.2464337e+01
   2.0500000e+01   7.2325457e+01
   2.0750000e+01   7.2187031e+01
   2.1000000e+01   7.2049059e+01
   2.1250000e+01   7.1911537e+01
   2.1500000e+01   7.1774465e+01
   2.1750000e+01   7.1637842e+01
   2.2000000e+01   7.1501665e+01
   2.2250000e+01   7.1365934e+01
   2.2500000e+01   7.1230647e+01
   2.2750000e+01   7.1095802e+01
   2.3000000e+01   7.0961398e+01
   2.3250000e+01   7.0827433e+01
   2.3500000e+01   7.0693907e+01
   2.3750000e+01   7.0560818e+01
   2.4000000e+01   7.0428163e+01
   2.4250000e+01   7.0295943e+01
   2.4500000e+01   7.0164155e+01
   2.4750000e+01   7.0032798e+01
   2.5000000e+01   6.9901871e+01
   2.5250000e+01   6.9771372e+01
   2.5500000e+01   6.9641299e+01
   2.5750000e+01   6.9511652e+01
   2.6000000e+01   6.9382429e+01
   2.6250000e+01   6.9253629e+01
   2.6500000e+01   6.9125250e+01
   2.6750000e+01   6.8997291e+01
   2.7000000e+01   6.8869750e+01
   2.7250000e+01   6.8742626e+01
   2.7500000e+01   6.8615918e+01
   2.7750000e+01   6.8489625e+01
   2.8000000e+01   6.8363745e+01
   2.8250000e+01   6.8238276e+01
   2.8500000e+01   6.8113218e+01
   2.8750000e+01   6.7988568e+01
   2.9000000e+01   6.7864326e+01
   2.9250000e+01   6.7740491e+01
   2.9500000e+01   6.7617061e+01
   2.9750000e+01   6.7494034e+01
   3.0000000e+01   6.7371410e+01
   3.0250000e+01   6.7249186e+01
   3.0500000e+01   6.7127363e+01
   3.0750000e+01   6.7005938e+01
   3.1000000e+01   6.6884910e+01
   3.1250000e+01   6.6764278e+01
   3.1500000e+01   6.6644040e+01
   3.1750000e+01   6.6524195e+01
   3.2000000e+01   6.6404743e+01
   3.2250000e+01   6.6285681e+01
   3.2500000e+01   6.6167009e+01
   3.2750000e+01   6.6048725e+01
   3.3000000e+01   6.5930827e+01
   3.3250000e+01   6.5813315e+01
   3.3500000e+01   6.5696188e+01
   3.3750000e+01   6.5579443e+01
   3.4000000e+01   6.5463081e+01
   3.4250000e+01   6.5347099e+01
   3.4500000e+01   6.5231496e+01
   3.4750000e+01   6.5116271e+01
   3.5000000e+01   6.5001423e+01
   3.5250000e+01   6.4886951e+01
   3.5500000e+01   6.4772853e+01
   3.5750000e+01   6.4659128e+01
   3.6000000e+01   6.4545776e+01
   3.6250000e+01   6.4432794e+01
   3.6500000e+01   6.4320181e+01
   3.6750000e+01   6.4207937e+01
   3.7000000e+01   6.4096060e+01
   3.7250000e+01   6.3984549e+01
   3.7500000e+01   6.3873402e+01
   3.7750000e+01   6.3762619e+01
   3.8000000e+01   6.3652198e+01
   3.8250000e+01   6.3542139e+01
   3.8500000e+01   6.3432439e+01
   3.8750000e+01   6.3323098e+01
   3.9000000e+01   6.3214115e+01
   3.9250000e+01   6.3105488e+01
   3.9500000e+01   6.2997216e+01
   3.9750000e+01   6.2889299e+01
   4.0000000e+01   6.2781734e+01
   4.0250000e+01   6.2674522e+01
   4.0500000e+01   6.2567660e+01
   4.0750000e+01   6.2461147e+01
   4.1000000e+01   6.2354983e+01
   4.1250000e+01   6.2249166e+01
   4.1500000e+01   6.2143695e+01
   4.1750000e+01   6.2038569e+01
   4.2000000e+01   6.1933786e+01
   4.2250000e+01   6.1829347e+01
   4.2500000e+01   6.1725249e+01
   4.2750000e+01   6.1621492e+01
   4.3000000e+01   6.1518073e+01
   4.3250000e+01   6.1414993e+01
   4.3500000e+01   6.1312251e+01
   4.3750000e+01   6.1209844e+01
   4.4000000e+01   6.1107772e+01
   4.4250000e+01   6.1006034e+01
   4.4500000e+01   6.0904629e+01
   4.4750000e+01   6.0803555e+01
   4.5000000e+01   6.0702812e+01
   4.5250000e+01   6.0602398e+01
   4.5500000e+01   6.0502313e+01
   4.5750000e+01   6.0402555e+01
   4.6000000e+01   6.0303124e+01
   4.6250000e+01   6.0204017e+01
   4.6500000e+01   6.0105235e+01
   4.6750000e+01   6.0006776e+01
   4.7000000e+01   5.9908638e+01
   4.7250000e+01   5.9810822e+01
   4.7500000e+01   5.9713326e+01
   4.7750000e+01   5.9616148e+01
   4.8000000e+01   5.9519288e+01
   4.8250000e+01   5.9422746e+01
   4.8500000e+01   5.9326518e+01
   4.8750000e+01   5.9230606e+01
   4.9000000e+01   5.9135007e+01
   4.9250000e+01   5.9039721e+01
   4.9500000e+01   5.8944747e+01
   4.9750000e+01   5.8850083e+01
   5.0000000e+01   5.8755729e+01
   5.0250000e+01   5.8661683e+01
   5.0500000e+01   5.8567945e+01
   5.0750000e+01   5.8474513e+01
   5.1000000e+01   5.8381387e+01
   5.1250000e+01   5.8288566e+01
   5.1500000e+01   5.8196048e+01
   5.1750000e+01   5.8103833e+01
   5.2000000e+01   5.8011919e+01
   5.2250000e+01   5.7920306e+01
   5.2500000e+01   5.7828993e+01
   5.2750000e+01   5.7737978e+01
   5.3000000e+01   5.7647261e+01
   5.3250000e+01   5.7556840e+01
   5.3500000e+01   5.7466716e+01
   5.3750000e+01   5.7376886e+01
   5.4000000e+01   5.7287350e+01
   5.4250000e+01   5.7198106e+01
   5.4500000e+01   5.7109155e+01
   5.4750000e+01   5.7020494e+01
   5.5000000e+01   5.6932124e+01
   5.5250000e+01   5.6844042e+01
   5.5500000e+01   5.6756248e+01
   5.5750000e+01   5.6668742e+01
   5.6000000e+01   5.6581522e+01
   5.6250000e+01   5.6494587e+01
   5.6500000e+01   5.6407936e+01
   5.6750000e+01   5.6321569e+01
   5.7000000e+01   5.6235484e+01
   5.7250000e+01   5.6149681e+01
   5.7500000e+01   5.6064159e+01
   5.7750000e+01   5.5978916e+01
   5.8000000e+01   5.5893952e+01
   5.8250000e+01   5.5809265e+01
   5.8500000e+01   5.5724856e+01
   5.8750000e+01   5.5640723e+01
   5.9000000e+01   5.5556865e+01
   5.9250000e+01   5.5473281e+01
   5.9500000e+01   5.5389971e+01
   5.9750000e+01   5.5306933e+01
   6.0000000e+01   5.5224166e+01
   6.0250000e+01   5.5141671e+01
   6.0500000e+01   5.5059445e+01
   6.0750000e+01   5.4977488e+01
   6.1000000e+01   5.4895799e+01
   6.1250000e+01   5.4814377e+01
   6.1500000e+01   5.4733222e+01
   6.1750000e+01   5.4652332e+01
   6.2000000e+01   5.4571706e+01
   6.2250000e+01   5.4491344e+01
   6.2500000e+01   5.4411245e+01
   6.2750000e+01   5.4331408e+01
   6.3000000e+01   5.4251832e+01
   6.3250000e+01   5.4172517e+01
   6.3500000e+01   5.4093460e+01
   6.3750000e+01   5.4014663e+01
   6.4000000e+01   5.3936123e+01
   6.4250000e+01   5.3857839e+01
   6.4500000e+01   5.3779812e+01
   6.4750000e+01   5.3702040e+01
   6.5000000e+01   5.3624523e+01
   6.5250000e+01   5.3547259e+01
   6.5500000e+01   5.3470247e+01
   6.5750000e+01   5.3393488e+01
   6.6000000e+01   5.3316979e+01
   6.6250000e+01   5.3240721e+01
   6.6500000e+01   5.3164712e+01
   6.6750000e+01   5.3088952e+01
   6.7000000e+01   5.3013440e+01
   6.7250000e+01   5.2938174e+01
   6.7500000e+01   5.2863155e+01
   6.7750000e+01   5.2788381e+01
   6.8000000e+01   5.2713851e+01
   6.8250000e+01   5.2639566e+01
   6.8500000e+01   5.2565523e+01
   6.8750000e+01   5.2491722e+01
   6.9000000e+01   5.2418163e+01
   6.9250000e+01   5.2344844e+01
   6.9500000e+01   5.2271766e+01
   6.9750000e+01   5.2198926e+01
   7.0000000e+01   5.2126324e+01
   7.0250000e+01   5.2053960e+01
   7.0500000e+01   5.1981832e+01
   7.0750000e+01   5.1909941e+01
   7.1000000e+01   5.1838284e+01
   7.1250000e+01   5.1766862e+01
   7.1500000e+01   5.1695673e+01
   7.1750000e+01   5.1624718e+01
   7.2000000e+01   5.1553994e+01
   7.2250000e+01   5.1483502e+01
   7.2500000e+01   5.1413240e+01
   7.2750000e+01   5.1343208e+01
   7.3000000e+01   5.1273405e+01
   7.3250000e+01   5.1203830e+01
   7.3500000e+01   5.1134483e+01
   7.3750000e+01   5.1065362e+01
   7.4000000e+01   5.0996468e+01
   7.4250000e+01   5.0927799e+01
   7.4500000e+01   5.0859355e+01
   7.4750000e+01   5.0791134e+01
   7.5000000e+01   5.0723137e+01
   7.5250000e+01   5.0655362e+01
   7.5500000e+01   5.0587808e+01
   7.5750000e+01   5.0520476e+01
   7.6000000e+01   5.0453364e+01
   7.6250000e+01   5.0386471e+01
   7.6500000e+01   5.0319797e+01
   7.6750000e+01   5.0253341e+01
   7.7000000e+01   5.0187102e+01
   7.7250000e+01   5.0121080e+01
   7.7500000e+01   5.0055274e+01
   7.7750000e+01   4.9989683e+01
   7.8000000e+01   4.9924307e+01
   7.8250000e+01   4.9859145e+01
   7.8500000e+01   4.9794195e+01
   7.8750000e+01   4.9729458e+01
   7.9000000e+01   4.9664933e+01
   7.9250000e+01   4.9600619e+01
   7.9500000e+01   4.9536515e+01
   7.9750000e+01   4.9472621e+01
   8.0000000e+01   4.9408935e+01
   8.0250000e+01   4.9345459e+01
   8.0500000e+01   4.9282189e+01
   8.0750000e+01   4.9219127e+01
   8.1000000e+01   4.9156271e+01
   8.1250000e+01   4.9093620e+01
   8.1500000e+01   4.9031174e+01
   8.1750000e+01   4.8968933e+01
   8.2000000e+01   4.8906895e+01
   8.2250000e+01   4.8845060e+01
   8.2500000e+01   4.8783427e+01
   8.2750000e+01   4.8721996e+01
   8.3000000e+01   4.8660765e+01
   8.3250000e+01   4.8599735e+01
   8.3500000e+01   4.8538905e+01
   8.3750000e+01   4.8478273e+01
   8.4000000e+01   4.8417840e+01
   8.4250000e+01   4.8357604e+01
   8.4500000e+01   4.8297566e+01
   8.4750000e+01   4.8237724e+01
   8.5000000e+01   4.8178077e+01
   8.5250000e+01   4.8118626e+01
   8.5500000e+01   4.8059369e+01
   8.5750000e+01   4.8000305e+01
   8.6000000e+01   4.7941435e+01
   8.6250000e+01   4.7882758e+01
   8.6500000e+01   4.7824272e+01
   8.6750000e+01   4.7765978e+01
   8.7000000e+01   4.7707874e+01
   8.7250000e+01   4.7649961e+01
   8.7500000e+01   4.7592236e+01
   8.7750000e+01   4.7534701e+01
   8.8000000e+01   4.7477354e+01
   8.8250000e+01   4.7420194e+01
   8.8500000e+01   4.7363221e+01
   8.8750000e+01   4.7306435e+01
   8.9000000e+01   4.7249834e+01
   8.9250000e+01   4.7193418e+01
   8.9500000e+01   4.7137187e+01
   8.9750000e+01   4.7081140e+01
   9.0000000e+01   4.7025276e+01
   9.0250000e+01   4.6969595e+01
   9.0500000e+01   4.6914096e+01
   9.0750000e+01   4.6858778e+01
   9.1000000e+01   4.6803642e+01
   9.1250000e+01   4.6748685e+01
   9.1500000e+01   4.6693909e+01
   9.1750000e+01   4.6639311e+01
   9.2000000e+01   4.6584892e+01
   9.2250000e+01   4.6530651e+01
   9.2500000e+01   4.6476588e+01
   9.2750000e+01   4.6422701e+01
   9.3000000e+01   4.6368991e+01
   9.3250000e+01   4.6315456e+01
   9.3500000e+01   4.6262096e+01
   9.3750000e+01   4.6208911e+01
   9.4000000e+01   4.6155899e+01
   9.4250000e+01   4.6103062e+01
   9.4500000e+01   4.6050396e+01
   9.4750000e+01   4.5997904e+01
   9.5000000e+01   4.5945582e+01
   9.5250000e+01   4.5893432e+01
   9.5500000e+01   4.5841453e+01
   9.5750000e+01   4.5789643e+01
   9.6000000e+01   4.5738003e+01
   9.6250000e+01   4.5686532e+01
   9.6500000e+01   4.5635229e+01
   9.6750000e+01   4.5584094e+01
   9.7000000e+01   4.5533126e+01
   9.7250000e+01   4.5482325e+01
   9.7500000e+01   4.5431690e+01
   9.7750000e+01   4.5381221e+01
   9.8000000e+01   4.5330917e+01
   9.8250000e+01   4.5280777e+01
   9.8500000e+01   4.5230801e+01
   9.8750000e+01   4.5180989e+01
   9.9000000e+01   4.5131339e+01
   9.9250000e+01   4.5081852e+01
   9.9500000e+01   4.5032527e+01
   9.9750000e+01   4.4983363e+01
   1.0000000e+02   4.4934360e+01
   1.0025000e+02   4.4885517e+01
   1.0050000e+02   4.4836834e+01
   1.0075000e+02   4.4788310e+01
   1.0100000e+02   4.4739945e+01
   1.0125000e+02   4.4691738e+01
   1.0150000e+02   4.4643688e+01
   1.0175000e+02   4.4595796e+01
   1.0200000e+02   4.4548061e+01
   1.0225000e+02   4.4500481e+01
   1.0250000e+02   4.4453057e+01
   1.0275000e+02   4.4405788e+01
   1.0300000e+02   4.4358674e+01
   1.0325000e+02   4.4311714e+01
   1.0350000e+02   4.4264908e+01
   1.0375000e+02   4.4218254e+01
   1.0400000e+02   4.4171754e+01
   1.0425000e+02   4.4125405e+01
   1.0450000e+02   4.4079208e+01
   1.0475000e+02   4.4033161e+01
   1.0500000e+02   4.3987266e+01
   1.0525000e+02   4.3941521e+01
   1.0550000e+02   4.3895925e+01
   1.0575000e+02   4.3850478e+01
   1.0600000e+02   4.3805180e+01
   1.0625000e+02   4.3760030e+01
   1.0650000e+02   4.3715028e+01
   1.0675000e+02   4.3670173e+01
   1.0700000e+02   4.3625465e+01
   1.0725000e+02   4.3580903e+01
   1.0750000e+02   4.3536486e+01
   1.0775000e+02   4.3492215e+01
   1.0800000e+02   4.3448089e+01
   1.0825000e+02   4.3404107e+01
   1.0850000e+02   4.3360269e+01
   1.0875000e+02   4.3316574e+01
   1.0900000e+02   4.3273022e+01
   1.0925000e+02   4.3229613e+01
   1.0950000e+02   4.3186345e+01
   1.0975000e+02   4.3143219e+01
   1.1000000e+02   4.3100234e+01
   1.1025000e+02   4.3057390e+01
   1.1050000e+02   4.3014686e+01
   1.1075000e+02   4.2972121e+01
   1.1100000e+02   4.2929696e+01
   1.1125000e+02   4.2887409e+01
   1.1150000e+02   4.2845261e+01
   1.1175000e+02   4.2803250e+01
   1.1200000e+02   4.2761377e+01
   1.1225000e+02   4.2719641e+01
   1.1250000e+02   4.2678042e+01
   1.1275000e+02   4.2636578e+01
   1.1300000e+02   4.2595250e+01
   1.1325000e+02   4.2554057e+01
   1.1350000e+02   4.2512999e+01
   1.1375000e+02   4.2472075e+01
   1.1400000e+02   4.2431285e+01
   1.1425000e+02   4.2390629e+01
   1.1450000e+02   4.2350105e+01
   1.1475000e+02   4.2309714e+01
   1.1500000e+02   4.2269455e+01
   1.1525000e+02   4.2229328e+01
   1.1550000e+02   4.2189332e+01
   1.1575000e+02   4.2149467e+01
   1.1600000e+02   4.2109732e+01
   1.1625000e+02   4.2070127e+01
   1.1650000e+02   4.2030652e+01
   1.1675000e+02   4.1991305e+01
   1.1700000e+02   4.1952088e+01
   1.1725000e+02   4.1912998e+01
   1.1750000e+02   4.1874037e+01
   1.1775000e+02   4.1835203e+01
   1.1800000e+02   4.1796496e+01
   1.1825000e+02   4.1757915e+01
   1.1850000e+02   4.1719461e+01
   1.1875000e+02   4.1681132e+01
   1.1900000e+02   4.1642929e+01
   1.1925000e+02   4.1604851e+01
   1.1950000e+02   4.1566897e+01
   1.1975000e+02   4.1529068e+01
   1.2000000e+02   4.1491362e+01
   1.2025000e+02   4.1453779e+01
   1.2050000e+02   4.1416320e+01
   1.2075000e+02   4.1378983e+01
   1.2100000e+02   4.1341768e+01
   1.2125000e+02   4.1304674e+01
   1.2150000e+02   4.1267703e+01
   1.2175000e+02   4.1230851e+01
   1.2200000e+02   4.1194121e+01
   1.2225000e+02   4.1157511e+01
   1.2250000e+02   4.1121020e+01
   1.2275000e+02   4.1084649e+01
   1.2300000e+02   4.1048396e+01
   1.2325000e+02   4.1012262e+01
   1.2350000e+02   4.0976247e+01
   1.2375000e+02   4.0940349e+01
   1.2400000e+02   4.0904568e+01
   1.2425000e+02   4.0868905e+01
   1.2450000e+02   4.0833358e+01
   1.2475000e+02   4.0797928e+01
   1.2500000e+02   4.0762613e+01
   1.2525000e+02   4.0727414e+01
   1.2550000e+02   4.0692330e+01
   1.2575000e+02   4.0657361e+01
   1.2600000e+02   4.0622506e+01
   1.2625000e+02   4.0587765e+01
   1.2650000e+02   4.0553137e+01
   1.2675000e+02   4.0518623e+01
   1.2700000e+02   4.0484222e+01
   1.2725000e+02   4.0449934e+01
   1.2750000e+02   4.0415757e+01
   1.2775000e+02   4.0381692e+01
   1.2800000e+02   4.0347739e+01
   1.2825000e+02   4.0313897e+01
   1.2850000e+02   4.0280165e+01
   1.2875000e+02   4.0246544e+01
   1.2900000e+02   4.0213032e+01
   1.2925000e+02   4.0179631e+01
   1.2950000e+02   4.0146338e+01
   1.2975000e+02   4.0113154e+01
   1.3000000e+02   4.0080079e+01
   1.3025000e+02   4.0047112e+01
   1.3050000e+02   4.0014253e+01
   1.3075000e+02   3.9981502e+01
   1.3100000e+02   3.9948857e+01
   1.3125000e+02   3.9916319e+01
   1.3150000e+02   3.9883888e+01
   1.3175000e+02   3.9851563e+01
   1.3200000e+02   3.9819343e+01
   1.3225000e+02   3.9787229e+01
   1.3250000e+02   3.9755220e+01
   1.3275000e+02   3.9723315e+01
   1.3300000e+02   3.9691515e+01
   1.3325000e+02   3.9659819e+01
   1.3350000e+02   3.9628227e+01
   1.3375000e+02   3.9596738e+01
   1.3400000e+02   3.9565351e+01
   1.3425000e+02   3.9534068e+01
   1.3450000e+02   3.9502887e+01
   1.3475000e+02   3.9471808e+01
   1.3500000e+02   3.9440830e+01
   1.3525000e+02   3.9409954e+01
   1.3550000e+02   3.9379178e+01
   1.3575000e+02   3.9348504e+01
   1.3600000e+02   3.9317930e+01
   1.3625000e+02   3.9287455e+01
   1.3650000e+02   3.9257081e+01
   1.3675000e+02   3.9226805e+01
   1.3700000e+02   3.9196629e+01
   1.3725000e+02   3.9166551e+01
   1.3750000e+02   3.9136572e+01
   1.3775000e+02   3.9106691e+01
   1.3800000e+02   3.9076908e+01
   1.3825000e+02   3.9047221e+01
   1.3850000e+02   3.9017633e+01
   1.3875000e+02   3.8988140e+01
   1.3900000e+02   3.8958745e+01
   1.3925000e+02   3.8929445e+01
   1.3950000e+02   3.8900241e+01
   1.3975000e+02   3.8871133e+01
   1.4000000e+02   3.8842120e+01
   1.4025000e+02   3.8813202e+01
   1.4050000e+02   3.8784378e+01
   1.4075000e+02   3.8755649e+01
   1.4100000e+02   3.8727013e+01
   1.4125000e+02   3.8698472e+01
   1.4150000e+02   3.8670023e+01
   1.4175000e+02   3.8641668e+01
   1.4200000e+02   3.8613405e+01
   1.4225000e+02   3.8585235e+01
   1.4250000e+02   3.8557157e+01
   1.4275000e+02   3.8529171e+01
   1.4300000e+02   3.8501276e+01
   1.4325000e+02   3.8473473e+01
   1.4350000e+02   3.8445760e+01
   1.4375000e+02   3.8418139e+01
   1.4400000e+02   3.8390607e+01
   1.4425000e+02   3.8363165e+01
   1.4450000e+02   3.8335814e+01
   1.4475000e+02   3.8308551e+01
   1.4500000e+02   3.8281378e+01
   1.4525000e+02   3.8254294e+01
   1.4550000e+02   3.8227298e+01
   1.4575000e+02   3.8200391e+01
   1.4600000e+02   3.8173572e+01
   1.4625000e+02   3.8146840e+01
   1.4650000e+02   3.8120196e+01
   1.4675000e+02   3.8093638e+01
   1.4700000e+02   3.8067168e+01
   1.4725000e+02   3.8040785e+01
   1.4750000e+02   3.8014487e+01
   1.4775000e+02   3.7988276e+01
   1.4800000e+02   3.7962150e+01
   1.4825000e+02   3.7936110e+01
   1.4850000e+02   3.7910155e+01
   1.4875000e+02   3.7884285e+01
   1.4900000e+02   3.7858499e+01
   1.4925000e+02   3.7832798e+01
   1.4950000e+02   3.7807181e+01
   1.4975000e+02   3.7781647e+01
   1.5000000e+02   3.7756197e+01
   1.5025000e+02   3.7730831e+01
   1.5050000e+02   3.7705547e+01
   1.5075000e+02   3.7680346e+01
   1.5100000e+02   3.7655227e+01
   1.5125000e+02   3.7630191e+01
   1.5150000e+02   3.7605236e+01
   1.5175000e+02   3.7580363e+01
   1.5200000e+02   3.7555572e+01
   1.5225000e+02   3.7530861e+01
   1.5250000e+02   3.7506232e+01
   1.5275000e+02   3.7481682e+01
   1.5300000e+02   3.7457214e+01
   1.5325000e+02   3.7432825e+01
   1.5350000e+02   3.7408516e+01
   1.5375000e+02   3.7384286e+01
   1.5400000e+02   3.7360136e+01
   1.5425000e+02   3.7336064e+01
   1.5450000e+02   3.7312072e+01
   1.5475000e+02   3.7288158e+01
   1.5500000e+02   3.7264322e+01
   1.5525000e+02   3.7240564e+01
   1.5550000e+02   3.7216883e+01
   1.5575000e+02   3.7193281e+01
   1.5600000e+02   3.7169755e+01
   1.5625000e+02   3.7146306e+01
   1.5650000e+02   3.7122934e+01
   1.5675000e+02   3.7099639e+01
   1.5700000e+02   3.7076419e+01
   1.5725000e+02   3.7053276e+01
   1.5750000e+02   3.7030208e+01
   1.5775000e+02   3.7007216e+01
   1.5800000e+02   3.6984299e+01
   1.5825000e+02   3.6961457e+01
   1.5850000e+02   3.6938689e+01
   1.5875000e+02   3.6915996e+01
   1.5900000e+02   3.6893377e+01
   1.5925000e+02   3.6870832e+01
   1.5950000e+02   3.6848361e+01
   1.5975000e+02   3.6825964e+01
   1.6000000e+02   3.6803640e+01
   1.6025000e+02   3.6781388e+01
   1.6050000e+02   3.6759210e+01
   1.6075000e+02   3.6737104e+01
   1.6100000e+02   3.6715070e+01
   1.6125000e+02   3.6693108e+01
   1.6150000e+02   3.6671218e+01
   1.6175000e+02   3.6649400e+01
   1.6200000e+02   3.6627653e+01
   1.6225000e+02   3.6605978e+01
   1.6250000e+02   3.6584373e+01
   1.6275000e+02   3.6562838e+01
   1.6300000e+02   3.6541375e+01
   1.6325000e+02   3.6519981e+01
   1.6350000e+02   3.6498658e+01
   1.6375000e+02   3.6477404e+01
   1.6400000e+02   3.6456219e+01
   1.6425000e+02   3.6435104e+01
   1.6450000e+02   3.6414058e+01
   1.6475000e+02   3.6393081e+01
   1.6500000e+02   3.6372172e+01
   1.6525000e+02   3.6351332e+01
   1.6550000e+02   3.6330560e+01
   1.6575000e+02   3.6309856e+01
   1.6600000e+02   3.6289220e+01
   1.6625000e+02   3.6268651e+01
   1.6650000e+02   3.6248149e+01
   1.6675000e+02   3.6227715e+01
   1.6700000e+02   3.6207347e+01
   1.6725000e+02   3.6187046e+01
   1.6750000e+02   3.6166811e+01
   1.6775000e+02   3.6146642e+01
   1.6800000e+02   3.6126540e+01
   1.6825000e+02   3.6106503e+01
   1.6850000e+02   3.6086532e+01
   1.6875000e+02   3.6066625e+01
   1.6900000e+02   3.6046785e+01
   1.6925000e+02   3.6027009e+01
   1.6950000e+02   3.6007297e+01
   1.6975000e+02   3.5987650e+01
   1.7000000e+02   3.5968068e+01
   1.7025000e+02   3.5948549e+01
   1.7050000e+02   3.5929094e+01
   1.7075000e+02   3.5909703e+01
   1.7100000e+02   3.5890376e+01
   1.7125000e+02   3.5871111e+01
   1.7150000e+02   3.5851910e+01
   1.7175000e+02   3.5832771e+01
   1.7200000e+02   3.5813695e+01
   1.7225000e+02   3.5794681e+01
   1.7250000e+02   3.5775730e+01
   1.7275000e+02   3.5756840e+01
   1.7300000e+02   3.5738012e+01
   1.7325000e+02   3.5719246e+01
   1.7350000e+02   3.5700541e+01
   1.7375000e+02   3.5681898e+01
   1.7400000e+02   3.5663315e+01
   1.7425000e+02   3.5644793e+01
   1.7450000e+02   3.5626332e+01
   1.7475000e+02   3.5607931e+01
   1.7500000e+02   3.5589590e+01
   1.7525000e+02   3.5571309e+01
   1.7550000e+02   3.5553088e+01
   1.7575000e+02   3.5534927e+01
   1.7600000e+02   3.5516825e+01
   1.7625000e+02   3.5498782e+01
   1.7650000e+02   3.5480798e+01
   1.7675000e+02   3.5462873e+01
   1.7700000e+02   3.5445007e+01
   1.7725000e+02   3.5427199e+01
   1.7750000e+02   3.5409450e+01
   1.7775000e+02   3.5391758e+01
   1.7800000e+02   3.5374124e+01
   1.7825000e+02   3.5356548e+01
   1.7850000e+02   3.5339030e+01
   1.7875000e+02   3.5321568e+01
   1.7900000e+02   3.5304164e+01
   1.7925000e+02   3.5286817e+01
   1.7950000e+02   3.5269526e+01
   1.7975000e+02   3.5252292e+01
   1.8000000e+02   3.5235115e+01
   1.8025000e+02   3.5217993e+01
   1.8050000e+02   3.5200928e+01
   1.8075000e+02   3.5183918e+01
   1.8100000e+02   3.5166964e+01
   1.8125000e+02   3.5150065e+01
   1.8150000e+02   3.5133222e+01
   1.8175000e+02   3.5116434e+01
   1.8200000e+02   3.5099701e+01
   1.8225000e+02   3.5083022e+01
   1.8250000e+02   3.5066398e+01
   1.8275000e+02   3.5049828e+01
   1.8300000e+02   3.5033313e+01
   1.8325000e+02   3.5016851e+01
   1.8350000e+02   3.5000444e+01
   1.8375000e+02   3.4984090e+01
   1.8400000e+02   3.4967789e+01
   1.8425000e+02   3.4951542e+01
   1.8450000e+02   3.4935348e+01
   1.8475000e+02   3.4919207e+01
   1.8500000e+02   3.4903119e+01
   1.8525000e+02   3.4887083e+01
   1.8550000e+02   3.4871100e+01
   1.8575000e+02   3.4855169e+01
   1.8600000e+02   3.4839290e+01
   1.8625000e+02   3.4823463e+01
   1.8650000e+02   3.4807688e+01
   1.8675000e+02   3.4791964e+01
   1.8700000e+02   3.4776292e+01
   1.8725000e+02   3.4760671e+01
   1.8750000e+02   3.4745102e+01
   1.8775000e+02   3.4729583e+01
   1.8800000e+02   3.4714115e+01
   1.8825000e+02   3.4698697e+01
   1.8850000e+02   3.4683330e+01
   1.8875000e+02   3.4668013e+01
   1.8900000e+02   3.4652746e+01
   1.8925000e+02   3.4637530e+01
   1.8950000e+02   3.4622363e+01
   1.8975000e+02   3.4607245e+01
   1.9000000e+02   3.4592177e+01
   1.9025000e+02   3.4577158e+01
   1.9050000e+02   3.4562189e+01
   1.9075000e+02   3.4547268e+01
   1.9100000e+02   3.4532396e+01
   1.9125000e+02   3.4517573e+01
   1.9150000e+02   3.4502798e+01
   1.9175000e+02   3.4488072e+01
   1.9200000e+02   3.4473394e+01
   1.9225000e+02   3.4458763e+01
   1.9250000e+02   3.4444181e+01
   1.9275000e+02   3.4429646e+01
   1.9300000e+02   3.4415159e+01
   1.9325000e+02   3.4400719e+01
   1.9350000e+02   3.4386327e+01
   1.9375000e+02   3.4371981e+01
   1.9400000e+02   3.4357683e+01
   1.9425000e+02   3.4343431e+01
   1.9450000e+02   3.4329226e+01
   1.9475000e+02   3.4315067e+01
   1.9500000e+02   3.4300955e+01
   1.9525000e+02   3.4286888e+01
   1.9550000e+02   3.4272868e+01
   1.9575000e+02   3.4258894e+01
   1.9600000e+02   3.4244965e+01
   1.9625000e+02   3.4231082e+01
   1.9650000e+02   3.4217244e+01
   1.9675000e+02   3.4203451e+01
   1.9700000e+02   3.4189704e+01
   1.9725000e+02   3.4176002e+01
   1.9750000e+02   3.4162344e+01
   1.9775000e+02   3.4148731e+01
   1.9800000e+02   3.4135163e+01
   1.9825000e+02   3.4121639e+01
   1.9850000e+02   3.4108159e+01
   1.9875000e+02   3.4094723e+01
   1.9900000e+02   3.4081331e+01
   1.9925000e+02   3.4067983e+01
   1.9950000e+02   3.4054679e+01
   1.9975000e+02   3.4041418e+01
   2.0000000e+02   3.4028201e+01
   2.0025000e+02   3.4015026e+01
   2.0050000e+02   3.4001895e+01
   2.0075000e+02   3.3988807e+01
   2.0100000e+02   3.3975762e+01
   2.0125000e+02   3.3962759e+01
   2.0150000e+02   3.3949799e+01
   2.0175000e+02   3.3936881e+01
   2.0200000e+02   3.3924005e+01
   2.0225000e+02   3.3911172e+01
   2.0250000e+02   3.3898380e+01
   2.0275000e+02   3.3885631e+01
   2.0300000e+02   3.3872923e+01
   2.0325000e+02   3.3860256e+01
   2.0350000e+02   3.3847631e+01
   2.0375000e+02   3.3835048e+01
   2.0400000e+02   3.3822505e+01
   2.0425000e+02   3.3810003e+01
   2.0450000e+02   3.3797543e+01
   2.0475000e+02   3.3785123e+01
   2.0500000e+02   3.3772744e+01
   2.0525000e+02   3.3760405e+01
   2.0550000e+02   3.3748107e+01
   2.0575000e+02   3.3735848e+01
   2.0600000e+02   3.3723630e+01
   2.0625000e+02   3.3711452e+01
   2.0650000e+02   3.3699314e+01
   2.0675000e+02   3.3687215e+01
   2.0700000e+02   3.3675156e+01
   2.0725000e+02   3.3663137e+01
   2.0750000e+02   3.3651156e+01
   2.0775000e+02   3.3639215e+01
   2.0800000e+02   3.3627313e+01
   2.0825000e+02   3.3615450e+01
   2.0850000e+02   3.3603626e+01
   2.0875000e+02   3.3591840e+01
   2.0900000e+02   3.3580093e+01
   2.0925000e+02   3.3568384e+01
   2.0950000e+02   3.3556714e+01
   2.0975000e+02   3.3545081e+01
   2.1000000e+02   3.3533487e+01
   2.1025000e+02   3.3521931e+01
   2.1050000e+02   3.3510413e+01
   2.1075000e+02   3.3498932e+01
   2.1100000e+02   3.3487488e+01
   2.1125000e+02   3.3476083e+01
   2.1150000e+02   3.3464714e+01
   2.1175000e+02   3.3453383e+01
   2.1200000e+02   3.3442088e+01
   2.1225000e+02   3.3430831e+01
   2.1250000e+02   3.3419610e+01
   2.1275000e+02   3.3408427e+01
   2.1300000e+02   3.3397279e+01
   2.1325000e+02   3.3386169e+01
   2.1350000e+02   3.3375094e+01
   2.1375000e+02   3.3364056e+01
   2.1400000e+02   3.3353054e+01
   2.1425000e+02   3.3342088e+01
   2.1450000e+02   3.3331157e+01
   2.1475000e+02   3.3320263e+01
   2.1500000e+02   3.3309404e+01
   2.1525000e+02   3.3298580e+01
   2.1550000e+02   3.3287792e+01
   2.1575000e+02   3.3277040e+01
   2.1600000e+02   3.3266322e+01
   2.1625000e+02   3.3255640e+01
   2.1650000e+02   3.3244992e+01
   2.1675000e+02   3.3234379e+01
   2.1700000e+02   3.3223801e+01
   2.1725000e+02   3.3213258e+01
   2.1750000e+02   3.3202749e+01
   2.1775000e+02   3.3192274e+01
   2.1800000e+02   3.3181834e+01
   2.1825000e+02   3.3171428e+01
   2.1850000e+02   3.3161055e+01
   2.1875000e+02   3.3150717e+01
   2.1900000e+02   3.3140413e+01
   2.1925000e+02   3.3130142e+01
   2.1950000e+02   3.3119905e+01
   2.1975000e+02   3.3109701e+01
   2.2000000e+02   3.3099531e+01
   2.2025000e+02   3.3089394e+01
   2.2050000e+02   3.3079290e+01
   2.2075000e+02   3.3069219e+01
   2.2100000e+02   3.3059181e+01
   2.2125000e+02   3.3049176e+01
   2.2150000e+02   3.3039204e+01
   2.2175000e+02   3.3029264e+01
   2.2200000e+02   3.3019357e+01
   2.2225000e+02   3.3009482e+01
   2.2250000e+02   3.2999640e+01
   2.2275000e+02   3.2989829e+01
   2.2300000e+02   3.2980051e+01
   2.2325000e+02   3.2970305e+01
   2.2350000e+02   3.2960590e+01
   2.2375000e+02   3.2950908e+01
   2.2400000e+02   3.2941257e+01
   2.2425000e+02   3.2931637e+01
   2.2450000e+02   3.2922050e+01
   2.2475000e+02   3.2912493e+01
   2.2500000e+02   3.2902968e+01
   2.2525000e+02   3.2893474e+01
   2.2550000e+02   3.2884010e+01
   2.2575000e+02   3.2874578e+01
   2.2600000e+02   3.2865177e+01
   2.2625000e+02   3.2855806e+01
   2.2650000e+02   3.2846466e+01
   2.2675000e+02   3.2837157e+01
   2.2700000e+02   3.2827878e+01
   2.2725000e+02   3.2818630e+01
   2.2750000e+02   3.2809411e+01
   2.2775000e+02   3.2800223e+01
   2.2800000e+02   3.2791065e+01
   2.2825000e+02   3.2781937e+01
   2.2850000e+02   3.2772838e+01
   2.2875000e+02   3.2763770e+01
   2.2900000e+02   3.2754731e+01
   2.2925000e+02   3.2745722e+01
   2.2950000e+02   3.2736742e+01
   2.2975000e+02   3.2727791e+01
   2.3000000e+02   3.2718870e+01
   2.3025000e+02   3.2709978e+01
   2.3050000e+02   3.2701115e+01
   2.3075000e+02   3.2692281e+01
   2.3100000e+02   3.2683476e+01
   2.3125000e+02   3.2674699e+01
   2.3150000e+02   3.2665952e+01
   2.3175000e+02   3.2657233e+01
   2.3200000e+02   3.2648542e+01
   2.3225000e+02   3.2639880e+01
   2.3250000e+02   3.2631247e+01
   2.3275000e+02   3.2622641e+01
   2.3300000e+02   3.2614064e+01
   2.3325000e+02   3.2605514e+01
   2.3350000e+02   3.2596993e+01
   2.3375000e+02   3.2588500e+01
   2.3400000e+02   3.2580034e+01
   2.3425000e+02   3.2571596e+01
   2.3450000e+02   3.2563185e+01
   2.3475000e+02   3.2554803e+01
   2.3500000e+02   3.2546447e+01
   2.3525000e+02   3.2538119e+01
   2.3550000e+02   3.2529818e+01
   2.3575000e+02   3.2521544e+01
   2.3600000e+02   3.2513297e+01
   2.3625000e+02   3.2505078e+01
   2.3650000e+02   3.2496885e+01
   2.3675000e+02   3.2488719e+01
   2.3700000e+02   3.2480579e+01
   2.3725000e+02   3.2472467e+01
   2.3750000e+02   3.2464380e+01
   2.3775000e+02   3.2456321e+01
   2.3800000e+02   3.2448287e+01
   2.3825000e+02   3.2440280e+01
   2.3850000e+02   3.2432299e+01
   2.3875000e+02   3.2424344e+01
   2.3900000e+02   3.2416416e+01
   2.3925000e+02   3.2408513e+01
   2.3950000e+02   3.2400636e+01
   2.3975000e+02   3.2392784e+01
   2.4000000e+02   3.2384959e+01
   2.4025000e+02   3.2377159e+01
   2.4050000e+02   3.2369384e+01
   2.4075000e+02   3.2361635e+01
   2.4100000e+02   3.2353911e+01
   2.4125000e+02   3.2346213e+01
   2.4150000e+02   3.2338540e+01
   2.4175000e+02   3.2330891e+01
   2.4200000e+02   3.2323268e+01
   2.4225000e+02   3.2315670e+01
   2.4250000e+02   3.2308097e+01
   2.4275000e+02   3.2300548e+01
   2.4300000e+02   3.2293024e+01
   2.4325000e+02   3.2285525e+01
   2.4350000e+02   3.2278050e+01
   2.4375000e+02   3.2270600e+01
   2.4400000e+02   3.2263174e+01
   2.4425000e+02   3.2255772e+01
   2.4450000e+02   3.2248394e+01
   2.4475000e+02   3.2241041e+01
   2.4500000e+02   3.2233712e+01
   2.4525000e+02   3.2226406e+01
   2.4550000e+02   3.2219125e+01
   2.4575000e+02   3.2211867e+01
   2.4600000e+02   3.2204633e+01
   2.4625000e+02   3.2197423e+01
   2.4650000e+02   3.2190236e+01
   2.4675000e+02   3.2183073e+01
   2.4700000e+02   3.2175933e+01
   2.4725000e+02   3.2168817e+01
   2.4750000e+02   3.2161724e+01
   2.4775000e+02   3.2154654e+01
   2.4800000e+02   3.2147607e+01
   2.4825000e+02   3.2140583e+01
   2.4850000e+02   3.2133583e+01
   2.4875000e+02   3.2126605e+01
   2.4900000e+02   3.2119650e+01
   2.4925000e+02   3.2112717e+01
   2.4950000e+02   3.2105808e+01
   2.4975000e+02   3.2098921e+01
   2.5000000e+02   3.2092056e+01
   2.5025000e+02   3.2085214e+01
   2.5050000e+02   3.2078394e+01
   2.5075000e+02   3.2071597e+01
   2.5100000e+02   3.2064822e+01
   2.5125000e+02   3.2058069e+01
   2.5150000e+02   3.2051338e+01
   2.5175000e+02   3.2044629e+01
   2.5200000e+02   3.2037942e+01
   2.5225000e+02   3.2031277e+01
   2.5250000e+02   3.2024634e+01
   2.5275000e+02   3.2018012e+01
   2.5300000e+02   3.2011412e+01
   2.5325000e+02   3.2004834e+01
   2.5350000e+02   3.1998277e+01
   2.5375000e+02   3.1991742e+01
   2.5400000e+02   3.1985228e+01
   2.5425000e+02   3.1978735e+01
   2.5450000e+02   3.1972263e+01
   2.5475000e+02   3.1965813e+01
   2.5500000e+02   3.1959384e+01
   2.5525000e+02   3.1952976e+01
   2.5550000e+02   3.1946589e+01
   2.5575000e+02   3.1940222e+01
   2.5600000e+02   3.1933877e+01
   2.5625000e+02   3.1927552e+01
   2.5650000e+02   3.1921248e+01
   2.5675000e+02   3.1914964e+01
   2.5700000e+02   3.1908702e+01
   2.5725000e+02   3.1902459e+01
   2.5750000e+02   3.1896237e+01
   2.5775000e+02   3.1890036e+01
   2.5800000e+02   3.1883854e+01
   2.5825000e+02   3.1877693e+01
   2.5850000e+02   3.1871552e+01
   2.5875000e+02   3.1865431e+01
   2.5900000e+02   3.1859330e+01
   2.5925000e+02   3.1853249e+01
   2.5950000e+02   3.1847188e+01
   2.5975000e+02   3.1841147e+01
   2.6000000e+02   3.1835125e+01
   2.6025000e+02   3.1829124e+01
   2.6050000e+02   3.1823142e+01
   2.6075000e+02   3.1817179e+01
   2.6100000e+02   3.1811236e+01
   2.6125000e+02   3.1805312e+01
   2.6150000e+02   3.1799408e+01
   2.6175000e+02   3.1793523e+01
   2.6200000e+02   3.1787657e+01
   2.6225000e+02   3.1781811e+01
   2.6250000e+02   3.1775983e+01
   2.6275000e+02   3.1770175e+01
   2.6300000e+02   3.1764386e+01
   2.6325000e+02   3.1758615e+01
   2.6350000e+02   3.1752864e+01
   2.6375000e+02   3.1747131e+01
   2.6400000e+02   3.1741417e+01
   2.6425000e+02   3.1735722e+01
   2.6450000e+02   3.1730045e+01
   2.6475000e+02   3.1724387e+01
   2.6500000e+02   3.1718747e+01
   2.6525000e+02   3.1713126e+01
   2.6550000e+02   3.1707523e+01
   2.6575000e+02   3.1701939e+01
   2.6600000e+02   3.1696373e+01
   2.6625000e+02   3.1690825e+01
   2.6650000e+02   3.1685295e+01
   2.6675000e+02   3.1679783e+01
   2.6700000e+02   3.1674289e+01
   2.6725000e+02   3.1668813e+01
   2.6750000e+02   3.1663356e+01
   2.6775000e+02   3.1657916e+01
   2.6800000e+02   3.1652493e+01
   2.6825000e+02   3.1647089e+01
   2.6850000e+02   3.1641702e+01
   2.6875000e+02   3.1636333e+01
   2.6900000e+02   3.1630981e+01
   2.6925000e+02   3.1625647e+01
   2.6950000e+02   3.1620330e+01
   2.6975000e+02   3.1615031e+01
   2.7000000e+02   3.1609749e+01
   2.7025000e+02   3.1604484e+01
   2.7050000e+02   3.1599237e+01
   2.7075000e+02   3.1594007e+01
   2.7100000e+02   3.1588794e+01
   2.7125000e+02   3.1583597e+01
   2.7150000e+02   3.1578418e+01
   2.7175000e+02   3.1573256e+01
   2.7200000e+02   3.1568111e+01
   2.7225000e+02   3.1562982e+01
   2.7250000e+02   3.1557870e+01
   2.7275000e+02   3.1552775e+01
   2.7300000e+02   3.1547697e+01
   2.7325000e+02   3.1542635e+01
   2.7350000e+02   3.1537590e+01
   2.7375000e+02   3.1532561e+01
   2.7400000e+02   3.1527549e+01
   2.7425000e+02   3.1522553e+01
   2.7450000e+02   3.1517574e+01
   2.7475000e+02   3.1512611e+01
   2.7500000e+02   3.1507664e+01
   2.7525000e+02   3.1502733e+01
   2.7550000e+02   3.1497818e+01
   2.7575000e+02   3.1492919e+01
   2.7600000e+02   3.1488037e+01
   2.7625000e+02   3.1483170e+01
   2.7650000e+02   3.1478319e+01
   2.7675000e+02   3.1473485e+01
   2.7700000e+02   3.1468666e+01
   2.7725000e+02   3.1463862e+01
   2.7750000e+02   3.1459075e+01
   2.7775000e+02   3.1454303e+01
   2.7800000e+02   3.1449547e+01
   2.7825000e+02   3.1444806e+01
   2.7850000e+02   3.1440081e+01
   2.7875000e+02   3.1435371e+01
   2.7900000e+02   3.1430676e+01
   2.7925000e+02   3.1425997e+01
   2.7950000e+02   3.1421334e+01
   2.7975000e+02   3.1416685e+01
   2.8000000e+02   3.1412052e+01
   2.8025000e+02   3.1407434e+01
   2.8050000e+02   3.1402831e+01
   2.8075000e+02   3.1398243e+01
   2.8100000e+02   3.1393670e+01
   2.8125000e+02   3.1389112e+01
   2.8150000e+02   3.1384569e+01
   2.8175000e+02   3.1380041e+01
   2.8200000e+02   3.1375527e+01
   2.8225000e+02   3.1371028e+01
   2.8250000e+02   3.1366544e+01
   2.8275000e+02   3.1362075e+01
   2.8300000e+02   3.1357621e+01
   2.8325000e+02   3.1353180e+01
   2.8350000e+02   3.1348755e+01
   2.8375000e+02   3.1344344e+01
   2.8400000e+02   3.1339947e+01
   2.8425000e+02   3.1335565e+01
   2.8450000e+02   3.1331197e+01
   2.8475000e+02   3.1326843e+01
   2.8500000e+02   3.1322504e+01
   2.8525000e+02   3.1318178e+01
   2.8550000e+02   3.1313867e+01
   2.8575000e+02   3.1309570e+01
   2.8600000e+02   3.1305287e+01
   2.8625000e+02   3.1301018e+01
   2.8650000e+02   3.1296763e+01
   2.8675000e+02   3.1292522e+01
   2.8700000e+02   3.1288295e+01
   2.8725000e+02   3.1284082e+01
   2.8750000e+02   3.1279882e+01
   2.8775000e+02   3.1275696e+01
   2.8800000e+02   3.1271524e+01
   2.8825000e+02   3.1267366e+01
   2.8850000e+02   3.1263221e+01
   2.8875000e+02   3.1259089e+01
   2.8900000e+02   3.1254971e+01
   2.8925000e+02   3.1250867e+01
   2.8950000e+02   3.1246776e+01
   2.8975000e+02   3.1242699e+01
   2.9000000e+02   3.1238634e+01
   2.9025000e+02   3.1234583e+01
   2.9050000e+02   3.1230546e+01
   2.9075000e+02   3.1226521e+01
   2.9100000e+02   3.1222510e+01
   2.9125000e+02   3.1218512e+01
   2.9150000e+02   3.1214526e+01
   2.9175000e+02   3.1210554e+01
   2.9200000e+02   3.1206595e+01
   2.9225000e+02   3.1202649e+01
   2.9250000e+02   3.1198716e+01
   2.9275000e+02   3.1194795e+01
   2.9300000e+02   3.1190888e+01
   2.9325000e+02   3.1186993e+01
   2.9350000e+02   3.1183111e+01
   2.9375000e+02   3.1179242e+01
   2.9400000e+02   3.1175385e+01
   2.9425000e+02   3.1171541e+01
   2.9450000e+02   3.1167709e+01
   2.9475000e+02   3.1163890e+01
   2.9500000e+02   3.1160084e+01
   2.9525000e+02   3.1156290e+01
   2.9550000e+02   3.1152508e+01
   2.9575000e+02   3.1148739e+01
   2.9600000e+02   3.1144982e+01
   2.9625000e+02   3.1141237e+01
   2.9650000e+02   3.1137505e+01
   2.9675000e+02   3.1133784e+01
   2.9700000e+02   3.1130076e+01
   2.9725000e+02   3.1126381e+01
   2.9750000e+02   3.1122697e+01
   2.9775000e+02   3.1119025e+01
   2.9800000e+02   3.1115365e+01
   2.9825000e+02   3.1111717e+01
   2.9850000e+02   3.1108081e+01
   2.9875000e+02   3.1104457e+01
   2.9900000e+02   3.1100845e+01
   2.9925000e+02   3.1097245e+01
   2.9950000e+02   3.1093656e+01
   2.9975000e+02   3.1090080e+01
   3.0000000e+02   3.1086515e+01
   3.0025000e+02   3.1082961e+01
   3.0050000e+02   3.1079419e+01
   3.0075000e+02   3.1075889e+01
   3.0100000e+02   3.1072370e+01
   3.0125000e+02   3.1068863e+01
   3.0150000e+02   3.1065367e+01
   3.0175000e+02   3.1061883e+01
   3.0200000e+02   3.1058410e+01
   3.0225000e+02   3.1054949e+01
   3.0250000e+02   3.1051499e+01
   3.0275000e+02   3.1048060e+01
   3.0300000e+02   3.1044632e+01
   3.0325000e+02   3.1041215e+01
   3.0350000e+02   3.1037810e+01
   3.0375000e+02   3.1034416e+01
   3.0400000e+02   3.1031033e+01
   3.0425000e+02   3.1027661e+01
   3.0450000e+02   3.1024300e+01
   3.0475000e+02   3.1020950e+01
   3.0500000e+02   3.1017611e+01
   3.0525000e+02   3.1014283e+01
   3.0550000e+02   3.1010966e+01
   3.0575000e+02   3.1007659e+01
   3.0600000e+02   3.1004364e+01
   3.0625000e+02   3.1001079e+01
   3.0650000e+02   3.0997805e+01
   3.0675000e+02   3.0994542e+01
   3.0700000e+02   3.0991289e+01
   3.0725000e+02   3.0988047e+01
   3.0750000e+02   3.0984816e+01
   3.0775000e+02   3.0981595e+01
   3.0800000e+02   3.0978384e+01
   3.0825000e+02   3.0975185e+01
   3.0850000e+02   3.0971995e+01
   3.0875000e+02   3.0968816e+01
   3.0900000e+02   3.0965648e+01
   3.0925000e+02   3.0962490e+01
   3.0950000e+02   3.0959342e+01
   3.0975000e+02   3.0956204e+01
   3.1000000e+02   3.0953077e+01
   3.1025000e+02   3.0949960e+01
   3.1050000e+02   3.0946853e+01
   3.1075000e+02   3.0943756e+01
   3.1100000e+02   3.0940670e+01
   3.1125000e+02   3.0937593e+01
   3.1150000e+02   3.0934527e+01
   3.1175000e+02   3.0931471e+01
   3.1200000e+02   3.0928424e+01
   3.1225000e+02   3.0925388e+01
   3.1250000e+02   3.0922361e+01
   3.1275000e+02   3.0919345e+01
   3.1300000e+02   3.0916338e+01
   3.1325000e+02   3.0913341e+01
   3.1350000e+02   3.0910354e+01
   3.1375000e+02   3.0907377e+01
   3.1400000e+02   3.0904409e+01
   3.1425000e+02   3.0901451e+01
   3.1450000e+02   3.0898503e+01
   3.1475000e+02   3.0895565e+01
   3.1500000e+02   3.0892636e+01
   3.1525000e+02   3.0889716e+01
   3.1550000e+02   3.0886806e+01
   3.1575000e+02   3.0883906e+01
   3.1600000e+02   3.0881015e+01
   3.1625000e+02   3.0878134e+01
   3.1650000e+02   3.0875262e+01
   3.1675000e+02   3.0872399e+01
   3.1700000e+02   3.0869546e+01
   3.1725000e+02   3.0866702e+01
   3.1750000e+02   3.0863868e+01
   3.1775000e+02   3.0861043e+01
   3.1800000e+02   3.0858227e+01
   3.1825000e+02   3.0855420e+01
   3.1850000e+02   3.0852622e+01
   3.1875000e+02   3.0849834e+01
   3.1900000e+02   3.0847054e+01
   3.1925000e+02   3.0844284e+01
   3.1950000e+02   3.0841523e+01
   3.1975000e+02   3.0838770e+01
   3.2000000e+02   3.0836027e+01
   3.2025000e+02   3.0833293e+01
   3.2050000e+02   3.0830568e+01
   3.2075000e+02   3.0827851e+01
   3.2100000e+02   3.0825144e+01
   3.2125000e+02   3.0822445e+01
   3.2150000e+02   3.0819755e+01
   3.2175000e+02   3.0817074e+01
   3.2200000e+02   3.0814402e+01
   3.2225000e+02   3.0811739e+01
   3.2250000e+02   3.0809084e+01
   3.2275000e+02   3.0806438e+01
   3.2300000e+02   3.0803800e+01
   3.2325000e+02   3.0801172e+01
   3.2350000e+02   3.0798551e+01
   3.2375000e+02   3.0795940e+01
   3.2400000e+02   3.0793336e+01
   3.2425000e+02   3.0790742e+01
   3.2450000e+02   3.0788156e+01
   3.2475000e+02   3.0785578e+01
   3.2500000e+02   3.0783009e+01
   3.2525000e+02   3.0780448e+01
   3.2550000e+02   3.0777896e+01
   3.2575000e+02   3.0775351e+01
   3.2600000e+02   3.0772816e+01
   3.2625000e+02   3.0770288e+01
   3.2650000e+02   3.0767769e+01
   3.2675000e+02   3.0765258e+01
   3.2700000e+02   3.0762755e+01
   3.2725000e+02   3.0760261e+01
   3.2750000e+02   3.0757774e+01
   3.2775000e+02   3.0755296e+01
   3.2800000e+02   3.0752826e+01
   3.2825000e+02   3.0750364e+01
   3.2850000e+02   3.0747909e+01
   3.2875000e+02   3.0745463e+01
   3.2900000e+02   3.0743025e+01
   3.2925000e+02   3.0740595e+01
   3.2950000e+02   3.0738173e+01
   3.2975000e+02   3.0735759e+01
   3.3000000e+02   3.0733353e+01
   3.3025000e+02   3.0730954e+01
   3.3050000e+02   3.0728564e+01
   3.3075000e+02   3.0726181e+01
   3.3100000e+02   3.0723806e+01
   3.3125000e+02   3.0721439e+01
   3.3150000e+02   3.0719079e+01
   3.3175000e+02   3.0716728e+01
   3.3200000e+02   3.0714383e+01
   3.3225000e+02   3.0712047e+01
   3.3250000e+02   3.0709718e+01
   3.3275000e+02   3.0707397e+01
   3.3300000e+02   3.0705084e+01
   3.3325000e+02   3.0702778e+01
   3.3350000e+02   3.0700479e+01
   3.3375000e+02   3.0698188e+01
   3.3400000e+02   3.0695905e+01
   3.3425000e+02   3.0693629e+01
   3.3450000e+02   3.0691360e+01
   3.3475000e+02   3.0689099e+01
   3.3500000e+02   3.0686846e+01
   3.3525000e+02   3.0684599e+01
   3.3550000e+02   3.0682360e+01
   3.3575000e+02   3.0680129e+01
   3.3600000e+02   3.0677904e+01
   3.3625000e+02   3.0675687e+01
   3.3650000e+02   3.0673477e+01
   3.3675000e+02   3.0671275e+01
   3.3700000e+02   3.0669079e+01
   3.3725000e+02   3.0666891e+01
   3.3750000e+02   3.0664710e+01
   3.3775000e+02   3.0662536e+01
   3.3800000e+02   3.0660369e+01
   3.3825000e+02   3.0658210e+01
   3.3850000e+02   3.0656057e+01
   3.3875000e+02   3.0653911e+01
   3.3900000e+02   3.0651773e+01
   3.3925000e+02   3.0649641e+01
   3.3950000e+02   3.0647516e+01
   3.3975000e+02   3.0645399e+01
   3.4000000e+02   3.0643288e+01
   3.4025000e+02   3.0641184e+01
   3.4050000e+02   3.0639087e+01
   3.4075000e+02   3.0636997e+01
   3.4100000e+02   3.0634914e+01
   3.4125000e+02   3.0632837e+01
   3.4150000e+02   3.0630767e+01
   3.4175000e+02   3.0628704e+01
   3.4200000e+02   3.0626648e+01
   3.4225000e+02   3.0624599e+01
   3.4250000e+02   3.0622556e+01
   3.4275000e+02   3.0620520e+01
   3.4300000e+02   3.0618491e+01
   3.4325000e+02   3.0616468e+01
   3.4350000e+02   3.0614452e+01
   3.4375000e+02   3.0612442e+01
   3.4400000e+02   3.0610439e+01
   3.4425000e+02   3.0608443e+01
   3.4450000e+02   3.0606453e+01
   3.4475000e+02   3.0604469e+01
   3.4500000e+02   3.0602492e+01
   3.4525000e+02   3.0600522e+01
   3.4550000e+02   3.0598558e+01
   3.4575000e+02   3.0596600e+01
   3.4600000e+02   3.0594649e+01
   3.4625000e+02   3.0592704e+01
   3.4650000e+02   3.0590766e+01
   3.4675000e+02   3.0588834e+01
   3.4700000e+02   3.0586908e+01
   3.4725000e+02   3.0584989e+01
   3.4750000e+02   3.0583075e+01
   3.4775000e+02   3.0581168e+01
   3.4800000e+02   3.0579268e+01
   3.4825000e+02   3.0577373e+01
   3.4850000e+02   3.0575485e+01
   3.4875000e+02   3.0573603e+01
   3.4900000e+02   3.0571727e+01
   3.4925000e+02   3.0569857e+01
   3.4950000e+02   3.0567993e+01
   3.4975000e+02   3.0566136e+01
   3.5000000e+02   3.0564284e+01
   3.5025000e+02   3.0562439e+01
   3.5050000e+02   3.0560599e+01
   3.5075000e+02   3.0558766e+01
   3.5100000e+02   3.0556938e+01
   3.5125000e+02   3.0555117e+01
   3.5150000e+02   3.0553301e+01
   3.5175000e+02   3.0551492e+01
   3.5200000e+02   3.0549688e+01
   3.5225000e+02   3.0547890e+01
   3.5250000e+02   3.0546098e+01
   3.5275000e+02   3.0544312e+01
   3.5300000e+02   3.0542532e+01
   3.5325000e+02   3.0540758e+01
   3.5350000e+02   3.0538989e+01
   3.5375000e+02   3.0537227e+01
   3.5400000e+02   3.0535470e+01
   3.5425000e+02   3.0533718e+01
   3.5450000e+02   3.0531973e+01
   3.5475000e+02   3.0530233e+01
   3.5500000e+02   3.0528499e+01
   3.5525000e+02   3.0526770e+01
   3.5550000e+02   3.0525048e+01
   3.5575000e+02   3.0523330e+01
   3.5600000e+02   3.0521619e+01
   3.5625000e+02   3.0519913e+01
   3.5650000e+02   3.0518212e+01
   3.5675000e+02   3.0516518e+01
   3.5700000e+02   3.0514828e+01
   3.5725000e+02   3.0513145e+01
   3.5750000e+02   3.0511466e+01
   3.5775000e+02   3.0509794e+01
   3.5800000e+02   3.0508126e+01
   3.5825000e+02   3.0506465e+01
   3.5850000e+02   3.0504808e+01
   3.5875000e+02   3.0503157e+01
   3.5900000e+02   3.0501512e+01
   3.5925000e+02   3.0499871e+01
   3.5950000e+02   3.0498237e+01
   3.5975000e+02   3.0496607e+01
   3.6000000e+02   3.0494983e+01
   3.6025000e+02   3.0493364e+01
   3.6050000e+02   3.0491751e+01
   3.6075000e+02   3.0490142e+01
   3.6100000e+02   3.0488539e+01
   3.6125000e+02   3.0486942e+01
   3.6150000e+02   3.0485349e+01
   3.6175000e+02   3.0483762e+01
   3.6200000e+02   3.0482179e+01
   3.6225000e+02   3.0480603e+01
   3.6250000e+02   3.0479031e+01
   3.6275000e+02   3.0477464e+01
   3.6300000e+02   3.0475902e+01
   3.6325000e+02   3.0474346e+01
   3.6350000e+02   3.0472795e+01
   3.6375000e+02   3.0471248e+01
   3.6400000e+02   3.0469707e+01
   3.6425000e+02   3.0468171e+01
   3.6450000e+02   3.0466640e+01
   3.6475000e+02   3.0465114e+01
   3.6500000e+02   3.0463593e+01
   3.6525000e+02   3.0462076e+01
   3.6550000e+02   3.0460565e+01
   3.6575000e+02   3.0459059e+01
   3.6600000e+02   3.0457558e+01
   3.6625000e+02   3.0456061e+01
   3.6650000e+02   3.0454570e+01
   3.6675000e+02   3.0453083e+01
   3.6700000e+02   3.0451601e+01
   3.6725000e+02   3.0450124e+01
   3.6750000e+02   3.0448652e+01
   3.6775000e+02   3.0447185e+01
   3.6800000e+02   3.0445722e+01
   3.6825000e+02   3.0444264e+01
   3.6850000e+02   3.0442811e+01
   3.6875000e+02   3.0441363e+01
   3.6900000e+02   3.0439920e+01
   3.6925000e+02   3.0438481e+01
   3.6950000e+02   3.0437047e+01
   3.6975000e+02   3.0435618e+01
   3.7000000e+02   3.0434193e+01
   3.7025000e+02   3.0432773e+01
   3.7050000e+02   3.0431357e+01
   3.7075000e+02   3.0429947e+01
   3.7100000e+02   3.0428541e+01
   3.7125000e+02   3.0427139e+01
   3.7150000e+02   3.0425742e+01
   3.7175000e+02   3.0424350e+01
   3.7200000e+02   3.0422962e+01
   3.7225000e+02   3.0421579e+01
   3.7250000e+02   3.0420200e+01
   3.7275000e+02   3.0418825e+01
   3.7300000e+02   3.0417456e+01
   3.7325000e+02   3.0416090e+01
   3.7350000e+02   3.0414730e+01
   3.7375000e+02   3.0413373e+01
   3.7400000e+02   3.0412021e+01
   3.7425000e+02   3.0410674e+01
   3.7450000e+02   3.0409331e+01
   3.7475000e+02   3.0407992e+01
   3.7500000e+02   3.0406658e+01
   3.7525000e+02   3.0405328e+01
   3.7550000e+02   3.0404002e+01
   3.7575000e+02   3.0402681e+01
   3.7600000e+02   3.0401364e+01
   3.7625000e+02   3.0400051e+01
   3.7650000e+02   3.0398743e+01
   3.7675000e+02   3.0397439e+01
   3.7700000e+02   3.0396139e+01
   3.7725000e+02   3.0394843e+01
   3.7750000e+02   3.0393552e+01
   3.7775000e+02   3.0392265e+01
   3.7800000e+02   3.0390982e+01
   3.7825000e+02   3.0389703e+01
   3.7850000e+02   3.0388429e+01
   3.7875000e+02   3.0387158e+01
   3.7900000e+02   3.0385892e+01
   3.7925000e+02   3.0384630e+01
   3.7950000e+02   3.0383372e+01
   3.7975000e+02   3.0382118e+01
   3.8000000e+02   3.0380869e+01
   3.8025000e+02   3.0379623e+01
   3.8050000e+02   3.0378381e+01
   3.8075000e+02   3.0377144e+01
   3.8100000e+02   3.0375910e+01
   3.8125000e+02   3.0374681e+01
   3.8150000e+02   3.0373456e+01
   3.8175000e+02   3.0372234e+01
   3.8200000e+02   3.0371017e+01
   3.8225000e+02   3.0369803e+01
   3.8250000e+02   3.0368594e+01
   3.8275000e+02   3.0367388e+01
   3.8300000e+02   3.0366187e+01
   3.8325000e+02   3.0364989e+01
   3.8350000e+02   3.0363796e+01
   3.8375000e+02   3.0362606e+01
   3.8400000e+02   3.0361420e+01
   3.8425000e+02   3.0360238e+01
   3.8450000e+02   3.0359060e+01
   3.8475000e+02   3.0357885e+01
   3.8500000e+02   3.0356715e+01
   3.8525000e+02   3.0355548e+01
   3.8550000e+02   3.0354386e+01
   3.8575000e+02   3.0353227e+01
   3.8600000e+02   3.0352071e+01
   3.8625000e+02   3.0350920e+01
   3.8650000e+02   3.0349772e+01
   3.8675000e+02   3.0348628e+01
   3.8700000e+02   3.0347488e+01
   3.8725000e+02   3.0346352e+01
   3.8750000e+02   3.0345219e+01
   3.8775000e+02   3.0344090e+01
   3.8800000e+02   3.0342964e+01
   3.8825000e+02   3.0341843e+01
   3.8850000e+02   3.0340725e+01
   3.8875000e+02   3.0339610e+01
   3.8900000e+02   3.0338500e+01
   3.8925000e+02   3.0337393e+01
   3.8950000e+02   3.0336289e+01
   3.8975000e+02   3.0335189e+01
   3.9000000e+02   3.0334093e+01
   3.9025000e+02   3.0333001e+01
   3.9050000e+02   3.0331911e+01
   3.9075000e+02   3.0330826e+01
   3.9100000e+02   3.0329744e+01
   3.9125000e+02   3.0328666e+01
   3.9150000e+02   3.0327591e+01
   3.9175000e+02   3.0326519e+01
   3.9200000e+02   3.0325451e+01
   3.9225000e+02   3.0324387e+01
   3.9250000e+02   3.0323326e+01
   3.9275000e+02   3.0322269e+01
   3.9300000e+02   3.0321215e+01
   3.9325000e+02   3.0320164e+01
   3.9350000e+02   3.0319117e+01
   3.9375000e+02   3.0318073e+01
   3.9400000e+02   3.0317033e+01
   3.9425000e+02   3.0315996e+01
   3.9450000e+02   3.0314963e+01
   3.9475000e+02   3.0313933e+01
   3.9500000e+02   3.0312906e+01
   3.9525000e+02   3.0311883e+01
   3.9550000e+02   3.0310863e+01
   3.9575000e+02   3.0309846e+01
   3.9600000e+02   3.0308833e+01
   3.9625000e+02   3.0307822e+01
   3.9650000e+02   3.0306816e+01
   3.9675000e+02   3.0305812e+01
   3.9700000e+02   3.0304812e+01
   3.9725000e+02   3.0303815e+01
   3.9750000e+02   3.0302822e+01
   3.9775000e+02   3.0301831e+01
   3.9800000e+02   3.0300844e+01
   3.9825000e+02   3.0299860e+01
   3.9850000e+02   3.0298880e+01
   3.9875000e+02   3.0297902e+01
   3.9900000e+02   3.0296928e+01
   3.9925000e+02   3.0295957e+01
   3.9950000e+02   3.0294989e+01
   3.9975000e+02   3.0294024e+01
   4.0000000e+02   3.0293062e+01
   4.0025000e+02   3.0292104e+01
   4.0050000e+02   3.0291149e+01
   4.0075000e+02   3.0290196e+01
   4.0100000e+02   3.0289247e+01
   4.0125000e+02   3.0288301e+01
   4.0150000e+02   3.0287358e+01
   4.0175000e+02   3.0286419e+01
   4.0200000e+02   3.0285482e+01
   4.0225000e+02   3.0284548e+01
   4.0250000e+02   3.0283618e+01
   4.0275000e+02   3.0282690e+01
   4.0300000e+02   3.0281765e+01
   4.0325000e+02   3.0280844e+01
   4.0350000e+02   3.0279925e+01
   4.0375000e+02   3.0279010e+01
   4.0400000e+02   3.0278097e+01
   4.0425000e+02   3.0277188e+01
   4.0450000e+02   3.0276281e+01
   4.0475000e+02   3.0275378e+01
   4.0500000e+02   3.0274477e+01
   4.0525000e+02   3.0273580e+01
   4.0550000e+02   3.0272685e+01
   4.0575000e+02   3.0271793e+01
   4.0600000e+02   3.0270904e+01
   4.0625000e+02   3.0270018e+01
   4.0650000e+02   3.0269135e+01
   4.0675000e+02   3.0268255e+01
   4.0700000e+02   3.0267377e+01
   4.0725000e+02   3.0266503e+01
   4.0750000e+02   3.0265631e+01
   4.0775000e+02   3.0264763e+01
   4.0800000e+02   3.0263897e+01
   4.0825000e+02   3.0263034e+01
   4.0850000e+02   3.0262173e+01
   4.0875000e+02   3.0261316e+01
   4.0900000e+02   3.0260461e+01
   4.0925000e+02   3.0259609e+01
   4.0950000e+02   3.0258760e+01
   4.0975000e+02   3.0257914e+01
   4.1000000e+02   3.0257071e+01
   4.1025000e+02   3.0256230e+01
   4.1050000e+02   3.0255392e+01
   4.1075000e+02   3.0254557e+01
   4.1100000e+02   3.0253724e+01
   4.1125000e+02   3.0252894e+01
   4.1150000e+02   3.0252067e+01
   4.1175000e+02   3.0251243e+01
   4.1200000e+02   3.0250421e+01
   4.1225000e+02   3.0249602e+01
   4.1250000e+02   3.0248786e+01
   4.1275000e+02   3.0247972e+01
   4.1300000e+02   3.0247161e+01
   4.1325000e+02   3.0246353e+01
   4.1350000e+02   3.0245547e+01
   4.1375000e+02   3.0244744e+01
   4.1400000e+02   3.0243944e+01
   4.1425000e+02   3.0243146e+01
   4.1450000e+02   3.0242351e+01
   4.1475000e+02   3.0241558e+01
   4.1500000e+02   3.0240768e+01
   4.1525000e+02   3.0239981e+01
   4.1550000e+02   3.0239196e+01
   4.1575000e+02   3.0238413e+01
   4.1600000e+02   3.0237634e+01
   4.1625000e+02   3.0236856e+01
   4.1650000e+02   3.0236082e+01
   4.1675000e+02   3.0235310e+01
   4.1700000e+02   3.0234540e+01
   4.1725000e+02   3.0233773e+01
   4.1750000e+02   3.0233009e+01
   4.1775000e+02   3.0232246e+01
   4.1800000e+02   3.0231487e+01
   4.1825000e+02   3.0230730e+01
   4.1850000e+02   3.0229975e+01
   4.1875000e+02   3.0229223e+01
   4.1900000e+02   3.0228473e+01
   4.1925000e+02   3.0227726e+01
   4.1950000e+02   3.0226981e+01
   4.1975000e+02   3.0226239e+01
   4.2000000e+02   3.0225499e+01
   4.2025000e+02   3.0224762e+01
   4.2050000e+02   3.0224027e+01
   4.2075000e+02   3.0223294e+01
   4.2100000e+02   3.0222564e+01
   4.2125000e+02   3.0221836e+01
   4.2150000e+02   3.0221110e+01
   4.2175000e+02   3.0220387e+01
   4.2200000e+02   3.0219666e+01
   4.2225000e+02   3.0218948e+01
   4.2250000e+02   3.0218232e+01
   4.2275000e+02   3.0217518e+01
   4.2300000e+02   3.0216807e+01
   4.2325000e+02   3.0216098e+01
   4.2350000e+02   3.0215391e+01
   4.2375000e+02   3.0214686e+01
   4.2400000e+02   3.0213984e+01
   4.2425000e+02   3.0213284e+01
   4.2450000e+02   3.0212587e+01
   4.2475000e+02   3.0211892e+01
   4.2500000e+02   3.0211199e+01
   4.2525000e+02   3.0210508e+01
   4.2550000e+02   3.0209819e+01
   4.2575000e+02   3.0209133e+01
   4.2600000e+02   3.0208449e+01
   4.2625000e+02   3.0207768e+01
   4.2650000e+02   3.0207088e+01
   4.2675000e+02   3.0206411e+01
   4.2700000e+02   3.0205736e+01
   4.2725000e+02   3.0205063e+01
   4.2750000e+02   3.0204392e+01
   4.2775000e+02   3.0203724e+01
   4.2800000e+02   3.0203057e+01
   4.2825000e+02   3.0202393e+01
   4.2850000e+02   3.0201731e+01
   4.2875000e+02   3.0201072e+01
   4.2900000e+02   3.0200414e+01
   4.2925000e+02   3.0199759e+01
   4.2950000e+02   3.0199105e+01
   4.2975000e+02   3.0198454e+01
   4.3000000e+02   3.0197805e+01
   4.3025000e+02   3.0197158e+01
   4.3050000e+02   3.0196513e+01
   4.3075000e+02   3.0195871e+01
   4.3100000e+02   3.0195230e+01
   4.3125000e+02   3.0194592e+01
   4.3150000e+02   3.0193955e+01
   4.3175000e+02   3.0193321e+01
   4.3200000e+02   3.0192689e+01
   4.3225000e+02   3.0192058e+01
   4.3250000e+02   3.0191430e+01
   4.3275000e+02   3.0190804e+01
   4.3300000e+02   3.0190180e+01
   4.3325000e+02   3.0189558e+01
   4.3350000e+02   3.0188938e+01
   4.3375000e+02   3.0188320e+01
   4.3400000e+02   3.0187704e+01
   4.3425000e+02   3.0187090e+01
   4.3450000e+02   3.0186479e+01
   4.3475000e+02   3.0185869e+01
   4.3500000e+02   3.0185261e+01
   4.3525000e+02   3.0184655e+01
   4.3550000e+02   3.0184051e+01
   4.3575000e+02   3.0183449e+01
   4.3600000e+02   3.0182849e+01
   4.3625000e+02   3.0182251e+01
   4.3650000e+02   3.0181655e+01
   4.3675000e+02   3.0181061e+01
   4.3700000e+02   3.0180469e+01
   4.3725000e+02   3.0179879e+01
   4.3750000e+02   3.0179290e+01
   4.3775000e+02   3.0178704e+01
   4.3800000e+02   3.0178119e+01
   4.3825000e+02   3.0177537e+01
   4.3850000e+02   3.0176956e+01
   4.3875000e+02   3.0176378e+01
   4.3900000e+02   3.0175801e+01
   4.3925000e+02   3.0175226e+01
   4.3950000e+02   3.0174653e+01
   4.3975000e+02   3.0174081e+01
   4.4000000e+02   3.0173512e+01
   4.4025000e+02   3.0172945e+01
   4.4050000e+02   3.0172379e+01
   4.4075000e+02   3.0171815e+01
   4.4100000e+02   3.0171253e+01
   4.4125000e+02   3.0170693e+01
   4.4150000e+02   3.0170135e+01
   4.4175000e+02   3.0169579e+01
   4.4200000e+02   3.0169024e+01
   4.4225000e+02   3.0168471e+01
   4.4250000e+02   3.0167920e+01
   4.4275000e+02   3.0167371e+01
   4.4300000e+02   3.0166824e+01
   4.4325000e+02   3.0166278e+01
   4.4350000e+02   3.0165734e+01
   4.4375000e+02   3.0165192e+01
   4.4400000e+02   3.0164652e+01
   4.4425000e+02   3.0164113e+01
   4.4450000e+02   3.0163577e+01
   4.4475000e+02   3.0163042e+01
   4.4500000e+02   3.0162508e+01
   4.4525000e+02   3.0161977e+01
   4.4550000e+02   3.0161447e+01
   4.4575000e+02   3.0160919e+01
   4.4600000e+02   3.0160393e+01
   4.4625000e+02   3.0159868e+01
   4.4650000e+02   3.0159346e+01
   4.4675000e+02   3.0158824e+01
   4.4700000e+02   3.0158305e+01
   4.4725000e+02   3.0157787e+01
   4.4750000e+02   3.0157271e+01
   4.4775000e+02   3.0156757e+01
   4.4800000e+02   3.0156244e+01
   4.4825000e+02   3.0155733e+01
   4.4850000e+02   3.0155224e+01
   4.4875000e+02   3.0154716e+01
   4.4900000e+02   3.0154210e+01
   4.4925000e+02   3.0153706e+01
   4.4950000e+02   3.0153203e+01
   4.4975000e+02   3.0152702e+01
   4.5000000e+02   3.0152203e+01
   4.5025000e+02   3.0151705e+01
   4.5050000e+02   3.0151209e+01
   4.5075000e+02   3.0150714e+01
   4.5100000e+02   3.0150221e+01
   4.5125000e+02   3.0149730e+01
   4.5150000e+02   3.0149240e+01
   4.5175000e+02   3.0148752e+01
   4.5200000e+02   3.0148266e+01
   4.5225000e+02   3.0147781e+01
   4.5250000e+02   3.0147297e+01
   4.5275000e+02   3.0146816e+01
   4.5300000e+02   3.0146336e+01
   4.5325000e+02   3.0145857e+01
   4.5350000e+02   3.0145380e+01
   4.5375000e+02   3.0144905e+01
   4.5400000e+02   3.0144431e+01
   4.5425000e+02   3.0143958e+01
   4.5450000e+02   3.0143487e+01
   4.5475000e+02   3.0143018e+01
   4.5500000e+02   3.0142550e+01
   4.5525000e+02   3.0142084e+01
   4.5550000e+02   3.0141620e+01
   4.5575000e+02   3.0141156e+01
   4.5600000e+02   3.0140695e+01
   4.5625000e+02   3.0140235e+01
   4.5650000e+02   3.0139776e+01
   4.5675000e+02   3.0139319e+01
   4.5700000e+02   3.0138863e+01
   4.5725000e+02   3.0138409e+01
   4.5750000e+02   3.0137956e+01
   4.5775000e+02   3.0137505e+01
   4.5800000e+02   3.0137055e+01
   4.5825000e+02   3.0136607e+01
   4.5850000e+02   3.0136160e+01
   4.5875000e+02   3.0135715e+01
   4.5900000e+02   3.0135271e+01
   4.5925000e+02   3.0134829e+01
   4.5950000e+02   3.0134388e+01
   4.5975000e+02   3.0133948e+01
   4.6000000e+02   3.0133510e+01
   4.6025000e+02   3.0133074e+01
   4.6050000e+02   3.0132638e+01
   4.6075000e+02   3.0132205e+01
   4.6100000e+02   3.0131772e+01
   4.6125000e+02   3.0131341e+01
   4.6150000e+02   3.0130912e+01
   4.6175000e+02   3.0130484e+01
   4.6200000e+02   3.0130057e+01
   4.6225000e+02   3.0129631e+01
   4.6250000e+02   3.0129208e+01
   4.6275000e+02   3.0128785e+01
   4.6300000e+02   3.0128364e+01
   4.6325000e+02   3.0127944e+01
   4.6350000e+02   3.0127526e+01
   4.6375000e+02   3.0127108e+01
   4.6400000e+02   3.0126693e+01
   4.6425000e+02   3.0126278e+01
   4.6450000e+02   3.0125865e+01
   4.6475000e+02   3.0125454e+01
   4.6500000e+02   3.0125043e+01
   4.6525000e+02   3.0124634e+01
   4.6550000e+02   3.0124227e+01
   4.6575000e+02   3.0123821e+01
   4.6600000e+02   3.0123416e+01
   4.6625000e+02   3.0123012e+01
   4.6650000e+02   3.0122610e+01
   4.6675000e+02   3.0122209e+01
   4.6700000e+02   3.0121809e+01
   4.6725000e+02   3.0121411e+01
   4.6750000e+02   3.0121014e+01
   4.6775000e+02   3.0120618e+01
   4.6800000e+02   3.0120223e+01
   4.6825000e+02   3.0119830e+01
   4.6850000e+02   3.0119438e+01
   4.6875000e+02   3.0119048e+01
   4.6900000e+02   3.0118658e+01
   4.6925000e+02   3.0118270e+01
   4.6950000e+02   3.0117883e+01
   4.6975000e+02   3.0117498e+01
   4.7000000e+02   3.0117114e+01
   4.7025000e+02   3.0116731e+01
   4.7050000e+02   3.0116349e+01
   4.7075000e+02   3.0115968e+01
   4.7100000e+02   3.0115589e+01
   4.7125000e+02   3.0115211e+01
   4.7150000e+02   3.0114834e+01
   4.7175000e+02   3.0114459e+01
   4.7200000e+02   3.0114084e+01
   4.7225000e+02   3.0113711e+01
   4.7250000e+02   3.0113339e+01
   4.7275000e+02   3.0112969e+01
   4.7300000e+02   3.0112599e+01
   4.7325000e+02   3.0112231e+01
   4.7350000e+02   3.0111864e+01
   4.7375000e+02   3.0111498e+01
   4.7400000e+02   3.0111133e+01
   4.7425000e+02   3.0110770e+01
   4.7450000e+02   3.0110408e+01
   4.7475000e+02   3.0110046e+01
   4.7500000e+02   3.0109687e+01
   4.7525000e+02   3.0109328e+01
   4.7550000e+02   3.0108970e+01
   4.7575000e+02   3.0108614e+01
   4.7600000e+02   3.0108259e+01
   4.7625000e+02   3.0107905e+01
   4.7650000e+02   3.0107552e+01
   4.7675000e+02   3.0107200e+01
   4.7700000e+02   3.0106849e+01
   4.7725000e+02   3.0106500e+01
   4.7750000e+02   3.0106152e+01
   4.7775000e+02   3.0105804e+01
   4.7800000e+02   3.0105458e+01
   4.7825000e+02   3.0105113e+01
   4.7850000e+02   3.0104770e+01
   4.7875000e+02   3.0104427e+01
   4.7900000e+02   3.0104086e+01
   4.7925000e+02   3.0103745e+01
   4.7950000e+02   3.0103406e+01
   4.7975000e+02   3.0103068e+01
   4.8000000e+02   3.0102731e+01
   4.8025000e+02   3.0102395e+01
   4.8050000e+02   3.0102060e+01
   4.8075000e+02   3.0101726e+01
   4.8100000e+02   3.0101393e+01
   4.8125000e+02   3.0101062e+01
   4.8150000e+02   3.0100731e+01
   4.8175000e+02   3.0100402e+01
   4.8200000e+02   3.0100073e+01
   4.8225000e+02   3.0099746e+01
   4.8250000e+02   3.0099420e+01
   4.8275000e+02   3.0099095e+01
   4.8300000e+02   3.0098771e+01
   4.8325000e+02   3.0098447e+01
   4.8350000e+02   3.0098126e+01
   4.8375000e+02   3.0097805e+01
   4.8400000e+02   3.0097485e+01
   4.8425000e+02   3.0097166e+01
   4.8450000e+02   3.0096848e+01
   4.8475000e+02   3.0096531e+01
   4.8500000e+02   3.0096216e+01
   4.8525000e+02   3.0095901e+01
   4.8550000e+02   3.0095587e+01
   4.8575000e+02   3.0095275e+01
   4.8600000e+02   3.0094963e+01
   4.8625000e+02   3.0094653e+01
   4.8650000e+02   3.0094343e+01
   4.8675000e+02   3.0094034e+01
   4.8700000e+02   3.0093727e+01
   4.8725000e+02   3.0093420e+01
   4.8750000e+02   3.0093115e+01
   4.8775000e+02   3.0092810e+01
   4.8800000e+02   3.0092507e+01
   4.8825000e+02   3.0092204e+01
   4.8850000e+02   3.0091903e+01
   4.8875000e+02   3.0091602e+01
   4.8900000e+02   3.0091303e+01
   4.8925000e+02   3.0091004e+01
   4.8950000e+02   3.0090706e+01
   4.8975000e+02   3.0090410e+01
   4.9000000e+02   3.0090114e+01
   4.9025000e+02   3.0089819e+01
   4.9050000e+02   3.0089525e+01
   4.9075000e+02   3.0089233e+01
   4.9100000e+02   3.0088941e+01
   4.9125000e+02   3.0088650e+01
   4.9150000e+02   3.0088360e+01
   4.9175000e+02   3.0088071e+01
   4.9200000e+02   3.0087783e+01
   4.9225000e+02   3.0087496e+01
   4.9250000e+02   3.0087210e+01
   4.9275000e+02   3.0086925e+01
   4.9300000e+02   3.0086640e+01
   4.9325000e+02   3.0086357e+01
   4.9350000e+02   3.0086074e+01
   4.9375000e+02   3.0085793e+01
   4.9400000e+02   3.0085512e+01
   4.9425000e+02   3.0085233e+01
   4.9450000e+02   3.0084954e+01
   4.9475000e+02   3.0084676e+01
   4.9500000e+02   3.0084399e+01
   4.9525000e+02   3.0084123e+01
   4.9550000e+02   3.0083848e+01
   4.9575000e+02   3.0083574e+01
   4.9600000e+02   3.0083300e+01
   4.9625000e+02   3.0083028e+01
   4.9650000e+02   3.0082757e+01
   4.9675000e+02   3.0082486e+01
   4.9700000e+02   3.0082216e+01
   4.9725000e+02   3.0081947e+01
   4.9750000e+02   3.0081679e+01
   4.9775000e+02   3.0081412e+01
   4.9800000e+02   3.0081146e+01
   4.9825000e+02   3.0080880e+01
   4.9850000e+02   3.0080616e+01
   4.9875000e+02   3.0080352e+01
   4.9900000e+02   3.0080089e+01
   4.9925000e+02   3.0079828e+01
   4.9950000e+02   3.0079566e+01
   4.9975000e+02   3.0079306e+01
   5.0000000e+02   3.0079047e+01
   5.0025000e+02   3.0078788e+01
   5.0050000e+02   3.0078531e+01
   5.0075000e+02   3.0078274e+01
   5.0100000e+02   3.0078018e+01
   5.0125000e+02   3.0077763e+01
   5.0150000e+02   3.0077508e+01
   5.0175000e+02   3.0077255e+01
   5.0200000e+02   3.0077002e+01
   5.0225000e+02   3.0076750e+01
   5.0250000e+02   3.0076499e+01
   5.0275000e+02   3.0076249e+01
   5.0300000e+02   3.0076000e+01
   5.0325000e+02   3.0075751e+01
   5.0350000e+02   3.0075503e+01
   5.0375000e+02   3.0075257e+01
   5.0400000e+02   3.0075010e+01
   5.0425000e+02   3.0074765e+01
   5.0450000e+02   3.0074521e+01
   5.0475000e+02   3.0074277e+01
   5.0500000e+02   3.0074034e+01
   5.0525000e+02   3.0073792e+01
   5.0550000e+02   3.0073550e+01
   5.0575000e+02   3.0073310e+01
   5.0600000e+02   3.0073070e+01
   5.0625000e+02   3.0072831e+01
   5.0650000e+02   3.0072593e+01
   5.0675000e+02   3.0072356e+01
   5.0700000e+02   3.0072119e+01
   5.0725000e+02   3.0071883e+01
   5.0750000e+02   3.0071648e+01
   5.0775000e+02   3.0071414e+01
   5.0800000e+02   3.0071180e+01
   5.0825000e+02   3.0070947e+01
   5.0850000e+02   3.0070715e+01
   5.0875000e+02   3.0070484e+01
   5.0900000e+02   3.0070253e+01
   5.0925000e+02   3.0070024e+01
   5.0950000e+02   3.0069795e+01
   5.0975000e+02   3.0069566e+01
   5.1000000e+02   3.0069339e+01
   5.1025000e+02   3.0069112e+01
   5.1050000e+02   3.0068886e+01
   5.1075000e+02   3.0068661e+01
   5.1100000e+02   3.0068436e+01
   5.1125000e+02   3.0068212e+01
   5.1150000e+02   3.0067989e+01
   5.1175000e+02   3.0067767e+01
   5.1200000e+02   3.0067545e+01
   5.1225000e+02   3.0067324e+01
   5.1250000e+02   3.0067104e+01
   5.1275000e+02   3.0066885e+01
   5.1300000e+02   3.0066666e+01
   5.1325000e+02   3.0066448e+01
   5.1350000e+02   3.0066231e+01
   5.1375000e+02   3.0066014e+01
   5.1400000e+02   3.0065798e+01
   5.1425000e+02   3.0065583e+01
   5.1450000e+02   3.0065369e+01
   5.1475000e+02   3.0065155e+01
   5.1500000e+02   3.0064942e+01
   5.1525000e+02   3.0064729e+01
   5.1550000e+02   3.0064518e+01
   5.1575000e+02   3.0064307e+01
   5.1600000e+02   3.0064096e+01
   5.1625000e+02   3.0063887e+01
   5.1650000e+02   3.0063678e+01
   5.1675000e+02   3.0063469e+01
   5.1700000e+02   3.0063262e+01
   5.1725000e+02   3.0063055e+01
   5.1750000e+02   3.0062849e+01
   5.1775000e+02   3.0062643e+01
   5.1800000e+02   3.0062438e+01
   5.1825000e+02   3.0062234e+01
   5.1850000e+02   3.0062031e+01
   5.1875000e+02   3.0061828e+01
   5.1900000e+02   3.0061625e+01
   5.1925000e+02   3.0061424e+01
   5.1950000e+02   3.0061223e+01
   5.1975000e+02   3.0061023e+01
   5.2000000e+02   3.0060823e+01
   5.2025000e+02   3.0060624e+01
   5.2050000e+02   3.0060426e+01
   5.2075000e+02   3.0060228e+01
   5.2100000e+02   3.0060031e+01
   5.2125000e+02   3.0059835e+01
   5.2150000e+02   3.0059639e+01
   5.2175000e+02   3.0059444e+01
   5.2200000e+02   3.0059250e+01
   5.2225000e+02   3.0059056e+01
   5.2250000e+02   3.0058863e+01
   5.2275000e+02   3.0058671e+01
   5.2300000e+02   3.0058479e+01
   5.2325000e+02   3.0058287e+01
   5.2350000e+02   3.0058097e+01
   5.2375000e+02   3.0057907e+01
   5.2400000e+02   3.0057717e+01
   5.2425000e+02   3.0057529e+01
   5.2450000e+02   3.0057340e+01
   5.2475000e+02   3.0057153e+01
   5.2500000e+02   3.0056966e+01
   5.2525000e+02   3.0056780e+01
   5.2550000e+02   3.0056594e+01
   5.2575000e+02   3.0056409e+01
   5.2600000e+02   3.0056224e+01
   5.2625000e+02   3.0056041e+01
   5.2650000e+02   3.0055857e+01
   5.2675000e+02   3.0055675e+01
   5.2700000e+02   3.0055492e+01
   5.2725000e+02   3.0055311e+01
   5.2750000e+02   3.0055130e+01
   5.2775000e+02   3.0054950e+01
   5.2800000e+02   3.0054770e+01
   5.2825000e+02   3.0054591e+01
   5.2850000e+02   3.0054412e+01
   5.2875000e+02   3.0054234e+01
   5.2900000e+02   3.0054057e+01
   5.2925000e+02   3.0053880e+01
   5.2950000e+02   3.0053704e+01
   5.2975000e+02   3.0053528e+01
   5.3000000e+02   3.0053353e+01
   5.3025000e+02   3.0053179e+01
   5.3050000e+02   3.0053005e+01
   5.3075000e+02   3.0052832e+01
   5.3100000e+02   3.0052659e+01
   5.3125000e+02   3.0052487e+01
   5.3150000e+02   3.0052315e+01
   5.3175000e+02   3.0052144e+01
   5.3200000e+02   3.0051973e+01
   5.3225000e+02   3.0051803e+01
   5.3250000e+02   3.0051634e+01
   5.3275000e+02   3.0051465e+01
   5.3300000e+02   3.0051297e+01
   5.3325000e+02   3.0051129e+01
   5.3350000e+02   3.0050962e+01
   5.3375000e+02   3.0050795e+01
   5.3400000e+02   3.0050629e+01
   5.3425000e+02   3.0050463e+01
   5.3450000e+02   3.0050298e+01
   5.3475000e+02   3.0050134e+01
   5.3500000e+02   3.0049970e+01
   5.3525000e+02   3.0049806e+01
   5.3550000e+02   3.0049644e+01
   5.3575000e+02   3.0049481e+01
   5.3600000e+02   3.0049319e+01
   5.3625000e+02   3.0049158e+01
   5.3650000e+02   3.0048997e+01
   5.3675000e+02   3.0048837e+01
   5.3700000e+02   3.0048677e+01
   5.3725000e+02   3.0048518e+01
   5.3750000e+02   3.0048359e+01
   5.3775000e+02   3.0048201e+01
   5.3800000e+02   3.0048044e+01
   5.3825000e+02   3.0047887e+01
   5.3850000e+02   3.0047730e+01
   5.3875000e+02   3.0047574e+01
   5.3900000e+02   3.0047418e+01
   5.3925000e+02   3.0047263e+01
   5.3950000e+02   3.0047109e+01
   5.3975000e+02   3.0046954e+01
   5.4000000e+02   3.0046801e+01
   5.4025000e+02   3.0046648e+01
   5.4050000e+02   3.0046495e+01
   5.4075000e+02   3.0046343e+01
   5.4100000e+02   3.0046192e+01
   5.4125000e+02   3.0046041e+01
   5.4150000e+02   3.0045890e+01
   5.4175000e+02   3.0045740e+01
   5.4200000e+02   3.0045590e+01
   5.4225000e+02   3.0045441e+01
   5.4250000e+02   3.0045293e+01
   5.4275000e+02   3.0045144e+01
   5.4300000e+02   3.0044997e+01
   5.4325000e+02   3.0044850e+01
   5.4350000e+02   3.0044703e+01
   5.4375000e+02   3.0044557e+01
   5.4400000e+02   3.0044411e+01
   5.4425000e+02   3.0044266e+01
   5.4450000e+02   3.0044121e+01
   5.4475000e+02   3.0043977e+01
   5.4500000e+02   3.0043833e+01
   5.4525000e+02   3.0043690e+01
   5.4550000e+02   3.0043547e+01
   5.4575000e+02   3.0043404e+01
   5.4600000e+02   3.0043262e+01
   5.4625000e+02   3.0043121e+01
   5.4650000e+02   3.0042980e+01
   5.4675000e+02   3.0042839e+01
   5.4700000e+02   3.0042699e+01
   5.4725000e+02   3.0042559e+01
   5.4750000e+02   3.0042420e+01
   5.4775000e+02   3.0042282e+01
   5.4800000e+02   3.0042143e+01
   5.4825000e+02   3.0042005e+01
   5.4850000e+02   3.0041868e+01
   5.4875000e+02   3.0041731e+01
   5.4900000e+02   3.0041595e+01
   5.4925000e+02   3.0041459e+01
   5.4950000e+02   3.0041323e+01
   5.4975000e+02   3.0041188e+01
   5.5000000e+02   3.0041053e+01
   5.5025000e+02   3.0040919e+01
   5.5050000e+02   3.0040785e+01
   5.5075000e+02   3.0040652e+01
   5.5100000e+02   3.0040519e+01
   5.5125000e+02   3.0040386e+01
   5.5150000e+02   3.0040254e+01
   5.5175000e+02   3.0040122e+01
   5.5200000e+02   3.0039991e+01
   5.5225000e+02   3.0039860e+01
   5.5250000e+02   3.0039730e+01
   5.5275000e+02   3.0039600e+01
   5.5300000e+02   3.0039471e+01
   5.5325000e+02   3.0039342e+01
   5.5350000e+02   3.0039213e+01
   5.5375000e+02   3.0039085e+01
   5.5400000e+02   3.0038957e+01
   5.5425000e+02   3.0038829e+01
   5.5450000e+02   3.0038702e+01
   5.5475000e+02   3.0038576e+01
   5.5500000e+02   3.0038450e+01
   5.5525000e+02   3.0038324e+01
   5.5550000e+02   3.0038199e+01
   5.5575000e+02   3.0038074e+01
   5.5600000e+02   3.0037949e+01
   5.5625000e+02   3.0037825e+01
   5.5650000e+02   3.0037701e+01
   5.5675000e+02   3.0037578e+01
   5.5700000e+02   3.0037455e+01
   5.5725000e+02   3.0037333e+01
   5.5750000e+02   3.0037211e+01
   5.5775000e+02   3.0037089e+01
   5.5800000e+02   3.0036968e+01
   5.5825000e+02   3.0036847e+01
   5.5850000e+02   3.0036726e+01
   5.5875000e+02   3.0036606e+01
   5.5900000e+02   3.0036486e+01
   5.5925000e+02   3.0036367e+01
   5.5950000e+02   3.0036248e+01
   5.5975000e+02   3.0036129e+01
   5.6000000e+02   3.0036011e+01
   5.6025000e+02   3.0035894e+01
   5.6050000e+02   3.0035776e+01
   5.6075000e+02   3.0035659e+01
   5.6100000e+02   3.0035543e+01
   5.6125000e+02   3.0035426e+01
   5.6150000e+02   3.0035310e+01
   5.6175000e+02   3.0035195e+01
   5.6200000e+02   3.0035080e+01
   5.6225000e+02   3.0034965e+01
   5.6250000e+02   3.0034851e+01
   5.6275000e+02   3.0034737e+01
   5.6300000e+02   3.0034623e+01
   5.6325000e+02   3.0034510e+01
   5.6350000e+02   3.0034397e+01
   5.6375000e+02   3.0034285e+01
   5.6400000e+02   3.0034172e+01
   5.6425000e+02   3.0034061e+01
   5.6450000e+02   3.0033949e+01
   5.6475000e+02   3.0033838e+01
   5.6500000e+02   3.0033728e+01
   5.6525000e+02   3.0033617e+01
   5.6550000e+02   3.0033507e+01
   5.6575000e+02   3.0033398e+01
   5.6600000e+02   3.0033289e+01
   5.6625000e+02   3.0033180e+01
   5.6650000e+02   3.0033071e+01
   5.6675000e+02   3.0032963e+01
   5.6700000e+02   3.0032855e+01
   5.6725000e+02   3.0032748e+01
   5.6750000e+02   3.0032641e+01
   5.6775000e+02   3.0032534e+01
   5.6800000e+02   3.0032427e+01
   5.6825000e+02   3.0032321e+01
   5.6850000e+02   3.0032216e+01
   5.6875000e+02   3.0032110e+01
   5.6900000e+02   3.0032005e+01
   5.6925000e+02   3.0031901e+01
   5.6950000e+02   3.0031796e+01
   5.6975000e+02   3.0031692e+01
   5.7000000e+02   3.0031589e+01
   5.7025000e+02   3.0031485e+01
   5.7050000e+02   3.0031382e+01
   5.7075000e+02   3.0031280e+01
   5.7100000e+02   3.0031177e+01
   5.7125000e+02   3.0031076e+01
   5.7150000e+02   3.0030974e+01
   5.7175000e+02   3.0030873e+01
   5.7200000e+02   3.0030772e+01
   5.7225000e+02   3.0030671e+01
   5.7250000e+02   3.0030571e+01
   5.7275000e+02   3.0030471e+01
   5.7300000e+02   3.0030371e+01
   5.7325000e+02   3.0030272e+01
   5.7350000e+02   3.0030173e+01
   5.7375000e+02   3.0030074e+01
   5.7400000e+02   3.0029976e+01
   5.7425000e+02   3.0029878e+01
   5.7450000e+02   3.0029780e+01
   5.7475000e+02   3.0029683e+01
   5.7500000e+02   3.0029585e+01
   5.7525000e+02   3.0029489e+01
   5.7550000e+02   3.0029392e+01
   5.7575000e+02   3.0029296e+01
   5.7600000e+02   3.0029200e+01
   5.7625000e+02   3.0029105e+01
   5.7650000e+02   3.0029010e+01
   5.7675000e+02   3.0028915e+01
   5.7700000e+02   3.0028820e+01
   5.7725000e+02   3.0028726e+01
   5.7750000e+02   3.0028632e+01
   5.7775000e+02   3.0028538e+01
   5.7800000e+02   3.0028445e+01
   5.7825000e+02   3.0028352e+01
   5.7850000e+02   3.0028259e+01
   5.7875000e+02   3.0028167e+01
   5.7900000e+02   3.0028075e+01
   5.7925000e+02   3.0027983e+01
   5.7950000e+02   3.0027891e+01
   5.7975000e+02   3.0027800e+01
   5.8000000e+02   3.0027709e+01
   5.8025000e+02   3.0027619e+01
   5.8050000e+02   3.0027528e+01
   5.8075000e+02   3.0027438e+01
   5.8100000e+02   3.0027348e+01
   5.8125000e+02   3.0027259e+01
   5.8150000e+02   3.0027170e+01
   5.8175000e+02   3.0027081e+01
   5.8200000e+02   3.0026992e+01
   5.8225000e+02   3.0026904e+01
   5.8250000e+02   3.0026816e+01
   5.8275000e+02   3.0026728e+01
   5.8300000e+02   3.0026641e+01
   5.8325000e+02   3.0026554e+01
   5.8350000e+02   3.0026467e+01
   5.8375000e+02   3.0026381e+01
   5.8400000e+02   3.0026294e+01
   5.8425000e+02   3.0026208e+01
   5.8450000e+02   3.0026123e+01
   5.8475000e+02   3.0026037e+01
   5.8500000e+02   3.0025952e+01
   5.8525000e+02   3.0025867e+01
   5.8550000e+02   3.0025782e+01
   5.8575000e+02   3.0025698e+01
   5.8600000e+02   3.0025614e+01
   5.8625000e+02   3.0025530e+01
   5.8650000e+02   3.0025447e+01
   5.8675000e+02   3.0025364e+01
   5.8700000e+02   3.0025281e+01
   5.8725000e+02   3.0025198e+01
   5.8750000e+02   3.0025116e+01
   5.8775000e+02   3.0025033e+01
   5.8800000e+02   3.0024952e+01
   5.8825000e+02   3.0024870e+01
   5.8850000e+02   3.0024789e+01
   5.8875000e+02   3.0024708e+01
   5.8900000e+02   3.0024627e+01
   5.8925000e+02   3.0024546e+01
   5.8950000e+02   3.0024466e+01
   5.8975000e+02   3.0024386e+01
   5.9000000e+02   3.0024306e+01
   5.9025000e+02   3.0024227e+01
   5.9050000e+02   3.0024147e+01
   5.9075000e+02   3.0024068e+01
   5.9100000e+02   3.0023990e+01
   5.9125000e+02   3.0023911e+01
   5.9150000e+02   3.0023833e+01
   5.9175000e+02   3.0023755e+01
   5.9200000e+02   3.0023677e+01
   5.9225000e+02   3.0023600e+01
   5.9250000e+02   3.0023523e+01
   5.9275000e+02   3.0023446e+01
   5.9300000e+02   3.0023369e+01
   5.9325000e+02   3.0023293e+01
   5.9350000e+02   3.0023217e+01
   5.9375000e+02   3.0023141e+01
   5.9400000e+02   3.0023065e+01
   5.9425000e+02   3.0022990e+01
   5.9450000e+02   3.0022914e+01
   5.9475000e+02   3.0022839e+01
   5.9500000e+02   3.0022765e+01
   5.9525000e+02   3.0022690e+01
   5.9550000e+02   3.0022616e+01
   5.9575000e+02   3.0022542e+01
   5.9600000e+02   3.0022468e+01
   5.9625000e+02   3.0022395e+01
   5.9650000e+02   3.0022322e+01
   5.9675000e+02   3.0022249e+01
   5.9700000e+02   3.0022176e+01
   5.9725000e+02   3.0022103e+01
   5.9750000e+02   3.0022031e+01
   5.9775000e+02   3.0021959e+01
   5.9800000e+02   3.0021887e+01
   5.9825000e+02   3.0021816e+01
   5.9850000e+02   3.0021744e+01
   5.9875000e+02   3.0021673e+01
   5.9900000e+02   3.0021602e+01
   5.9925000e+02   3.0021532e+01
   5.9950000e+02   3.0021461e+01
   5.9975000e+02   3.0021391e+01
   6.0000000e+02   3.0021321e+01
